#..\..\..\Net100seed42.net EPdeltaInput0.5-Epoch3.train 42
#Top pat = 5
 -2.4000
 -1.6000
 -0.0000
  0.0000
  1.4000
  1.8000
  4.8000
  5.4000
  5.6000
  6.2000
  7.2000
  7.2000
  9.0000
 11.0000
 11.0000
 12.0000
 12.6000
 12.6000
 13.4000
 13.4000
 14.4000
 14.6000
 14.8000
 14.8000
 14.8000
 15.0000
 15.0000
 15.0000
 15.0000
 15.8000
 15.8000
 15.8000
 15.8000
 16.0000
 16.2000
 16.4000
 17.2000
 17.2000
 17.4000
 17.4000
 17.4000
 17.4000
 17.4000
 17.6000
 17.6000
 17.8000
 18.2000
 18.2000
 18.2000
 18.2000
 18.8000
 18.8000
 19.2000
 19.4000
 19.6000
 19.8000
 19.8000
 19.8000
 19.8000
 19.8000
 19.8000
 19.8000
 20.6000
 20.6000
 20.6000
 20.8000
 20.8000
 21.2000
 21.4000
 21.8000
 22.2000
 22.2000
 22.2000
 22.2000
 23.0000
 23.0000
 23.0000
 23.0000
 23.0000
 23.6000
 24.0000
 24.0000
 24.4000
 24.6000
 24.6000
 24.6000
 24.6000
 24.8000
 24.8000
 25.4000
 25.4000
 25.4000
 25.4000
 25.4000
 25.4000
 26.4000
 26.8000
 28.4000
 29.2000
 39.6000


