#..\..\..\Net100seed42.net EPdeltaInput0.5-Epoch3.train 42
#Top pat = 5
  0.2000
  0.8000
  1.6000
  1.6000
  1.6000
  2.2000
  3.2000
  3.4000
  5.8000
  7.2000
  8.0000
  8.0000
  8.6000
  9.0000
  9.0000
  9.6000
  9.8000
 11.4000
 12.0000
 12.4000
 12.4000
 12.4000
 12.6000
 13.2000
 13.8000
 13.8000
 14.6000
 14.6000
 14.6000
 14.6000
 14.6000
 14.6000
 14.6000
 14.6000
 15.0000
 15.4000
 15.4000
 15.4000
 15.4000
 15.4000
 15.4000
 15.4000
 15.8000
 16.0000
 16.2000
 16.2000
 16.8000
 17.2000
 17.2000
 17.6000
 17.6000
 18.0000
 18.0000
 18.0000
 18.2000
 18.4000
 18.4000
 18.8000
 19.0000
 19.4000
 19.4000
 20.2000
 20.2000
 20.2000
 20.2000
 20.2000
 20.2000
 20.2000
 20.2000
 21.0000
 21.0000
 21.0000
 21.0000
 21.0000
 21.0000
 21.0000
 21.0000
 21.6000
 21.6000
 21.8000
 21.8000
 21.8000
 21.8000
 23.4000
 23.4000
 23.6000
 23.6000
 24.0000
 24.0000
 25.2000
 25.8000
 25.8000
 25.8000
 25.8000
 25.8000
 25.8000
 26.0000
 26.4000
 26.8000
 34.8000


