#..\..\..\Net100seed42.net EPdeltaInput0.5-Epoch3.train 42
#Top pat = 5
-23.2000
-20.8000
-20.6000
-20.6000
-20.6000
-20.4000
-20.0000
-19.8000
-19.8000
-19.8000
-19.8000
-19.8000
-19.2000
-19.0000
-19.0000
-19.0000
-19.0000
-19.0000
-19.0000
-18.8000
-18.4000
-18.2000
-17.2000
-17.2000
-17.0000
-15.4000
-13.4000
-13.4000
-13.4000
-13.4000
-12.8000
-12.8000
-12.8000
-12.6000
-12.6000
-12.6000
-12.6000
-12.4000
-11.6000
-11.0000
-11.0000
-11.0000
-11.0000
-11.0000
-11.0000
-10.0000
 -4.0000
 -4.0000
 -2.6000
 -2.2000
 -2.2000
 -1.6000
  0.2000
  3.2000
  3.4000
  4.0000
  4.2000
 11.8000
 11.8000
 11.8000
 11.8000
 12.0000
 12.0000
 13.2000
 13.4000
 13.4000
 13.4000
 13.4000
 13.4000
 14.8000
 15.8000
 15.8000
 16.4000
 16.4000
 16.6000
 17.4000
 18.2000
 18.2000
 18.4000
 18.8000
 18.8000
 19.0000
 19.0000
 19.0000
 19.2000
 19.2000
 19.2000
 19.8000
 20.0000
 20.4000
 20.4000
 20.6000
 20.6000
 20.6000
 20.6000
 20.8000
 27.6000
 28.6000
 32.2000
 36.6000


