#..\..\..\Net100seed42.net EPdeltaInput0.5-Epoch3.train 42
#Top pat = 5
-25.2000
-23.6000
-21.8000
-21.8000
-21.8000
-21.8000
-21.0000
-21.0000
-21.0000
-20.8000
-20.0000
-20.0000
-19.4000
-19.4000
-19.4000
-19.4000
-18.6000
-18.6000
-18.6000
-18.6000
-18.6000
-18.6000
-18.4000
-18.4000
-18.0000
-16.4000
-16.2000
-16.2000
-16.0000
-15.6000
-13.8000
-13.4000
-13.4000
-12.4000
-12.2000
-11.4000
-11.4000
 -9.8000
 -8.2000
 -6.8000
 -6.6000
 -6.2000
 -5.0000
 -3.2000
 -2.4000
 -1.8000
 -1.4000
 -1.0000
  0.0000
 -0.0000
  2.4000
  3.2000
  4.4000
  5.0000
  5.6000
  9.8000
 11.2000
 12.4000
 12.4000
 13.2000
 13.6000
 13.6000
 13.8000
 13.8000
 13.8000
 14.0000
 14.6000
 14.6000
 14.6000
 14.8000
 15.2000
 15.8000
 16.0000
 16.2000
 16.4000
 17.0000
 17.0000
 18.4000
 18.6000
 19.4000
 19.4000
 19.6000
 20.0000
 20.4000
 21.0000
 21.0000
 21.4000
 21.4000
 21.8000
 21.8000
 23.4000
 23.4000
 23.4000
 24.2000
 24.2000
 25.8000
 25.8000
 25.8000
 25.8000
 26.4000


