#..\..\..\Net100seed42.net EPdeltaInput0.5-Epoch3.train 42
#Top pat = 5
-30.2000
-30.2000
-29.6000
-27.0000
-27.0000
-24.4000
-21.2000
-20.6000
-19.6000
-17.6000
-16.8000
-16.6000
-16.6000
-16.6000
-16.2000
-16.0000
-15.6000
-14.4000
-13.0000
-12.6000
 -8.6000
 -7.8000
 -7.8000
 -7.6000
 -7.2000
 -7.2000
 -7.0000
 -7.0000
 -6.8000
 -6.8000
 -5.6000
 -5.4000
 -5.4000
 -5.4000
 -5.4000
 -4.8000
 -4.0000
 -4.0000
 -4.0000
 -3.8000
 -3.8000
 -3.8000
 -3.0000
 -3.0000
 -2.2000
 -2.0000
  0.6000
  2.2000
  2.2000
  2.4000
  3.0000
  3.0000
  3.6000
  3.8000
  3.8000
  4.0000
  4.6000
  5.2000
  5.6000
  5.8000
  6.2000
  6.4000
  6.4000
  6.8000
  6.8000
  7.2000
  7.8000
  7.8000
  7.8000
  7.8000
  7.8000
  9.8000
 11.4000
 13.4000
 13.4000
 13.4000
 15.0000
 15.0000
 15.6000
 15.6000
 16.0000
 16.6000
 16.6000
 17.6000
 18.0000
 18.2000
 18.2000
 18.8000
 24.2000
 25.4000
 25.4000
 25.4000
 25.4000
 27.0000
 28.2000
 28.6000
 28.6000
 28.6000
 30.2000
 31.2000


