#..\..\..\Net100seed42.net EPdeltaInput0.5-Epoch3.train 42
#Top pat = 5
-26.4000
-25.2000
-25.2000
-23.8000
-23.8000
-23.8000
-23.8000
-22.8000
-22.4000
-22.4000
-22.4000
-21.4000
-20.0000
-20.0000
-18.4000
-18.2000
-18.2000
-18.2000
-18.2000
-18.2000
-17.2000
-17.2000
-15.8000
-15.8000
-14.4000
-14.4000
-14.2000
-13.4000
-13.4000
-12.2000
-12.0000
-12.0000
-12.0000
-11.8000
-10.2000
-10.2000
 -8.4000
 -8.0000
 -7.8000
 -7.4000
 -6.0000
 -4.6000
 -0.6000
 -0.6000
  0.4000
  2.2000
  4.6000
  6.0000
  6.0000
  7.4000
  7.8000
  7.8000
  8.4000
  8.4000
  8.4000
 10.2000
 10.2000
 10.2000
 14.4000
 14.4000
 14.4000
 15.8000
 15.8000
 15.8000
 15.8000
 15.8000
 15.8000
 15.8000
 15.8000
 15.8000
 15.8000
 15.8000
 16.0000
 17.0000
 18.2000
 18.2000
 18.2000
 18.2000
 18.2000
 18.2000
 18.2000
 18.2000
 18.2000
 18.4000
 19.6000
 20.0000
 20.2000
 21.2000
 21.4000
 22.4000
 22.4000
 22.6000
 23.8000
 23.8000
 26.2000
 26.2000
 26.2000
 26.2000
 30.0000
 31.4000


