#..\..\Net100seed42.net EPdeltaNoNoise5-Epoch3.train 42
#Top pat = 5
  0.0000
  0.0000
  0.0000
  2.4000
  2.4000
  2.4000
  4.0000
  4.0000
  4.0000
  4.0000
  4.2000
  4.2000
  4.2000
  4.2000
  5.4000
  7.2000
  7.2000
  9.0000
  9.0000
  9.0000
  9.0000
  9.0000
 11.0000
 11.0000
 11.0000
 11.0000
 12.0000
 12.0000
 12.0000
 12.0000
 12.8000
 12.8000
 12.8000
 12.8000
 12.8000
 13.0000
 13.0000
 13.0000
 13.0000
 13.0000
 13.0000
 13.8000
 13.8000
 13.8000
 13.8000
 13.8000
 13.8000
 13.8000
 13.8000
 13.8000
 14.2000
 14.2000
 14.2000
 14.2000
 15.2000
 15.2000
 15.2000
 15.2000
 15.2000
 15.2000
 15.2000
 15.2000
 15.2000
 17.2000
 17.2000
 17.2000
 17.2000
 17.2000
 18.8000
 18.8000
 18.8000
 18.8000
 19.0000
 19.0000
 19.0000
 19.0000
 19.0000
 19.0000
 19.0000
 19.0000
 19.0000
 20.8000
 20.8000
 20.8000
 20.8000
 20.8000
 20.8000
 20.8000
 20.8000
 20.8000
 21.4000
 21.4000
 21.4000
 21.4000
 22.6000
 22.6000
 23.2000
 23.2000
 23.2000
 23.2000


