#..\..\Net100seed42.net EPdeltaNoNoise5-Epoch3.train 42
#Top pat = 5
-17.8000
-17.8000
-17.8000
-17.8000
-17.8000
-17.8000
-17.2000
-17.2000
-17.2000
-17.2000
-16.6000
-16.6000
-16.6000
-16.6000
-16.6000
-16.4000
-16.4000
-16.0000
-16.0000
-16.0000
-15.2000
-15.2000
-15.2000
-14.6000
-14.6000
-14.6000
-14.6000
-14.6000
-14.0000
-13.4000
-13.4000
-13.4000
-12.6000
-12.6000
-12.0000
-12.0000
 -6.2000
 -6.2000
 -6.2000
 -6.2000
 -5.6000
 -5.6000
 -5.6000
 -4.8000
 -4.8000
 -4.8000
 -3.2000
 -3.2000
 -3.2000
  0.0000
  0.0000
  0.0000
  1.0000
  1.0000
  1.0000
  1.0000
  1.0000
  2.6000
  2.6000
  2.6000
  2.6000
  3.2000
  3.4000
  3.4000
  3.4000
  3.4000
  3.4000
  3.4000
  4.8000
  4.8000
  4.8000
  4.8000
  4.8000
  4.8000
  5.6000
  5.6000
  5.6000
  5.6000
  5.6000
  5.6000
  5.6000
  5.6000
  5.6000
 11.0000
 12.6000
 12.6000
 13.4000
 13.6000
 13.6000
 13.6000
 13.6000
 14.0000
 14.0000
 15.2000
 16.0000
 16.0000
 16.6000
 16.6000
 16.6000
 16.6000


