#..\..\Net100seed42.net EPdeltaNoNoise5-Epoch3.train 42
#Top pat = 5
-27.2000
-27.2000
-27.2000
-25.0000
-25.0000
-23.4000
-23.4000
-23.4000
-23.4000
-23.4000
-21.2000
-19.8000
-19.8000
-19.8000
-19.8000
-19.8000
-19.8000
-19.8000
-17.6000
-17.6000
-17.6000
-17.6000
-17.6000
-17.6000
-17.6000
-17.6000
-16.4000
-16.4000
-12.6000
-12.6000
-12.6000
-12.6000
-12.6000
-12.6000
-11.8000
-11.8000
-11.8000
-11.8000
-11.8000
 -9.6000
 -8.6000
 -8.6000
 -8.6000
 -8.6000
 -6.4000
 -6.4000
 -6.4000
 -4.0000
 -4.0000
 -4.0000
 -4.0000
 -4.0000
 -4.0000
 -1.8000
 -1.8000
 -1.8000
 -0.2000
 -0.2000
 -0.2000
 -0.2000
  0.0000
  0.0000
  0.0000
  1.8000
  2.2000
  2.2000
  2.2000
  2.2000
  4.0000
  4.0000
  4.0000
  4.0000
  4.0000
  4.0000
  4.0000
  4.0000
  5.2000
  5.2000
  5.2000
  5.2000
  9.6000
  9.6000
  9.6000
  9.8000
 12.0000
 12.0000
 12.0000
 12.0000
 17.6000
 17.6000
 17.6000
 21.2000
 21.2000
 23.4000
 23.4000
 23.4000
 23.4000
 25.0000
 25.0000
 27.2000


