#..\..\Net100seed42.net EPdeltaNoNoise5-Epoch3.train 42
#Top pat = 5
-27.2000
-27.2000
-27.2000
-25.4000
-25.4000
-23.4000
-23.4000
-21.6000
-21.6000
-21.6000
-21.6000
-21.6000
-21.6000
-20.4000
-20.4000
-19.8000
-19.8000
-19.8000
-19.8000
-19.8000
-18.0000
-16.2000
-16.2000
-16.2000
-16.2000
-16.2000
-14.4000
-14.4000
-14.4000
-14.4000
-14.4000
-13.0000
-13.0000
-13.0000
-13.0000
-13.0000
-13.0000
-10.2000
 -8.8000
 -8.8000
 -8.2000
 -8.2000
 -8.2000
 -8.2000
 -8.2000
 -7.0000
 -7.0000
 -7.0000
 -7.0000
 -6.4000
 -5.0000
 -5.0000
 -5.0000
 -5.0000
 -3.2000
 -3.2000
 -3.2000
  0.0000
  0.0000
  0.0000
  3.0000
  4.8000
  4.8000
  4.8000
  4.8000
  6.4000
  6.4000
  6.4000
  8.8000
  8.8000
  8.8000
 10.2000
 10.2000
 10.2000
 13.0000
 13.0000
 13.0000
 13.0000
 14.4000
 14.4000
 14.4000
 14.4000
 14.4000
 14.4000
 15.6000
 15.6000
 15.6000
 15.6000
 18.0000
 18.0000
 19.8000
 19.8000
 19.8000
 19.8000
 21.6000
 21.6000
 21.6000
 25.4000
 25.4000
 27.2000


