#..\..\Net100seed42.net EPdeltaNoNoise5-Epoch2.train 42
#Top pat = 5
  0.0000
  0.0000
  0.0000
  0.6000
  0.8000
  0.8000
  0.8000
  0.8000
  2.4000
  2.4000
  2.4000
  5.8000
  5.8000
  5.8000
  5.8000
  8.0000
  8.0000
  8.0000
  8.0000
  8.8000
  9.4000
  9.4000
  9.4000
  9.4000
  9.6000
  9.6000
  9.6000
  9.6000
  9.6000
 10.4000
 10.4000
 11.4000
 11.4000
 11.4000
 11.4000
 11.4000
 11.4000
 12.2000
 12.2000
 12.2000
 12.2000
 12.2000
 12.2000
 12.2000
 12.2000
 12.2000
 12.6000
 12.6000
 12.6000
 12.6000
 13.8000
 13.8000
 13.8000
 13.8000
 13.8000
 15.0000
 15.0000
 15.0000
 15.2000
 15.2000
 15.2000
 15.2000
 15.2000
 15.2000
 15.2000
 15.2000
 15.2000
 17.2000
 17.2000
 17.2000
 17.2000
 17.2000
 18.8000
 18.8000
 18.8000
 18.8000
 20.6000
 20.6000
 20.6000
 20.6000
 20.6000
 20.8000
 20.8000
 20.8000
 20.8000
 20.8000
 20.8000
 20.8000
 20.8000
 20.8000
 23.0000
 23.0000
 23.0000
 23.0000
 24.2000
 24.2000
 26.4000
 26.4000
 26.4000
 26.4000


