#..\..\Net100seed42.net EPdeltaNoNoise5-Epoch2.train 42
#Top pat = 5
  0.0000
  0.0000
  0.0000
  2.8000
  2.8000
  4.2000
  4.2000
  4.2000
  4.2000
  4.2000
  4.2000
  6.8000
  6.8000
  6.8000
  6.8000
 11.4000
 11.4000
 13.6000
 13.6000
 13.6000
 13.6000
 13.8000
 13.8000
 13.8000
 13.8000
 13.8000
 13.8000
 13.8000
 13.8000
 13.8000
 14.4000
 14.4000
 14.4000
 14.4000
 14.4000
 14.4000
 14.4000
 14.4000
 14.4000
 14.6000
 14.6000
 14.6000
 14.6000
 14.6000
 15.0000
 15.0000
 15.0000
 15.0000
 15.0000
 15.2000
 15.2000
 15.2000
 15.2000
 15.4000
 15.4000
 15.4000
 15.4000
 15.8000
 15.8000
 15.8000
 16.0000
 16.0000
 16.0000
 16.0000
 16.6000
 16.6000
 16.6000
 16.6000
 16.8000
 16.8000
 16.8000
 16.8000
 17.4000
 17.4000
 17.4000
 17.4000
 17.6000
 17.6000
 17.6000
 17.6000
 17.6000
 17.6000
 17.6000
 18.0000
 18.0000
 18.0000
 18.2000
 18.4000
 18.4000
 18.4000
 18.4000
 18.4000
 18.4000
 18.4000
 18.4000
 18.4000
 20.6000
 20.6000
 20.6000
 20.6000


