#..\..\Net100seed42.net EPdeltaNoNoise5-Epoch2.train 42
#Top pat = 5
-19.4000
-18.4000
-18.4000
-18.4000
-18.0000
-18.0000
-17.6000
-17.6000
-17.0000
-17.0000
-17.0000
-16.2000
-16.2000
-16.2000
-16.2000
-16.0000
-16.0000
-16.0000
-16.0000
-15.4000
-15.4000
-14.6000
-14.4000
-14.4000
-14.4000
-13.6000
-12.8000
-12.8000
-12.8000
-12.8000
  0.0000
  0.0000
  0.0000
  0.4000
  0.4000
  3.0000
  3.0000
  3.0000
  3.0000
  3.0000
  3.0000
  4.4000
  4.4000
  4.4000
  4.4000
 12.6000
 12.6000
 13.4000
 13.4000
 13.4000
 13.4000
 13.4000
 13.6000
 13.6000
 13.6000
 14.4000
 14.4000
 14.4000
 14.4000
 14.4000
 14.4000
 15.0000
 15.0000
 15.0000
 15.0000
 15.2000
 15.2000
 15.4000
 15.4000
 16.2000
 16.2000
 16.2000
 16.2000
 16.2000
 16.6000
 16.6000
 16.6000
 16.6000
 16.8000
 16.8000
 16.8000
 17.4000
 17.4000
 17.4000
 17.4000
 17.4000
 17.6000
 17.6000
 17.6000
 18.0000
 18.4000
 18.4000
 18.4000
 18.4000
 18.4000
 18.4000
 19.2000
 19.4000
 19.4000
 19.4000


