#..\..\Net100seed42.net EPdeltaNoNoise5-Epoch2.train 42
#Top pat = 5
-21.6000
-21.6000
-21.6000
-21.0000
-21.0000
-21.0000
-21.0000
-19.8000
-19.8000
-19.8000
-19.2000
-19.2000
-19.2000
-19.2000
-19.2000
-19.2000
-17.2000
-17.2000
-17.2000
-17.2000
-16.8000
-16.8000
-16.8000
-16.6000
-16.6000
-16.6000
-15.8000
-15.8000
-15.6000
-15.6000
-14.4000
 -2.6000
 -2.6000
 -2.6000
 -2.6000
 -2.6000
 -2.6000
 -2.6000
 -2.6000
 -2.6000
 -0.8000
 -0.8000
 -0.8000
 -0.8000
 -0.8000
  0.0000
  0.0000
  0.0000
  3.2000
  3.2000
  3.2000
  3.2000
 14.2000
 14.2000
 14.2000
 14.2000
 14.2000
 14.4000
 14.4000
 14.4000
 14.6000
 14.6000
 14.6000
 14.6000
 14.6000
 15.4000
 15.4000
 15.6000
 15.8000
 15.8000
 16.0000
 16.8000
 16.8000
 16.8000
 16.8000
 16.8000
 16.8000
 18.6000
 18.6000
 18.6000
 18.6000
 18.6000
 18.6000
 18.8000
 18.8000
 19.0000
 19.0000
 19.0000
 19.0000
 19.0000
 19.2000
 19.2000
 19.2000
 19.8000
 20.8000
 20.8000
 20.8000
 20.8000
 21.6000
 21.6000


