#..\..\Net100seed42.net EPdeltaNoNoise5-Epoch2.train 42
#Top pat = 5
-17.2000
-17.2000
-17.0000
-17.0000
-17.0000
-17.0000
-17.0000
-17.0000
-16.8000
-16.8000
-16.8000
-16.8000
-16.8000
-16.8000
-16.8000
-16.8000
-16.8000
-16.4000
-16.4000
-16.4000
-16.4000
-16.0000
-16.0000
-16.0000
-16.0000
-16.0000
-16.0000
-16.0000
-14.4000
-14.4000
-14.2000
-14.2000
-14.0000
-13.4000
-13.4000
-13.4000
 -4.8000
 -4.8000
 -4.8000
 -4.8000
 -4.8000
 -4.8000
 -4.0000
 -4.0000
 -4.0000
 -4.0000
 -4.0000
  0.0000
  0.0000
  0.0000
  1.8000
  1.8000
  2.6000
  2.6000
  2.6000
  2.6000
  2.6000
  2.6000
  2.6000
  2.6000
  2.6000
  2.6000
  2.6000
  2.6000
  2.6000
  4.0000
  4.0000
  4.0000
  4.2000
  4.2000
  4.2000
  4.2000
  4.2000
  4.6000
  4.6000
  4.6000
  4.6000
  4.6000
  4.8000
  4.8000
  4.8000
 13.4000
 14.0000
 14.0000
 14.2000
 14.2000
 14.2000
 16.0000
 16.0000
 16.0000
 16.6000
 16.6000
 16.6000
 16.6000
 16.6000
 16.6000
 16.6000
 16.8000
 16.8000
 16.8000


