0 ......... 0 0 18.000000 
0 ........# 1 0 10.000000 
0 .......## 2 0 -15.333333 
0 .......#. 3 0 -7.333333 
0 ......##. 4 0 -6.000000 
0 ......### 5 0 -14.000000 
0 ......#.# 6 0 3.333333 
0 ......#.. 7 0 11.333333 
0 .....##.. 8 0 11.333333 
0 .....##.# 9 0 -12.666667 
0 .....#### 10 0 -22.000000 
0 .....###. 11 0 2.000000 
0 .....#.#. 12 0 8.666667 
0 .....#.## 13 0 -15.333333 
0 .....#..# 14 0 2.000000 
0 .....#... 15 0 26.000000 
0 ....##... 16 0 20.666667 
0 ....##..# 17 0 12.666667 
0 ....##.## 18 0 3.333333 
0 ....##.#. 19 0 11.333333 
0 ....####. 20 0 12.666667 
0 ....##### 21 0 4.666667 

0 ....###.# 0 1 6.000000 
0 ....###.. 1 1 14.000000 
0 ....#.#.. 2 1 6.000000 
0 ....#.#.# 3 1 14.000000 
0 ....#.### 4 1 4.666667 
0 ....#.##. 5 1 -3.333333 
0 ....#..#. 6 1 -12.666667 
0 ....#..## 7 1 -4.666667 
0 ....#...# 8 1 12.666667 
0 ....#.... 9 1 4.666667 
0 ...##.... 10 1 0.666667 
0 ...##...# 11 1 8.666667 
0 ...##..## 12 1 15.333333 
0 ...##..#. 13 1 7.333333 
0 ...##.##. 14 1 8.666667 
0 ...##.### 15 1 16.666667 
0 ...##.#.# 16 1 2.000000 
0 ...##.#.. 17 1 -6.000000 
0 ...####.. 18 1 -8.666667 
0 ...####.# 19 1 -16.666667 
0 ...###### 20 1 6.000000 
0 ...#####. 21 1 14.000000 

0 ...###.#. 0 2 20.666667 
0 ...###.## 1 2 12.666667 
0 ...###..# 2 2 -2.000000 
0 ...###... 3 2 6.000000 
0 ...#.#... 4 2 11.333333 
0 ...#.#..# 5 2 -12.666667 
0 ...#.#.## 6 2 -6.000000 
0 ...#.#.#. 7 2 18.000000 
0 ...#.###. 8 2 3.333333 
0 ...#.#### 9 2 -20.666667 
0 ...#.##.# 10 2 -35.333333 
0 ...#.##.. 11 2 -11.333333 
0 ...#..#.. 12 2 -0.666667 
0 ...#..#.# 13 2 -8.666667 
0 ...#..### 14 2 -2.000000 
0 ...#..##. 15 2 6.000000 
0 ...#...#. 16 2 12.666667 
0 ...#...## 17 2 4.666667 
0 ...#....# 18 2 6.000000 
0 ...#..... 19 2 14.000000 
0 ..##..... 20 2 -6.000000 
0 ..##....# 21 2 -14.000000 

0 ..##...## 0 3 -7.333333 
0 ..##...#. 1 3 0.666667 
0 ..##..##. 2 3 -14.000000 
0 ..##..### 3 3 -22.000000 
0 ..##..#.# 4 3 -36.666667 
0 ..##..#.. 5 3 -28.666667 
0 ..##.##.. 6 3 -36.666667 
1 ..##.##.# 7 3 -60.666667 
0 ..##.#### 8 3 -38.000000 
0 ..##.###. 9 3 -14.000000 
0 ..##.#.#. 10 3 8.666667 
0 ..##.#.## 11 3 -15.333333 
0 ..##.#..# 12 3 -30.000000 
0 ..##.#... 13 3 -6.000000 
0 ..####... 14 3 2.000000 
0 ..####..# 15 3 -6.000000 
0 ..####.## 16 3 16.666667 
0 ..####.#. 17 3 24.666667 
0 ..######. 18 3 10.000000 
0 ..####### 19 3 2.000000 
0 ..#####.# 20 3 -28.666667 
0 ..#####.. 21 3 -20.666667 

0 ..###.#.. 0 4 -20.666667 
0 ..###.#.# 1 4 -12.666667 
0 ..###.### 2 4 10.000000 
0 ..###.##. 3 4 2.000000 
0 ..###..#. 4 4 8.666667 
0 ..###..## 5 4 16.666667 
0 ..###...# 6 4 2.000000 
0 ..###.... 7 4 -6.000000 
0 ..#.#.... 8 4 0.666667 
0 ..#.#...# 9 4 8.666667 
0 ..#.#..## 10 4 -0.666667 
0 ..#.#..#. 11 4 -8.666667 
0 ..#.#.##. 12 4 -7.333333 
0 ..#.#.### 13 4 0.666667 
0 ..#.#.#.# 14 4 2.000000 
0 ..#.#.#.. 15 4 -6.000000 
0 ..#.###.. 16 4 4.666667 
0 ..#.###.# 17 4 -3.333333 
0 ..#.##### 18 4 3.333333 
0 ..#.####. 19 4 11.333333 
0 ..#.##.#. 20 4 18.000000 
0 ..#.##.## 21 4 10.000000 

0 ..#.##..# 0 5 11.333333 
0 ..#.##... 1 5 19.333333 
0 ..#..#... 2 5 11.333333 
0 ..#..#..# 3 5 -12.666667 
0 ..#..#.## 4 5 -22.000000 
0 ..#..#.#. 5 5 2.000000 
0 ..#..###. 6 5 -12.666667 
0 ..#..#### 7 5 -36.666667 
0 ..#..##.# 8 5 -35.333333 
0 ..#..##.. 9 5 -11.333333 
0 ..#...#.. 10 5 -14.000000 
0 ..#...#.# 11 5 -22.000000 
0 ..#...### 12 5 -31.333333 
0 ..#...##. 13 5 -23.333333 
0 ..#....#. 14 5 -16.666667 
0 ..#....## 15 5 -24.666667 
0 ..#.....# 16 5 -7.333333 
0 ..#...... 17 5 0.666667 
0 .##...... 18 5 0.666667 
0 .##.....# 19 5 8.666667 
0 .##....## 20 5 -3.333333 
0 .##....#. 21 5 -11.333333 

0 .##...##. 0 6 -7.333333 
0 .##...### 1 6 0.666667 
0 .##...#.# 2 6 4.666667 
0 .##...#.. 3 6 -3.333333 
0 .##..##.. 4 6 4.666667 
0 .##..##.# 5 6 -3.333333 
0 .##..#### 6 6 0.666667 
0 .##..###. 7 6 8.666667 
0 .##..#.#. 8 6 12.666667 
0 .##..#.## 9 6 4.666667 
0 .##..#..# 10 6 8.666667 
0 .##..#... 11 6 16.666667 
0 .##.##... 12 6 8.666667 
0 .##.##..# 13 6 16.666667 
0 .##.##.## 14 6 20.666667 
0 .##.##.#. 15 6 12.666667 
0 .##.####. 16 6 16.666667 
0 .##.##### 17 6 24.666667 
0 .##.###.# 18 6 12.666667 
0 .##.###.. 19 6 4.666667 
0 .##.#.#.. 20 6 -11.333333 
0 .##.#.#.# 21 6 12.666667 

0 .##.#.### 0 7 16.666667 
0 .##.#.##. 1 7 -7.333333 
0 .##.#..#. 2 7 -19.333333 
0 .##.#..## 3 7 4.666667 
0 .##.#...# 4 7 8.666667 
0 .##.#.... 5 7 -15.333333 
0 .####.... 6 7 -22.000000 
0 .####...# 7 7 2.000000 
0 .####..## 8 7 22.000000 
0 .####..#. 9 7 -2.000000 
0 .####.##. 10 7 2.000000 
0 .####.### 11 7 26.000000 
0 .####.#.# 12 7 -2.000000 
1 .####.#.. 13 7 -26.000000 
0 .######.. 14 7 -20.666667 
0 .######.# 15 7 -12.666667 
0 .######## 16 7 23.333333 
0 .#######. 17 7 15.333333 
0 .#####.#. 18 7 19.333333 
0 .#####.## 19 7 27.333333 
0 .#####..# 20 7 -0.666667 
0 .#####... 21 7 -8.666667 

0 .###.#... 0 8 -0.666667 
0 .###.#..# 1 8 -8.666667 
0 .###.#.## 2 8 11.333333 
0 .###.#.#. 3 8 19.333333 
0 .###.###. 4 8 7.333333 
0 .###.#### 5 8 -0.666667 
0 .###.##.# 6 8 -28.666667 
0 .###.##.. 7 8 -20.666667 
0 .###..#.. 8 8 -18.000000 
0 .###..#.# 9 8 -10.000000 
0 .###..### 10 8 10.000000 
0 .###..##. 11 8 2.000000 
0 .###...#. 12 8 6.000000 
0 .###...## 13 8 14.000000 
0 .###....# 14 8 2.000000 
0 .###..... 15 8 -6.000000 
0 .#.#..... 16 8 3.333333 
0 .#.#....# 17 8 11.333333 
0 .#.#...## 18 8 15.333333 
0 .#.#...#. 19 8 7.333333 
0 .#.#..##. 20 8 11.333333 
0 .#.#..### 21 8 19.333333 

0 .#.#..#.# 0 9 7.333333 
0 .#.#..#.. 1 9 -0.666667 
0 .#.#.##.. 2 9 -6.000000 
0 .#.#.##.# 3 9 -14.000000 
0 .#.#.#### 4 9 6.000000 
0 .#.#.###. 5 9 14.000000 
0 .#.#.#.#. 6 9 18.000000 
0 .#.#.#.## 7 9 10.000000 
0 .#.#.#..# 8 9 -2.000000 
0 .#.#.#... 9 9 6.000000 
0 .#.###... 10 9 -15.333333 
0 .#.###..# 11 9 -7.333333 
0 .#.###.## 12 9 12.666667 
0 .#.###.#. 13 9 4.666667 
0 .#.#####. 14 9 8.666667 
0 .#.###### 15 9 16.666667 
0 .#.####.# 16 9 -11.333333 
0 .#.####.. 17 9 -19.333333 
0 .#.##.#.. 18 9 -22.000000 
0 .#.##.#.# 19 9 2.000000 
0 .#.##.### 20 9 22.000000 
0 .#.##.##. 21 9 -2.000000 

0 .#.##..#. 0 10 -14.000000 
0 .#.##..## 1 10 10.000000 
0 .#.##...# 2 10 -2.000000 
0 .#.##.... 3 10 -26.000000 
0 .#..#.... 4 10 -22.000000 
0 .#..#...# 5 10 2.000000 
0 .#..#..## 6 10 -10.000000 
0 .#..#..#. 7 10 -34.000000 
0 .#..#.##. 8 10 -14.000000 
0 .#..#.### 9 10 10.000000 
0 .#..#.#.# 10 10 14.000000 
0 .#..#.#.. 11 10 -10.000000 
0 .#..###.. 12 10 3.333333 
0 .#..###.# 13 10 11.333333 
0 .#..##### 14 10 15.333333 
0 .#..####. 15 10 7.333333 
0 .#..##.#. 16 10 -4.666667 
0 .#..##.## 17 10 3.333333 
0 .#..##..# 18 10 7.333333 
0 .#..##... 19 10 -0.666667 
0 .#...#... 20 10 20.666667 
0 .#...#..# 21 10 12.666667 

0 .#...#.## 0 11 0.666667 
0 .#...#.#. 1 11 8.666667 
0 .#...###. 2 11 12.666667 
0 .#...#### 3 11 4.666667 
0 .#...##.# 4 11 8.666667 
0 .#...##.. 5 11 16.666667 
0 .#....#.. 6 11 11.333333 
0 .#....#.# 7 11 19.333333 
0 .#....### 8 11 7.333333 
0 .#....##. 9 11 -0.666667 
0 .#.....#. 10 11 -12.666667 
0 .#.....## 11 11 -4.666667 
0 .#......# 12 11 15.333333 
0 .#....... 13 11 7.333333 
0 ##....... 14 11 2.000000 
0 ##......# 15 11 10.000000 
0 ##.....## 16 11 -20.666667 
0 ##.....#. 17 11 -28.666667 
0 ##....##. 18 11 -6.000000 
0 ##....### 19 11 2.000000 
0 ##....#.# 20 11 24.666667 
0 ##....#.. 21 11 16.666667 

0 ##...##.. 0 12 16.666667 
0 ##...##.# 1 12 8.666667 
0 ##...#### 2 12 -6.000000 
0 ##...###. 3 12 2.000000 
0 ##...#.#. 4 12 -12.666667 
0 ##...#.## 5 12 -20.666667 
0 ##...#..# 6 12 2.000000 
0 ##...#... 7 12 10.000000 
0 ##..##... 8 12 -22.000000 
0 ##..##..# 9 12 -14.000000 
0 ##..##.## 10 12 -28.666667 
0 ##..##.#. 11 12 -36.666667 
0 ##..####. 12 12 -14.000000 
0 ##..##### 13 12 -6.000000 
0 ##..###.# 14 12 0.666667 
0 ##..###.. 15 12 -7.333333 
0 ##..#.#.. 16 12 -15.333333 
0 ##..#.#.# 17 12 8.666667 
0 ##..#.### 18 12 -6.000000 
0 ##..#.##. 19 12 -30.000000 
1 ##..#..#. 20 12 -60.666667 
0 ##..#..## 21 12 -36.666667 

0 ##..#...# 0 13 -14.000000 
0 ##..#.... 1 13 -38.000000 
0 ##.##.... 2 13 -36.666667 
0 ##.##...# 3 13 -12.666667 
0 ##.##..## 4 13 -11.333333 
0 ##.##..#. 5 13 -35.333333 
0 ##.##.##. 6 13 -12.666667 
0 ##.##.### 7 13 11.333333 
0 ##.##.#.# 8 13 2.000000 
0 ##.##.#.. 9 13 -22.000000 
0 ##.####.. 10 13 -24.666667 
0 ##.####.# 11 13 -16.666667 
0 ##.###### 12 13 0.666667 
0 ##.#####. 13 13 -7.333333 
0 ##.###.#. 14 13 -22.000000 
0 ##.###.## 15 13 -14.000000 
0 ##.###..# 16 13 -23.333333 
0 ##.###... 17 13 -31.333333 
0 ##.#.#... 18 13 0.666667 
0 ##.#.#..# 19 13 -7.333333 
0 ##.#.#.## 20 13 -6.000000 
0 ##.#.#.#. 21 13 2.000000 

0 ##.#.###. 0 14 8.666667 
0 ##.#.#### 1 14 0.666667 
0 ##.#.##.# 2 14 -8.666667 
0 ##.#.##.. 3 14 -0.666667 
0 ##.#..#.. 4 14 10.000000 
0 ##.#..#.# 5 14 18.000000 
0 ##.#..### 6 14 19.333333 
0 ##.#..##. 7 14 11.333333 
0 ##.#...#. 8 14 -3.333333 
0 ##.#...## 9 14 4.666667 
0 ##.#....# 10 14 11.333333 
0 ##.#..... 11 14 3.333333 
0 ####..... 12 14 4.666667 
0 ####....# 13 14 12.666667 
0 ####...## 14 14 14.000000 
0 ####...#. 15 14 6.000000 
0 ####..##. 16 14 12.666667 
0 ####..### 17 14 20.666667 
0 ####..#.# 18 14 11.333333 
0 ####..#.. 19 14 3.333333 
0 ####.##.. 20 14 -4.666667 
0 ####.##.# 21 14 -12.666667 

0 ####.#### 0 15 4.666667 
0 ####.###. 1 15 12.666667 
0 ####.#.#. 2 15 14.000000 
0 ####.#.## 3 15 6.000000 
0 ####.#..# 4 15 -3.333333 
0 ####.#... 5 15 4.666667 
0 ######... 6 15 -14.000000 
0 ######..# 7 15 -6.000000 
0 ######.## 8 15 11.333333 
0 ######.#. 9 15 3.333333 
0 ########. 10 15 10.000000 
0 ######### 11 15 18.000000 
0 #######.# 12 15 -7.333333 
0 #######.. 13 15 -15.333333 
0 #####.#.. 14 15 -15.333333 
0 #####.#.# 15 15 8.666667 
0 #####.### 16 15 26.000000 
0 #####.##. 17 15 2.000000 
0 #####..#. 18 15 -12.666667 
0 #####..## 19 15 11.333333 
0 #####...# 20 15 2.000000 
0 #####.... 21 15 -22.000000 

0 ###.#.... 0 16 -20.666667 
0 ###.#...# 1 16 3.333333 
0 ###.#..## 2 16 -11.333333 
0 ###.#..#. 3 16 -35.333333 
0 ###.#.##. 4 16 -12.666667 
0 ###.#.### 5 16 11.333333 
0 ###.#.#.# 6 16 18.000000 
0 ###.#.#.. 7 16 -6.000000 
0 ###.###.. 8 16 4.666667 
0 ###.###.# 9 16 12.666667 
0 ###.##### 10 16 14.000000 
0 ###.####. 11 16 6.000000 
0 ###.##.#. 12 16 -8.666667 
0 ###.##.## 13 16 -0.666667 
0 ###.##..# 14 16 6.000000 
0 ###.##... 15 16 -2.000000 
0 ###..#... 16 16 16.666667 
0 ###..#..# 17 16 8.666667 
0 ###..#.## 18 16 -6.000000 
0 ###..#.#. 19 16 2.000000 
0 ###..###. 20 16 8.666667 
0 ###..#### 21 16 0.666667 

0 ###..##.# 0 17 7.333333 
0 ###..##.. 1 17 15.333333 
0 ###...#.. 2 17 12.666667 
0 ###...#.# 3 17 20.666667 
0 ###...### 4 17 6.000000 
0 ###...##. 5 17 -2.000000 
0 ###....#. 6 17 -16.666667 
0 ###....## 7 17 -8.666667 
0 ###.....# 8 17 14.000000 
0 ###...... 9 17 6.000000 
0 #.#...... 10 17 16.666667 
0 #.#.....# 11 17 8.666667 
0 #.#....## 12 17 -19.333333 
0 #.#....#. 13 17 -11.333333 
0 #.#...##. 14 17 -7.333333 
0 #.#...### 15 17 -15.333333 
0 #.#...#.# 16 17 4.666667 
0 #.#...#.. 17 17 12.666667 
0 #.#..##.. 18 17 10.000000 
0 #.#..##.# 19 17 -14.000000 
0 #.#..#### 20 17 -26.000000 
0 #.#..###. 21 17 -2.000000 

0 #.#..#.#. 0 18 2.000000 
0 #.#..#.## 1 18 -22.000000 
0 #.#..#..# 2 18 -2.000000 
0 #.#..#... 3 18 22.000000 
0 #.#.##... 4 18 19.333333 
0 #.#.##..# 5 18 11.333333 
0 #.#.##.## 6 18 -0.666667 
0 #.#.##.#. 7 18 7.333333 
0 #.#.####. 8 18 11.333333 
0 #.#.##### 9 18 3.333333 
0 #.#.###.# 10 18 7.333333 
0 #.#.###.. 11 18 15.333333 
0 #.#.#.#.. 12 18 10.000000 
0 #.#.#.#.# 13 18 18.000000 
0 #.#.#.### 14 18 6.000000 
0 #.#.#.##. 15 18 -2.000000 
0 #.#.#..#. 16 18 -14.000000 
0 #.#.#..## 17 18 -6.000000 
0 #.#.#...# 18 18 14.000000 
0 #.#.#.... 19 18 6.000000 
0 #.###.... 20 18 4.666667 
0 #.###...# 21 18 12.666667 

0 #.###..## 0 19 16.666667 
0 #.###..#. 1 19 8.666667 
0 #.###.##. 2 19 12.666667 
0 #.###.### 3 19 20.666667 
0 #.###.#.# 4 19 8.666667 
0 #.###.#.. 5 19 0.666667 
0 #.#####.. 6 19 -4.666667 
0 #.#####.# 7 19 -12.666667 
0 #.####### 8 19 7.333333 
0 #.######. 9 19 15.333333 
0 #.####.#. 10 19 19.333333 
0 #.####.## 11 19 11.333333 
0 #.####..# 12 19 -0.666667 
0 #.####... 13 19 7.333333 
0 #.##.#... 14 19 10.000000 
0 #.##.#..# 15 19 -14.000000 
0 #.##.#.## 16 19 -10.000000 
0 #.##.#.#. 17 19 14.000000 
0 #.##.###. 18 19 2.000000 
0 #.##.#### 19 19 -22.000000 
0 #.##.##.# 20 19 -34.000000 
0 #.##.##.. 21 19 -10.000000 

0 #.##..#.. 0 20 3.333333 
0 #.##..#.# 1 20 -4.666667 
0 #.##..### 2 20 -0.666667 
0 #.##..##. 3 20 7.333333 
0 #.##...#. 4 20 11.333333 
0 #.##...## 5 20 3.333333 
0 #.##....# 6 20 7.333333 
0 #.##..... 7 20 15.333333 
0 #..#..... 8 20 24.666667 
0 #..#....# 9 20 16.666667 
0 #..#...## 10 20 4.666667 
0 #..#...#. 11 20 12.666667 
0 #..#..##. 12 20 16.666667 
0 #..#..### 13 20 8.666667 
0 #..#..#.# 14 20 12.666667 
0 #..#..#.. 15 20 20.666667 
0 #..#.##.. 16 20 4.666667 
0 #..#.##.# 17 20 -19.333333 
0 #..#.#### 18 20 -15.333333 
0 #..#.###. 19 20 8.666667 
0 #..#.#.#. 20 20 12.666667 
0 #..#.#.## 21 20 -11.333333 

0 #..#.#..# 0 21 -7.333333 
0 #..#.#... 1 21 16.666667 
0 #..###... 2 21 0.666667 
0 #..###..# 3 21 -7.333333 
0 #..###.## 4 21 -3.333333 
0 #..###.#. 5 21 4.666667 
0 #..#####. 6 21 8.666667 
0 #..###### 7 21 0.666667 
0 #..####.# 8 21 -11.333333 
0 #..####.. 9 21 -3.333333 
0 #..##.#.. 10 21 4.666667 
0 #..##.#.# 11 21 12.666667 
0 #..##.### 12 21 16.666667 
0 #..##.##. 13 21 8.666667 
0 #..##..#. 14 21 -3.333333 
0 #..##..## 15 21 4.666667 
0 #..##...# 16 21 8.666667 
0 #..##.... 17 21 0.666667 
0 #...#.... 18 21 -0.666667 
0 #...#...# 19 21 7.333333 
0 #...#..## 20 21 -20.666667 
0 #...#..#. 21 21 -28.666667 
