

0 .........  0  0 23.801    -4 -3 -4
0 ........#  1  0 26.603    -3 -4 -5
0 .......##  2  0 -52.121   -2 -3 -4
0 .......#.  3  0 -86.524   -3 -2 -3
0 ......##.  4  0 -76.756   -4 -1 -4
0 ......###  5  0 -36.354   -3 2  -5
0 ......#.#  6  0 16.771    -4 -3 -6
0 ......#..  7  0 7.968     -5 -2 -5
0 .....##..  8  0 32.254    -4 -3 -6
0 .....##.#  9  0 -25.743   -3 4  -7
0 .....#### 10  0 -38.868   2  3  6 
0 .....###. 11  0 -12.470   -3 2  -5
0 .....#.#. 12  0 -27.038   -2 -3 -4
0 .....#.## 13  0 -59.435   -1 4  -5
0 .....#..# 14  0 -20.711   -2 -5 -6
0 .....#... 15  0 43.287    -3 -4 -5
0 ....##... 16  0 60.734    -4 -5 -4
0 ....##..# 17  0 25.937    -3 6  -5
0 ....##.## 18  0 3.212     2  5  4 
0 ....##.#. 19  0 6.410     -3 4  -3
0 ....####. 20  0 30.577    4  3  4 
0 ....##### 21  0 33.380    3  4  5 

0 ....###.#  0  1 30.504    4  5  6 
0 ....###..  1  1 59.301    -5 4  -5
0 ....#.#..  2  1 23.815    -6 -3 -4
0 ....#.#.#  3  1 61.818    -5 4  -5
0 ....#.###  4  1 24.694    4  3  4 
0 ....#.##.  5  1 -44.909   -5 2  -3
0 ....#..#.  6  1 -64.276   -4 -3 -2
0 ....#..##  7  1 -0.674    -3 4  -3
0 ....#...#  8  1 62.051    -4 -5 -4
0 ....#....  9  1 30.048    -5 -4 -3
0 ...##.... 10  1 42.637    -6 -5 -4
0 ...##...# 11  1 43.040    -5 6  -5
0 ...##..## 12  1 61.915    4  5  4 
0 ...##..#. 13  1 29.913    -5 4  -3
0 ...##.##. 14  1 21.280    6  3  4 
0 ...##.### 15  1 59.283    5  4  5 
0 ...##.#.# 16  1 14.807    6  5  6 
0 ...##.#.. 17  1 8.404     -7 4  -5
0 ...####.. 18  1 12.985    6  5  6 
0 ...####.# 19  1 -47.412   5  6  7 
0 ...###### 20  1 37.064    4  5  6 
0 ...#####. 21  1 65.861    5  4  5 

0 ...###.#.  0  2 69.694    4  5  4 
0 ...###.##  1  2 34.896    3  6  5 
0 ...###..#  2  2 -23.979   4  7  6 
0 ...###...  3  2 42.418    -5 6  -5
0 ...#.#...  4  2 40.736    -4 -5 -6
0 ...#.#..#  5  2 -54.861   -3 6  -7
0 ...#.#.##  6  2 -11.985   2  5  6 
0 ...#.#.#.  7  2 52.012    -3 4  -5
0 ...#.###.  8  2 38.580    4  3  6 
0 ...#.####  9  2 -19.418   3  4  7 
0 ...#.##.# 10  2 -87.893   4  5  8 
0 ...#.##.. 11  2 1.704     -5 4  -7
0 ...#..#.. 12  2 8.323     -6 -3 -6
0 ...#..#.# 13  2 -14.475   -5 4  -7
0 ...#..### 14  2 14.001    4  3  6 
0 ...#..##. 15  2 5.198     -5 2  -5
0 ...#...#. 16  2 23.431    -4 -3 -4
0 ...#...## 17  2 26.234    -3 4  -5
0 ...#....# 18  2 23.358    -4 -5 -6
0 ...#..... 19  2 52.155    -5 -4 -5
0 ..##..... 20  2 -2.447    -6 -3 -6
0 ..##....# 21  2 -25.244   -5 4  -7

0 ..##...##  0  3 3.232     4  3  6 
0 ..##...#.  1  3 -5.571    -5 2  -5
0 ..##..##.  2  3 -68.823   6  1  6 
0 ..##..###  3  3 -54.021   5  2  7 
0 ..##..#.#  4  3 -108.096  6  3  8 
0 ..##..#..  5  3 -91.299   -7 2  -7
0 ..##.##..  6  3 -88.539   6  3  8 
1 ..##.##.#  7  3 -172.136  5  4  9 
0 ..##.####  8  3 -78.060   4  3  8 
0 ..##.###.  9  3 -26.063   5  2  7 
0 ..##.#.#. 10  3 32.389    4  3  6 
0 ..##.#.## 11  3 -25.608   3  4  7 
0 ..##.#..# 12  3 -94.084   4  5  8 
0 ..##.#... 13  3 -4.487    -5 4  -7
0 ..####... 14  3 20.345    6  5  6 
0 ..####..# 15  3 -40.052   5  6  7 
0 ..####.## 16  3 44.424    4  5  6 
0 ..####.#. 17  3 73.221    5  4  5 
0 ..######. 18  3 24.369    6  3  6 
0 ..####### 19  3 1.571     5  4  7 
0 ..#####.# 20  3 -108.504  6  5  8 
0 ..#####.. 21  3 -54.107   7  4  7 

0 ..###.#..  0  4 -68.067   8  3  6 
0 ..###.#.#  1  4 -55.665   7  4  7 
0 ..###.###  2  4 14.411    6  3  6 
0 ..###.##.  3  4 -29.592   7  2  5 
0 ..###..#.  4  4 24.061    6  3  4 
0 ..###..##  5  4 62.063    5  4  5 
0 ..###...#  6  4 17.588    6  5  6 
0 ..###....  7  4 11.185    -7 4  -5
0 ..#.#....  8  4 21.112    -6 -3 -4
0 ..#.#...#  9  4 59.115    -5 4  -5
0 ..#.#..## 10  4 21.990    4  3  4 
0 ..#.#..#. 11  4 -47.612   -5 2  -3
0 ..#.#.##. 12  4 -73.265   6  1  4 
0 ..#.#.### 13  4 2.338     5  2  5 
0 ..#.#.#.# 14  4 13.862    6  3  6 
0 ..#.#.#.. 15  4 -30.140   -7 2  -5
0 ..#.###.. 16  4 14.725    6  3  6 
0 ..#.###.# 17  4 -8.073    5  4  7 
0 ..#.##### 18  4 20.403    4  3  6 
0 ..#.####. 19  4 11.601    5  2  5 
0 ..#.##.#. 20  4 32.453    4  3  4 
0 ..#.##.## 21  4 35.256    3  4  5 

0 ..#.##..#  0  5 32.380    4  5  6 
0 ..#.##...  1  5 61.177    -5 4  -5
0 ..#..#...  2  5 20.580    -4 -3 -6
0 ..#..#..#  3  5 -37.418   -3 4  -7
0 ..#..#.##  4  5 -50.542   2  3  6 
0 ..#..#.#.  5  5 -24.145   -3 2  -5
0 ..#..###.  6  5 -54.597   4  1  6 
0 ..#..####  7  5 -74.994   3  2  7 
0 ..#..##.#  8  5 -87.470   4  3  8 
0 ..#..##..  9  5 -35.473   -5 2  -7
0 ..#...#.. 10  5 -69.138   -6 -1 -6
0 ..#...#.# 11  5 -54.335   -5 2  -7
0 ..#...### 12  5 -81.859   4  1  6 
1 ..#...##. 13  5 -128.262  -5 0  -5
0 ..#....#. 14  5 -93.010   -4 -1 -4
0 ..#....## 15  5 -52.607   -3 2  -5
0 ..#.....# 16  5 0.517     -4 -3 -6
0 ..#...... 17  5 -8.286    -5 -2 -5
0 .##...... 18  5 21.577    -6 -3 -4
0 .##.....# 19  5 59.580    -5 4  -5
0 .##....## 20  5 26.836    4  3  4 
0 .##....#. 21  5 -42.766   -5 2  -3

0 .##...##.  0  6 -58.933   6  1  4 
0 .##...###  1  6 16.670    5  2  5 
0 .##...#.#  2  6 23.814    6  3  6 
0 .##...#..  3  6 -20.189   -7 2  -5
0 .##..##..  4  6 23.230    6  3  6 
0 .##..##.#  5  6 0.433     5  4  7 
0 .##..####  6  6 33.289    4  3  6 
0 .##..###.  7  6 24.487    5  2  5 
0 .##..#.#.  8  6 35.853    4  3  4 
0 .##..#.##  9  6 38.655    3  4  5 
0 .##..#..# 10  6 31.399    4  5  6 
0 .##..#... 11  6 60.196    -5 4  -5
0 .##.##... 12  6 35.844    6  5  4 
0 .##.##..# 13  6 36.247    5  6  5 
0 .##.##.## 14  6 59.503    4  5  4 
0 .##.##.#. 15  6 27.500    5  4  3 
0 .##.####. 16  6 25.734    6  3  4 
0 .##.##### 17  6 63.737    5  4  5 
0 .##.###.# 18  6 14.881    6  5  6 
0 .##.###.. 19  6 8.478     7  4  5 
0 .##.#.#.. 20  6 -46.141   8  3  4 
0 .##.#.#.# 21  6 27.061    7  4  5 

0 .##.#.###  0  7 35.918    6  3  4 
0 .##.#.##.  1  7 -68.885   7  2  3 
0 .##.#..#.  2  7 -62.319   6  3  2 
0 .##.#..##  3  7 36.484    5  4  3 
0 .##.#...#  4  7 53.228    6  5  4 
0 .##.#....  5  7 -13.975   -7 4  -3
0 .####....  6  7 -45.720   8  5  4 
0 .####...#  7  7 -10.117   7  6  5 
0 .####..##  8  7 54.739    6  5  4 
0 .####..#.  9  7 -12.463   7  4  3 
0 .####.##. 10  7 -47.030   8  3  4 
0 .####.### 11  7 26.173    7  4  5 
0 .####.#.# 12  7 -64.283   8  5  6 
1 .####.#.. 13  7 -105.886  9  4  5 
0 .######.. 14  7 -82.172   8  5  6 
0 .######.# 15  7 -107.369  7  6  7 
0 .######## 16  7 23.087    6  5  6 
0 .#######. 17  7 16.685    7  4  5 
0 .#####.#. 18  7 46.451    6  5  4 
0 .#####.## 19  7 46.853    5  6  5 
0 .#####..# 20  7 -58.003   6  7  6 
0 .#####... 21  7 -26.806   7  6  5 

0 .###.#...  0  8 13.313    6  5  6 
0 .###.#..#  1  8 -47.085   5  6  7 
0 .###.#.##  2  8 41.772    4  5  6 
0 .###.#.#.  3  8 70.569    5  4  5 
0 .###.###.  4  8 31.203    6  3  6 
0 .###.####  5  8 8.405     5  4  7 
0 .###.##.#  6  8 -106.051  6  5  8 
0 .###.##..  7  8 -51.654   7  4  7 
0 .###..#..  8  8 -64.168   8  3  6 
0 .###..#.#  9  8 -51.765   7  4  7 
0 .###..### 10  8 22.691    6  3  6 
0 .###..##. 11  8 -21.311   7  2  5 
0 .###...#. 12  8 22.855    6  3  4 
0 .###...## 13  8 60.857    5  4  5 
0 .###....# 14  8 12.001    6  5  6 
0 .###..... 15  8 5.598     -7 4  -5
0 .#.#..... 16  8 37.201    -6 -5 -4
0 .#.#....# 17  8 37.604    -5 6  -5
0 .#.#...## 18  8 60.860    4  5  4 
0 .#.#...#. 19  8 28.857    -5 4  -3
0 .#.#..##. 20  8 29.711    6  3  4 
0 .#.#..### 21  8 67.713    5  4  5 

0 .#.#..#.#  0  9 18.857    6  5  6 
0 .#.#..#..  1  9 12.454    -7 4  -5
0 .#.#.##..  2  9 15.589    6  5  6 
0 .#.#.##.#  3  9 -44.808   5  6  7 
0 .#.#.####  4  9 44.048    4  5  6 
0 .#.#.###.  5  9 72.846    5  4  5 
0 .#.#.#.#.  6  9 67.192    4  5  4 
0 .#.#.#.##  7  9 32.395    3  6  5 
0 .#.#.#..#  8  9 -30.861   4  7  6 
0 .#.#.#...  9  9 35.536    -5 6  -5
0 .#.###... 10  9 -27.733   6  7  4 
0 .#.###..# 11  9 -64.930   5  8  5 
0 .#.###.## 12  9 14.326    4  7  4 
0 .#.###.#. 13  9 19.924    5  6  3 
0 .#.#####. 14  9 35.177    6  5  4 
0 .#.###### 15  9 35.580    5  6  5 
0 .#.####.# 16  9 -69.276   6  7  6 
0 .#.####.. 17  9 -38.079   7  6  5 
0 .#.##.#.. 18  9 -52.414   8  5  4 
0 .#.##.#.# 19  9 -16.811   7  6  5 
0 .#.##.### 20  9 48.045    6  5  4 
0 .#.##.##. 21  9 -19.158   7  4  3 

0 .#.##..#.  0 10 -29.611   6  5  2 
0 .#.##..##  1 10 31.591    5  6  3 
0 .#.##...#  2 10 -7.665    6  7  4 
0 .#.##....  3 10 -37.268   -7 6  -3
0 .#..#....  4 10 -28.039   -6 -5 -2
0 .#..#...#  5 10 33.164    -5 6  -3
0 .#..#..##  6 10 -9.180    4  5  2 
0 .#..#..#.  7 10 -101.983  -5 4  -1
0 .#..#.##.  8 10 -63.529   6  3  2 
0 .#..#.###  9 10 35.274    5  4  3 
0 .#..#.#.# 10 10 52.017    6  5  4 
0 .#..#.#.. 11 10 -15.185   -7 4  -3
0 .#..###.. 12 10 30.055    6  5  4 
0 .#..###.# 13 10 30.457    5  6  5 
0 .#..##### 14 10 53.714    4  5  4 
0 .#..####. 15 10 21.711    5  4  3 
0 .#..##.#. 16 10 -21.543   4  5  2 
0 .#..##.## 17 10 4.460     3  6  3 
0 .#..##..# 18 10 6.804     4  7  4 
0 .#..##... 19 10 12.401    -5 6  -3
0 .#...#... 20 10 59.904    -4 -5 -4
0 .#...#..# 21 10 25.107    -3 6  -5

0 .#...#.##  0 11 6.763     2  5  4 
0 .#...#.#.  1 11 9.960     -3 4  -3
0 .#...###.  2 11 43.614    4  3  4 
0 .#...####  3 11 46.416    3  4  5 
0 .#...##.#  4 11 39.160    4  5  6 
0 .#...##..  5 11 67.957    -5 4  -5
0 .#....#..  6 11 33.917    -6 -3 -4
0 .#....#.#  7 11 71.920    -5 4  -5
0 .#....###  8 11 39.176    4  3  4 
0 .#....##.  9 11 -30.426   -5 2  -3
0 .#.....#. 10 11 -59.280   -4 -3 -2
0 .#.....## 11 11 4.323     -3 4  -3
0 .#......# 12 11 62.667    -4 -5 -4
0 .#....... 13 11 30.664    -5 -4 -3
0 ##....... 14 11 1.571     -4 -5 -2
0 ##......# 15 11 24.369    -3 6  -3
0 ##.....## 16 11 -54.107   2  5  2 
0 ##.....#. 17 11 -108.504  -3 4  -1
0 ##....##. 18 11 -40.052   4  3  2 
0 ##....### 19 11 20.345    3  4  3 
0 ##....#.# 20 11 73.221    4  5  4 
0 ##....#.. 21 11 44.424    -5 4  -3

0 ##...##..  0 12 62.063    4  5  4 
0 ##...##.#  1 12 24.061    3  6  5 
0 ##...####  2 12 11.185    2  5  4 
0 ##...###.  3 12 17.588    3  4  3 
0 ##...#.#.  4 12 -55.665   2  5  2 
0 ##...#.##  5 12 -68.067   1  6  3 
0 ##...#..#  6 12 -29.592   2  7  4 
0 ##...#...  7 12 14.411    -3 6  -3
0 ##..##...  8 12 -54.021   4  7  2 
0 ##..##..#  9 12 -68.823   3  8  3 
0 ##..##.## 10 12 -91.299   2  7  2 
0 ##..##.#. 11 12 -108.096  3  6  1 
0 ##..####. 12 12 -25.244   4  5  2 
0 ##..##### 13 12 -2.447    3  6  3 
0 ##..###.# 14 12 -5.571    4  7  4 
0 ##..###.. 15 12 3.232     5  6  3 
0 ##..#.#.. 16 12 -25.608   6  5  2 
0 ##..#.#.# 17 12 32.389    5  6  3 
0 ##..#.### 18 12 -4.487    4  5  2 
0 ##..#.##. 19 12 -94.084   5  4  1 
1 ##..#..#. 20 12 -172.136  4  5  0 
0 ##..#..## 21 12 -88.539   3  6  1 

0 ##..#...#  0 13 -26.063   4  7  2 
0 ##..#....  1 13 -78.060   -5 6  -1
0 ##.##....  2 13 -74.994   6  7  2 
0 ##.##...#  3 13 -54.597   5  8  3 
0 ##.##..##  4 13 -35.473   4  7  2 
0 ##.##..#.  5 13 -87.470   5  6  1 
0 ##.##.##.  6 13 -37.418   6  5  2 
0 ##.##.###  7 13 20.580    5  6  3 
0 ##.##.#.#  8 13 -24.145   6  7  4 
0 ##.##.#..  9 13 -50.542   7  6  3 
0 ##.####.. 10 13 -52.607   6  7  4 
0 ##.####.# 11 13 -93.010   5  8  5 
0 ##.###### 12 13 -8.286    4  7  4 
0 ##.#####. 13 13 0.517     5  6  3 
0 ##.###.#. 14 13 -54.335   4  7  2 
0 ##.###.## 15 13 -69.138   3  8  3 
1 ##.###..# 16 13 -128.262  4  9  4 
0 ##.###... 17 13 -81.859   5  8  3 
0 ##.#.#... 18 13 2.338     4  7  4 
0 ##.#.#..# 19 13 -73.265   3  8  5 
0 ##.#.#.## 20 13 -30.140   2  7  4 
0 ##.#.#.#. 21 13 13.862    3  6  3 

0 ##.#.###.  0 14 59.115    4  5  4 
0 ##.#.####  1 14 21.112    3  6  5 
0 ##.#.##.#  2 14 -47.612   4  7  6 
0 ##.#.##..  3 14 21.990    5  6  5 
0 ##.#..#..  4 14 35.256    6  5  4 
0 ##.#..#.#  5 14 32.453    5  6  5 
0 ##.#..###  6 14 61.177    4  5  4 
0 ##.#..##.  7 14 32.380    5  4  3 
0 ##.#...#.  8 14 -8.073    4  5  2 
0 ##.#...##  9 14 14.725    3  6  3 
0 ##.#....# 10 14 11.601    4  7  4 
0 ##.#..... 11 14 20.403    -5 6  -3
0 ####..... 12 14 33.380    6  5  4 
0 ####....# 13 14 30.577    5  6  5 
0 ####...## 14 14 59.301    4  5  4 
0 ####...#. 15 14 30.504    5  4  3 
0 ####..##. 16 14 25.937    6  3  4 
0 ####..### 17 14 60.734    5  4  5 
0 ####..#.# 18 14 6.410     6  5  6 
0 ####..#.. 19 14 3.212     7  4  5 
0 ####.##.. 20 14 -0.674    6  5  6 
0 ####.##.# 21 14 -64.276   5  6  7 

0 ####.####  0 15 30.048    4  5  6 
0 ####.###.  1 15 62.051    5  4  5 
0 ####.#.#.  2 15 61.818    4  5  4 
0 ####.#.##  3 15 23.815    3  6  5 
0 ####.#..#  4 15 -44.909   4  7  6 
0 ####.#...  5 15 24.694    5  6  5 
0 ######...  6 15 -36.354   6  7  4 
0 ######..#  7 15 -76.756   5  8  5 
0 ######.##  8 15 7.968     4  7  4 
0 ######.#.  9 15 16.771    5  6  3 
0 ########. 10 15 26.603    6  5  4 
0 ######### 11 15 23.801    5  6  5 
0 #######.# 12 15 -86.524   6  7  6 
0 #######.. 13 15 -52.121   7  6  5 
0 #####.#.. 14 15 -59.435   8  5  4 
0 #####.#.# 15 15 -27.038   7  6  5 
0 #####.### 16 15 43.287    6  5  4 
0 #####.##. 17 15 -20.711   7  4  3 
0 #####..#. 18 15 -25.743   6  5  2 
0 #####..## 19 15 32.254    5  6  3 
0 #####...# 20 15 -12.470   6  7  4 
0 #####.... 21 15 -38.868   7  6  3 

0 ###.#....  0 16 -19.418   6  5  2 
0 ###.#...#  1 16 38.580    5  6  3 
0 ###.#..##  2 16 1.704     4  5  2 
0 ###.#..#.  3 16 -87.893   5  4  1 
0 ###.#.##.  4 16 -54.861   6  3  2 
0 ###.#.###  5 16 40.736    5  4  3 
0 ###.#.#.#  6 16 52.012    6  5  4 
0 ###.#.#..  7 16 -11.985   7  4  3 
0 ###.###..  8 16 26.234    6  5  4 
0 ###.###.#  9 16 23.431    5  6  5 
0 ###.##### 10 16 52.155    4  5  4 
0 ###.####. 11 16 23.358    5  4  3 
0 ###.##.#. 12 16 -14.475   4  5  2 
0 ###.##.## 13 16 8.323     3  6  3 
0 ###.##..# 14 16 5.198     4  7  4 
0 ###.##... 15 16 14.001    5  6  3 
0 ###..#... 16 16 59.283    4  5  4 
0 ###..#..# 17 16 21.280    3  6  5 
0 ###..#.## 18 16 8.404     2  5  4 
0 ###..#.#. 19 16 14.807    3  4  3 
0 ###..###. 20 16 43.040    4  3  4 
0 ###..#### 21 16 42.637    3  4  5 

0 ###..##.#  0 17 29.913    4  5  6 
0 ###..##..  1 17 61.915    5  4  5 
0 ###...#..  2 17 34.896    6  3  4 
0 ###...#.#  3 17 69.694    5  4  5 
0 ###...###  4 17 42.418    4  3  4 
0 ###...##.  5 17 -23.979   5  2  3 
0 ###....#.  6 17 -47.412   4  3  2 
0 ###....##  7 17 12.985    3  4  3 
0 ###.....#  8 17 65.861    4  5  4 
0 ###......  9 17 37.064    -5 4  -3
0 #.#...... 10 17 35.580    -4 -3 -4
0 #.#.....# 11 17 35.177    -3 4  -5
0 #.#....## 12 17 -38.079   2  3  4 
0 #.#....#. 13 17 -69.276   -3 2  -3
0 #.#...##. 14 17 -64.930   4  1  4 
0 #.#...### 15 17 -27.733   3  2  5 
0 #.#...#.# 16 17 19.924    4  3  6 
0 #.#...#.. 17 17 14.326    -5 2  -5
0 #.#..##.. 18 17 31.591    4  3  6 
0 #.#..##.# 19 17 -29.611   3  4  7 
0 #.#..#### 20 17 -37.268   2  3  6 
0 #.#..###. 21 17 -7.665    3  2  5 

0 #.#..#.#.  0 18 -16.811   2  3  4 
0 #.#..#.##  1 18 -52.414   1  4  5 
0 #.#..#..#  2 18 -19.158   2  5  6 
0 #.#..#...  3 18 48.045    -3 4  -5
0 #.#.##...  4 18 67.713    4  5  4 
0 #.#.##..#  5 18 29.711    3  6  5 
0 #.#.##.##  6 18 12.454    2  5  4 
0 #.#.##.#.  7 18 18.857    3  4  3 
0 #.#.####.  8 18 37.604    4  3  4 
0 #.#.#####  9 18 37.201    3  4  5 
0 #.#.###.# 10 18 28.857    4  5  6 
0 #.#.###.. 11 18 60.860    5  4  5 
0 #.#.#.#.. 12 18 32.395    6  3  4 
0 #.#.#.#.# 13 18 67.192    5  4  5 
0 #.#.#.### 14 18 35.536    4  3  4 
0 #.#.#.##. 15 18 -30.861   5  2  3 
0 #.#.#..#. 16 18 -44.808   4  3  2 
0 #.#.#..## 17 18 15.589    3  4  3 
0 #.#.#...# 18 18 72.846    4  5  4 
0 #.#.#.... 19 18 44.048    -5 4  -3
0 #.###.... 20 18 46.416    6  5  4 
0 #.###...# 21 18 43.614    5  6  5 

0 #.###..##  0 19 67.957    4  5  4 
0 #.###..#.  1 19 39.160    5  4  3 
0 #.###.##.  2 19 25.107    6  3  4 
0 #.###.###  3 19 59.904    5  4  5 
0 #.###.#.#  4 19 9.960     6  5  6 
0 #.###.#..  5 19 6.763     7  4  5 
0 #.#####..  6 19 4.323     6  5  6 
0 #.#####.#  7 19 -59.280   5  6  7 
0 #.#######  8 19 30.664    4  5  6 
0 #.######.  9 19 62.667    5  4  5 
0 #.####.#. 10 19 71.920    4  5  4 
0 #.####.## 11 19 33.917    3  6  5 
0 #.####..# 12 19 -30.426   4  7  6 
0 #.####... 13 19 39.176    5  6  5 
0 #.##.#... 14 19 35.274    4  5  6 
0 #.##.#..# 15 19 -63.529   3  6  7 
0 #.##.#.## 16 19 -15.185   2  5  6 
0 #.##.#.#. 17 19 52.017    3  4  5 
0 #.##.###. 18 19 33.164    4  3  6 
0 #.##.#### 19 19 -28.039   3  4  7 
0 #.##.##.# 20 19 -101.983  4  5  8 
0 #.##.##.. 21 19 -9.180    5  4  7 

0 #.##..#..  0 20 4.460     6  3  6 
0 #.##..#.#  1 20 -21.543   5  4  7 
0 #.##..###  2 20 12.401    4  3  6 
0 #.##..##.  3 20 6.804     5  2  5 
0 #.##...#.  4 20 30.457    4  3  4 
0 #.##...##  5 20 30.055    3  4  5 
0 #.##....#  6 20 21.711    4  5  6 
0 #.##.....  7 20 53.714    -5 4  -5
0 #..#.....  8 20 63.737    -4 -5 -4
0 #..#....#  9 20 25.734    -3 6  -5
0 #..#...## 10 20 8.478     2  5  4 
0 #..#...#. 11 20 14.881    -3 4  -3
0 #..#..##. 12 20 36.247    4  3  4 
0 #..#..### 13 20 35.844    3  4  5 
0 #..#..#.# 14 20 27.500    4  5  6 
0 #..#..#.. 15 20 59.503    -5 4  -5
0 #..#.##.. 16 20 36.484    4  5  6 
0 #..#.##.# 17 20 -62.319   3  6  7 
0 #..#.#### 18 20 -13.975   2  5  6 
0 #..#.###. 19 20 53.228    3  4  5 
0 #..#.#.#. 20 20 27.061    2  5  4 
0 #..#.#.## 21 20 -46.141   1  6  5 

0 #..#.#..#  0 21 -68.885   2  7  6 
0 #..#.#...  1 21 35.918    -3 6  -5
0 #..###...  2 21 16.670    4  7  4 
0 #..###..#  3 21 -58.933   3  8  5 
0 #..###.##  4 21 -20.189   2  7  4 
0 #..###.#.  5 21 23.814    3  6  3 
0 #..#####.  6 21 59.580    4  5  4 
0 #..######  7 21 21.577    3  6  5 
0 #..####.#  8 21 -42.766   4  7  6 
0 #..####..  9 21 26.836    5  6  5 
0 #..##.#.. 10 21 38.655    6  5  4 
0 #..##.#.# 11 21 35.853    5  6  5 
0 #..##.### 12 21 60.196    4  5  4 
0 #..##.##. 13 21 31.399    5  4  3 
0 #..##..#. 14 21 0.433     4  5  2 
0 #..##..## 15 21 23.230    3  6  3 
0 #..##...# 16 21 24.487    4  7  4 
0 #..##.... 17 21 33.289    -5 6  -3
0 #...#.... 18 21 8.405     -4 -5 -2
0 #...#...# 19 21 31.203    -3 6  -3
0 #...#..## 20 21 -51.654   2  5  2 
0 #...#..#. 21 21 -106.051  -3 4  -1

0 #...#.##.  0 22 -47.085   4  3  2 
0 #...#.###  1 22 13.313    3  4  3 
0 #...#.#.#  2 22 70.569    4  5  4 
0 #...#.#..  3 22 41.772    -5 4  -3
0 #...###..  4 22 60.857    4  5  4 
0 #...###.#  5 22 22.855    3  6  5 
0 #...#####  6 22 5.598     2  5  4 
0 #...####.  7 22 12.001    3  4  3 
0 #...##.#.  8 22 -51.765   2  5  2 
0 #...##.##  9 22 -64.168   1  6  3 
0 #...##..# 10 22 -21.311   2  7  4 
0 #...##... 11 22 22.691    -3 6  -3
0 #....#... 12 22 26.173    -2 -5 -4
0 #....#..# 13 22 -47.030   -1 6  -5
1 #....#.## 14 22 -105.886  0  5  4 
0 #....#.#. 15 22 -64.283   -1 4  -3
0 #....###. 16 22 -10.117   2  3  4 
0 #....#### 17 22 -45.720   1  4  5 
0 #....##.# 18 22 -12.463   2  5  6 
0 #....##.. 19 22 54.739    -3 4  -5
0 #.....#.. 20 22 46.853    -4 -3 -4
0 #.....#.# 21 22 46.451    -3 4  -5

0 #.....###  0 23 -26.806   2  3  4 
0 #.....##.  1 23 -58.003   -3 2  -3
0 #......#.  2 23 -107.369  -2 -3 -2
0 #......##  3 23 -82.172   -1 4  -3
0 #.......#  4 23 16.685    -2 -5 -4
0 #........  5 23 23.087    -3 -4 -3