#..\..\Net100seed42.net EP02delta0.1Input0.5.train 42
#Top pat = 1


#Top pat = 2


#Top pat = 3
  4.7440
  6.6040
  7.6300
 11.3040
 13.1620
 13.5060
 14.1760
 14.3900
 14.4380
 14.4600
 14.5320
 14.6180
 14.6720
 14.7320
 14.7780
 14.9020
 14.9340
 14.9780
 15.0840
 15.1080
 15.1320
 15.1620
 15.1780
 15.2620
 15.3440
 15.3940
 15.4120
 15.4740
 15.4960
 15.5920
 15.6480
 15.6740
 15.7780
 15.7800
 15.7800
 15.8120
 15.9920
 16.0720
 16.1000
 16.6260
 16.9480
 17.2180
 17.5240
 17.6760
 17.7360
 17.7860
 17.9120
 18.1040
 18.1480
 18.2960
 18.3200
 18.3740
 18.5980
 18.7080
 18.9280
 18.9320
 19.1000
 19.1800
 19.2220
 19.2460
 19.5360
 19.6500
 19.7120
 19.7560
 19.8380
 19.9320
 22.5280
 23.1660
 23.9960
 24.6020
 25.0940
 25.5400
 26.9680
 50.2020
 50.4720
 50.9160
 50.9760
 51.0140
 51.0560
 51.1560
 51.1760
 51.2480
 51.2500
 51.3940
 51.3980
 51.5480
 51.5900
 51.5900
 51.6660
 51.6960
 51.7120
 51.7160
 51.7980
 52.1720
 52.3240
 52.8500
 56.0000
 56.0160
 59.1060
 60.0700


#Top pat = 4
  4.8760
  8.8200
  9.2780
  9.5860
  9.5880
  9.6200
 10.2500
 10.3200
 10.6180
 10.8900
 11.0760
 11.1260
 11.1820
 11.1860
 11.2820
 11.4300
 11.8600
 13.1320
 13.3380
 13.5960
 13.8040
 13.8900
 13.9220
 13.9420
 14.3780
 14.3860
 14.4600
 14.5320
 14.6240
 14.6840
 14.7420
 14.7440
 14.8020
 14.9360
 14.9680
 15.0460
 15.1260
 15.1920
 15.4200
 15.5640
 15.5900
 15.6060
 15.6160
 15.9580
 18.0260
 18.3460
 19.1100
 19.3000
 19.5580
 19.6940
 19.7000
 19.9000
 20.1660
 20.3100
 20.5460
 20.5840
 20.6220
 20.7500
 20.8720
 20.9280
 21.0780
 21.3340
 21.5100
 21.7200
 21.8480
 22.1960
 22.3040
 22.3540
 22.7320
 22.9240
 23.3160
 24.0560
 24.2760
 26.0000
 26.4780
 26.6760
 29.0280
 29.6500
 29.7880
 46.9900
 47.6180
 48.3760
 48.4220
 48.4840
 48.6200
 48.7400
 48.7560
 48.7960
 48.8820
 48.8980
 49.2160
 50.6700
 50.8660
 52.7000
 53.0260
 53.3040
 54.2000
 55.9820
 56.2140
 56.6580


#Top pat = 5
  3.0840
  3.1140
  6.0480
  7.5580
  7.9600
  9.1300
  9.9900
 10.0340
 10.1400
 10.2340
 10.2840
 10.4240
 10.5180
 10.8340
 10.9460
 11.0780
 11.1480
 11.1580
 11.2280
 11.8400
 12.0200
 12.3440
 13.1660
 13.3340
 13.8920
 14.2940
 14.5300
 15.0300
 15.0920
 15.2540
 15.3460
 15.8420
 15.9420
 17.0640
 17.2280
 17.5720
 17.7340
 17.8420
 17.8640
 18.0740
 18.2080
 18.2460
 18.5360
 18.6620
 18.6860
 18.8500
 18.9100
 19.0060
 19.1580
 19.4540
 19.4920
 19.5640
 20.0160
 22.5100
 22.7260
 22.8320
 23.0100
 23.0980
 23.3860
 26.0460
 26.1620
 26.2240
 26.4720
 26.4880
 26.6820
 26.8840
 26.9760
 27.1300
 27.4380
 27.5740
 27.7800
 28.3780
 39.2260
 40.9560
 43.4600
 45.0840
 45.2900
 45.4780
 45.5020
 46.7780
 47.6180
 48.2860
 48.7800
 48.9020
 49.4880
 49.5940
 49.6180
 49.9260
 51.6780
 52.1480
 52.6060
 52.9860
 54.0360
 54.3820
 55.9140
 56.6420
 56.9280
 57.1300
 57.3720
 57.5220


#Top pat = 6
  4.9980
  5.8020
  6.0220
  6.0260
  6.7260
  7.1620
  7.4260
  8.8220
  8.8880
  8.9200
  9.4660
  9.6760
  9.8320
 10.2500
 10.3540
 10.8660
 11.3820
 11.4120
 11.8880
 12.2640
 12.4500
 12.5340
 13.2340
 13.2620
 13.3140
 13.3320
 13.5720
 13.5900
 14.3500
 14.4320
 15.1740
 15.7640
 16.1000
 16.1840
 16.2880
 16.3300
 16.6960
 16.7200
 17.3900
 17.7100
 17.9400
 18.4640
 18.9860
 19.0200
 19.2680
 19.3960
 19.4060
 19.4460
 19.6280
 20.0640
 20.1140
 20.1240
 20.2900
 20.3420
 20.3800
 20.9620
 21.1420
 21.1940
 21.3800
 22.3600
 22.7480
 23.1900
 23.1980
 23.2160
 23.2340
 23.2820
 25.2140
 25.4620
 25.5580
 25.7660
 25.8160
 26.1560
 26.2100
 26.2720
 26.7120
 26.7500
 30.2960
 31.1800
 47.7320
 48.4080
 49.3080
 49.8920
 49.9800
 50.2040
 50.2340
 50.2620
 50.5340
 51.1020
 52.5040
 52.8420
 52.9140
 53.2560
 53.3580
 53.7260
 53.8740
 54.2260
 55.2380
 55.7300
 57.1940
 58.4860


#Top pat = 7
  0.0860
  0.6680
  1.6960
  1.7060
  2.1900
  2.6700
  2.8220
  3.8980
  4.1560
  4.2040
  4.8900
  4.9200
  5.0580
  5.1200
  5.3140
  6.4620
  6.6420
  6.8460
  7.1140
  9.5260
  9.7640
 10.6880
 11.0880
 11.2200
 11.5780
 12.6680
 14.7160
 14.8840
 16.5440
 18.2680
 19.0080
 19.7040
 19.8500
 20.1520
 20.1860
 21.4220
 21.6420
 21.8320
 23.1540
 23.2080
 23.3520
 26.0000
 26.0620
 26.1540
 27.1900
 27.3780
 27.4320
 29.6260
 29.7540
 30.0260
 30.0820
 30.4220
 30.8420
 30.9780
 31.3920
 34.7440
 34.9720
 34.9740
 35.9780
 36.6660
 36.8100
 36.8800
 36.9600
 37.1500
 37.5060
 38.3620
 40.3200
 40.9460
 40.9460
 41.0680
 42.4140
 42.7060
 42.9580
 43.2480
 44.0660
 44.1080
 44.3940
 45.9640
 47.1220
 47.1840
 47.7580
 48.1280
 48.1580
 48.3760
 48.4620
 48.4840
 49.0920
 49.9980
 50.7280
 50.8300
 52.6000
 53.9740
 57.5720
 57.9000
 58.5500
 59.6840
 59.7480
 61.4960
 63.8300
 65.5320


#Top pat = 8
  0.0040
  1.2100
  1.4260
  1.5480
  1.7440
  1.8680
  2.0440
  3.1800
  3.2740
  3.8140
  4.4740
  6.3380
  7.6500
  9.4140
  9.4760
  9.6140
 10.2760
 10.6060
 11.2080
 12.4120
 12.6360
 12.7660
 12.9240
 13.5960
 13.8920
 14.2080
 15.2500
 15.6900
 16.0260
 16.9400
 17.9100
 17.9580
 18.2980
 18.6800
 20.1300
 20.1700
 21.2780
 21.5340
 21.8000
 22.2540
 22.4880
 22.7160
 24.4760
 24.8380
 25.1660
 25.3280
 25.5160
 25.8100
 26.4600
 26.6460
 26.6520
 26.9000
 26.9760
 27.4540
 28.3880
 28.4380
 30.0580
 30.0900
 30.9520
 32.8440
 33.8400
 35.6540
 35.8760
 36.0540
 36.0640
 36.5200
 38.4920
 38.6040
 38.6700
 40.2180
 40.2820
 41.9060
 42.5980
 42.9840
 44.6300
 44.6400
 45.1520
 45.2980
 45.6140
 46.6640
 46.7520
 47.3480
 47.8740
 47.9980
 48.9700
 49.1740
 49.5120
 49.9860
 49.9960
 50.5500
 51.6260
 51.6560
 52.7060
 52.9020
 53.5820
 53.8720
 56.9340
 57.8700
 68.2540
 70.7340


#Top pat = 9
  0.8220
  1.0800
  2.5760
  2.9480
  3.0760
  5.2280
  5.2720
  5.3400
  5.9260
  6.4860
  6.6740
  6.9180
  7.6160
  7.7340
  8.2980
  8.5080
  8.8640
  9.4680
  9.5340
  9.8460
 10.0440
 11.0120
 11.0340
 11.3040
 11.9340
 12.1160
 12.3580
 13.1080
 14.4240
 14.8980
 15.2920
 15.4000
 15.7660
 17.2280
 17.4960
 18.3760
 18.4060
 19.0320
 19.1440
 19.9720
 20.9460
 21.3120
 21.6140
 22.1020
 22.3000
 23.4640
 23.5800
 24.0100
 24.4860
 24.5560
 24.5820
 25.2380
 25.4200
 26.6220
 27.3040
 27.5060
 29.1740
 29.2060
 30.0660
 30.8940
 31.4580
 31.8320
 32.7640
 32.8020
 33.0020
 33.4040
 33.5540
 33.8040
 34.3760
 34.8720
 36.2440
 37.4840
 37.5160
 38.3980
 38.9340
 39.8420
 40.0780
 40.2480
 42.7820
 43.0460
 43.0880
 43.5800
 43.9200
 44.1140
 44.3640
 46.2080
 46.2980
 47.5880
 48.1660
 48.1860
 48.8740
 51.1520
 54.3860
 54.4640
 54.6380
 57.3040
 60.9720
 67.4160
 76.4020
 85.9060


#Top pat = 10
  1.7100
  1.7820
  1.7840
  2.5700
  3.1120
  4.5740
  4.6240
  5.9100
  6.7340
  7.4200
  7.7400
  9.0280
 11.9260
 13.4840
 13.6840
 13.8560
 15.2240
 15.4680
 15.5760
 15.6300
 17.0640
 17.9940
 19.3180
 19.8500
 19.9900
 20.3760
 20.7280
 20.8540
 20.9520
 21.0280
 22.5560
 23.1060
 23.1120
 23.1920
 23.8880
 23.9900
 25.5300
 25.7880
 25.8160
 26.0540
 26.6520
 27.2420
 28.0520
 28.1780
 29.3040
 29.6080
 29.7020
 31.3080
 31.3440
 31.3460
 31.4140
 31.5700
 31.9720
 33.1360
 34.0880
 34.9480
 34.9540
 35.6760
 35.7700
 36.5640
 36.6000
 36.7300
 36.7440
 37.5440
 37.9280
 38.0080
 38.2100
 38.4860
 39.3200
 40.7020
 41.7420
 43.0600
 43.3240
 43.4720
 43.8460
 44.0840
 44.2920
 44.2960
 44.2960
 44.3860
 44.7860
 44.8980
 45.7140
 46.3820
 46.5400
 46.9560
 47.1360
 48.4900
 49.5560
 50.1560
 53.7840
 54.9040
 57.6360
 60.0320
 60.2100
 61.1220
 61.1320
 63.4900
 67.6740
 75.2040


#Top pat = 11
  2.1900
  2.6980
  3.2460
  3.3340
  3.8260
  4.4720
  4.8020
  5.1280
  5.3220
  5.9300
  6.0940
  6.5000
  6.9620
  7.7280
  8.2240
  8.8160
  8.9680
  9.1640
 10.1020
 11.0120
 11.3580
 11.6500
 11.7640
 12.3820
 12.7700
 13.5160
 14.5340
 15.7000
 15.8580
 16.3320
 17.4840
 17.8060
 17.9840
 18.6380
 18.6420
 18.9140
 19.3880
 19.4740
 19.5140
 19.9500
 20.7580
 20.8160
 20.9420
 22.5440
 23.1380
 23.2260
 23.5520
 24.6360
 24.7920
 26.0180
 26.1560
 26.8140
 27.1940
 27.2980
 27.8140
 27.8380
 27.9980
 28.0660
 29.7580
 30.0800
 30.7100
 30.8600
 31.2400
 31.5920
 31.7320
 32.3240
 34.2440
 34.9380
 35.9820
 36.0580
 36.6260
 36.9120
 38.1380
 38.7500
 38.8040
 38.8380
 40.1660
 42.0760
 42.2320
 42.3880
 42.9400
 44.9620
 46.1900
 46.2180
 46.7880
 47.1840
 49.2580
 50.4100
 50.5200
 52.0140
 52.2560
 54.4880
 55.1180
 55.7840
 57.7360
 58.1000
 61.7480
 67.4960
 73.9240
 88.7740


#Top pat = 12
  0.9640
  1.6660
  2.3540
  3.1220
  3.6240
  3.7940
  3.8260
  4.2420
  4.8480
  5.1040
  5.6300
  5.7300
  5.8300
  6.2220
  6.6440
  7.6240
  7.6500
  7.7340
  8.6100
  9.3640
  9.3640
  9.6880
 10.1300
 10.1920
 10.4240
 10.5640
 10.7060
 12.1420
 12.6000
 13.1280
 13.4840
 13.8000
 14.8680
 15.3040
 15.6480
 16.1860
 16.2960
 16.4840
 16.5640
 16.9560
 18.8780
 19.1220
 19.7860
 20.3740
 20.4560
 20.7900
 20.9120
 20.9340
 21.3940
 21.7240
 21.9360
 22.3420
 23.5140
 24.2520
 25.2600
 25.4320
 25.9180
 26.3880
 26.4800
 27.3820
 28.0380
 28.0620
 28.4540
 29.0500
 29.6440
 29.7100
 30.3300
 31.5760
 31.5980
 32.9820
 36.3540
 36.6300
 36.9620
 37.1600
 37.8000
 38.8340
 39.0400
 39.4040
 40.5800
 40.8700
 41.3320
 41.4920
 41.7840
 43.8280
 44.6700
 44.9060
 44.9620
 45.1900
 46.1080
 46.4600
 47.7240
 48.2540
 48.7080
 49.9240
 49.9300
 52.8040
 54.8740
 56.8740
 66.6600
 67.2240


#Top pat = 13
  1.5540
  2.6900
  3.3900
  3.4180
  3.4700
  3.6220
  4.6900
  5.0540
  5.2300
  5.9240
  6.2620
  6.3620
  6.8860
  8.2080
  8.9880
  9.3640
  9.7140
 10.7040
 11.3240
 11.4880
 11.7500
 12.3320
 13.6080
 13.6860
 14.2640
 14.2980
 15.7920
 15.8620
 16.6380
 17.0880
 17.3480
 17.5420
 18.3520
 18.5520
 18.8280
 19.6220
 19.8640
 19.8740
 20.1180
 22.0680
 22.1840
 22.3460
 22.4320
 22.9860
 23.0300
 23.4520
 23.6900
 24.0060
 24.5300
 25.1600
 25.1780
 25.5720
 25.6000
 27.1780
 27.5340
 27.5660
 28.3820
 28.8360
 29.7780
 30.3600
 30.3900
 30.9540
 31.5340
 32.8220
 33.0660
 33.1940
 33.5880
 34.0080
 34.6000
 34.6260
 34.7680
 35.9820
 36.0120
 36.0340
 36.1140
 36.4960
 36.7660
 36.9120
 37.7340
 38.4560
 38.5840
 38.7140
 39.1020
 39.9620
 40.6880
 40.8900
 41.7800
 42.2860
 43.9700
 44.4620
 44.9620
 48.6260
 56.4360
 57.3480
 59.4540
 61.4140
 62.9740
 65.1500
 68.4800
 84.4960


#Top pat = 14
  2.6520
  2.6740
  3.1340
  3.9540
  4.4220
  5.1900
  6.7240
  7.0340
  7.3880
  7.7060
  8.1020
  8.1180
  8.6940
  8.7120
  8.7660
  9.5520
  9.9880
 10.3140
 10.5160
 10.9220
 11.1540
 11.3760
 11.6560
 12.1700
 12.4360
 12.8740
 12.9260
 13.2080
 14.2440
 14.4360
 14.7560
 15.0000
 15.1240
 15.6840
 15.7840
 15.8800
 17.7440
 18.3340
 19.2280
 19.3000
 19.7160
 20.4780
 21.0680
 21.7080
 22.1240
 22.9320
 23.4880
 23.9920
 24.0400
 24.0900
 24.2980
 24.5380
 24.7760
 24.8760
 25.8000
 25.8840
 26.7280
 26.8000
 27.1800
 27.3180
 28.2160
 28.7000
 29.4540
 29.8560
 30.6100
 30.8300
 33.0220
 33.1700
 33.6300
 34.0440
 35.8080
 36.4400
 36.6560
 36.6560
 37.1360
 37.6960
 37.8840
 38.0580
 38.1020
 38.3260
 38.9580
 42.2680
 42.3420
 42.9400
 43.9220
 46.0340
 47.2140
 47.6460
 49.7820
 51.7520
 51.8580
 52.5780
 52.9140
 54.3120
 54.3420
 58.9820
 64.3700
 66.8000
 71.1740
 85.0140


#Top pat = 15
  0.0180
  0.2360
  1.5900
  2.5840
  3.0720
  3.4420
  3.5360
  4.1920
  4.8020
  5.6000
  5.8960
  6.2580
  6.5820
  6.7980
  6.8900
  8.2260
  8.5180
  9.2300
 10.6780
 10.8860
 12.3800
 12.6380
 12.8820
 12.9680
 13.2400
 13.3540
 13.3700
 13.9280
 14.9520
 17.0060
 17.1120
 17.1780
 18.4040
 18.4620
 18.7320
 19.2300
 19.4240
 19.9020
 20.9360
 21.1160
 21.1820
 21.4480
 22.0300
 23.0520
 23.8180
 24.3880
 24.4560
 24.9520
 25.4520
 25.4580
 25.8000
 26.3940
 26.5820
 26.7340
 26.7780
 26.9340
 27.0480
 27.8780
 27.9200
 29.6320
 30.2220
 31.0140
 31.1560
 31.4340
 31.5660
 32.7740
 34.8180
 36.5760
 37.6360
 37.7720
 37.9760
 39.1640
 39.2020
 39.9680
 41.2060
 41.6140
 42.1080
 42.4180
 42.4900
 43.0540
 43.9440
 44.2040
 44.2980
 44.6780
 45.3900
 45.9440
 49.7920
 49.9080
 51.8040
 52.8780
 54.7940
 55.9640
 57.1540
 59.5380
 59.7820
 61.2060
 62.2260
 64.3780
 67.6960
 75.4740


#Top pat = 16
  1.0680
  3.4280
  5.4480
  5.7520
  6.8760
  7.5720
  9.0940
  9.4360
  9.5020
  9.6380
  9.8760
 10.3460
 10.9220
 11.0940
 11.3080
 11.3200
 12.3200
 12.3740
 12.5000
 12.8880
 12.9280
 13.2420
 13.4480
 13.5320
 13.6920
 13.9520
 14.0300
 14.9700
 15.1740
 15.7760
 16.4320
 16.4620
 17.2540
 17.4060
 17.8100
 18.2340
 18.2640
 18.7480
 19.3380
 19.5820
 19.5960
 20.0860
 21.0340
 21.5460
 22.2700
 22.8220
 23.2940
 25.1060
 25.1340
 25.6560
 26.0760
 26.2340
 26.6460
 26.7180
 27.1400
 27.5740
 27.6360
 28.4020
 28.4880
 28.6080
 28.8800
 29.0420
 29.8340
 29.9420
 30.2200
 30.6980
 30.7120
 30.7760
 30.9540
 31.3780
 32.7520
 33.5320
 34.0360
 35.7800
 36.3740
 36.6080
 36.6860
 36.7780
 36.8180
 38.1880
 40.3360
 41.5080
 41.9500
 42.8980
 44.1540
 44.4580
 45.4920
 46.3280
 46.6600
 52.1120
 52.2220
 53.3800
 54.7120
 55.4620
 58.1080
 63.1760
 72.9420
 75.8120
 78.8060
 80.9320


#Top pat = 17
  2.2420
  3.1560
  3.1800
  3.8740
  4.8020
  6.5980
  6.6220
  7.3540
  8.8220
  9.3460
  9.5440
 12.1080
 12.1640
 12.2680
 12.3420
 12.8760
 14.8640
 14.9340
 15.3320
 15.7240
 15.7480
 15.8520
 16.0540
 16.4500
 16.9800
 17.0900
 17.4620
 17.7180
 18.8420
 18.9380
 19.0040
 19.3400
 19.7420
 19.8020
 20.2020
 20.6560
 20.6800
 21.0500
 21.0960
 21.1280
 21.5760
 21.6620
 22.3020
 23.3760
 23.7980
 23.8420
 23.8880
 23.9480
 23.9980
 24.1080
 24.1460
 24.1700
 24.9100
 25.5340
 26.1700
 26.2280
 26.7020
 27.3860
 27.6660
 28.1640
 28.4840
 29.9160
 30.6160
 31.0000
 31.0320
 31.9380
 32.1640
 32.3820
 32.6700
 32.7660
 32.7780
 33.7520
 33.9400
 34.7180
 35.8000
 36.6320
 36.6980
 37.5020
 37.8140
 38.2840
 39.5120
 39.6700
 43.0360
 43.8720
 44.4820
 44.9040
 45.2940
 45.8140
 47.5720
 50.9960
 51.4760
 51.4880
 52.6000
 52.6820
 54.5300
 56.4380
 56.6320
 63.4400
 69.2400
 74.1820


#Top pat = 18
  3.1060
  4.0060
  4.0180
  4.4300
  5.3380
  7.9140
  8.3360
  8.7560
  9.2220
 10.2420
 10.4260
 10.5020
 10.9400
 11.0320
 11.0900
 11.2080
 11.5180
 12.0200
 12.0280
 12.1760
 12.3240
 12.5700
 12.8060
 12.8620
 13.8120
 14.1660
 14.2020
 14.4080
 14.5020
 15.2880
 15.8040
 15.8960
 16.0200
 16.2380
 17.0660
 17.0720
 17.4040
 18.2820
 18.5480
 18.7780
 19.3800
 19.7660
 20.9620
 21.6760
 22.3900
 22.7120
 23.7460
 23.7760
 24.0920
 24.3960
 24.4900
 24.5340
 25.2740
 25.8220
 28.2500
 29.4500
 30.3240
 30.8040
 31.3640
 34.2000
 34.2200
 34.8420
 35.1400
 35.4140
 35.5060
 35.6820
 35.8500
 37.0400
 37.1740
 39.0860
 40.5080
 41.4620
 42.0480
 43.0500
 43.5240
 44.0560
 44.9940
 45.0720
 45.0840
 45.2780
 45.3400
 45.8900
 46.0640
 47.4020
 47.6620
 49.1820
 49.3800
 50.5100
 54.1160
 54.7200
 56.2520
 57.0860
 58.6680
 61.7700
 62.1900
 64.6180
 65.0420
 69.8000
 71.2600
 85.3720


#Top pat = 19
  0.2620
  0.5680
  1.6780
  1.8080
  2.4360
  4.6400
  5.4020
  5.5980
  5.6360
  5.7160
  5.7340
  5.7820
  5.8180
  5.9720
  7.2180
  7.6380
  7.7240
  8.6300
  9.9460
 10.1940
 10.4020
 12.0820
 13.1180
 14.6860
 14.7340
 15.1560
 15.3340
 15.6140
 16.5600
 17.3560
 17.4220
 18.8800
 18.9380
 19.7320
 20.4080
 20.4460
 20.4600
 21.1780
 21.9720
 22.3300
 22.6200
 23.2100
 23.8440
 24.1680
 24.3820
 24.8800
 24.8980
 25.0400
 25.1660
 26.1560
 26.2260
 27.1560
 27.4880
 27.7840
 29.1340
 29.2220
 29.3100
 30.0060
 30.6340
 30.9980
 31.1300
 32.8460
 33.3880
 33.4000
 35.5300
 37.6460
 38.6340
 38.7160
 39.0320
 39.7120
 39.7680
 40.1620
 40.7360
 41.3240
 42.6940
 42.7580
 43.5040
 43.8360
 44.3840
 44.4400
 45.4440
 47.3240
 47.3480
 47.4300
 48.1460
 48.3600
 48.7880
 49.0120
 51.2320
 51.2920
 52.1620
 52.9920
 54.8800
 54.9380
 55.5380
 55.8000
 62.6940
 64.5480
 68.6360
 71.2600


#Top pat = 20
  3.4900
  4.4000
  4.7700
  6.0520
  6.2620
  6.7940
  6.9480
  7.2960
  8.6520
  8.8320
  9.3760
  9.7660
 10.1560
 11.0920
 12.0200
 13.0460
 13.3380
 13.9880
 14.1220
 14.5120
 15.5580
 16.1440
 17.3840
 17.4120
 18.2900
 19.0160
 19.7700
 20.0520
 20.0900
 20.4360
 21.4180
 21.5720
 22.1900
 22.4280
 22.6420
 24.0360
 24.2540
 24.3380
 24.5540
 25.0780
 25.1860
 25.4240
 25.5380
 25.9240
 26.5260
 26.8460
 26.8500
 27.2160
 27.3580
 27.9700
 28.7680
 29.0980
 29.9840
 30.0140
 30.2120
 30.6740
 31.7640
 33.0220
 33.8420
 34.4420
 34.4980
 35.2380
 36.2360
 36.7540
 36.9460
 37.0540
 37.0860
 37.3160
 37.6380
 37.9480
 38.7340
 40.2420
 40.2880
 40.5060
 40.5700
 41.1080
 41.8040
 42.1060
 43.5480
 44.5240
 44.8200
 46.1320
 46.7680
 46.9920
 47.2860
 49.1360
 56.9040
 57.6040
 57.7500
 58.5580
 59.1320
 59.5020
 60.2420
 61.6120
 63.5160
 63.7260
 63.7600
 64.8580
 71.5420
 71.9500


#Top pat = 21
  0.9240
  1.2080
  1.7360
  2.4360
  2.6740
  3.2380
  3.9020
  4.5720
  4.8140
  4.9800
  7.0640
  7.3260
  7.9780
  8.2660
  8.3040
  9.2020
  9.5620
  9.9160
 11.2480
 11.2680
 11.9920
 12.4380
 15.3820
 15.6960
 15.8480
 16.3900
 17.9580
 19.1400
 19.3040
 19.5520
 19.5700
 20.3200
 20.6060
 21.0700
 22.0800
 24.0080
 24.9020
 24.9860
 25.0860
 25.2860
 25.8940
 26.4240
 26.9440
 27.1480
 27.4540
 28.0240
 28.4580
 28.8800
 29.4560
 29.5160
 29.5420
 31.1800
 31.5020
 31.8020
 32.1140
 32.5680
 32.9320
 32.9400
 33.0080
 33.1760
 33.4000
 34.1540
 34.1580
 34.7820
 36.5740
 36.7120
 36.8180
 36.9840
 37.3420
 37.4180
 37.6580
 38.1000
 39.7480
 40.1820
 41.0160
 41.0540
 41.9740
 42.9200
 43.2480
 43.2780
 43.8160
 44.0980
 44.8960
 45.9600
 47.1920
 47.9240
 50.6200
 50.7780
 50.9080
 51.7700
 52.6300
 57.0880
 57.2820
 60.5400
 61.2440
 63.5960
 65.5960
 67.8060
 74.7920
 80.2860


#Top pat = 22
  0.9580
  2.0160
  3.0600
  4.7200
  6.0660
  6.6940
  7.8380
  7.8460
  8.3200
  8.7680
  9.2700
  9.3220
  9.4820
 10.0900
 11.1540
 11.8080
 12.5540
 12.7820
 13.3540
 13.6480
 14.4940
 14.5000
 14.6960
 15.2880
 16.2480
 17.0480
 17.1060
 17.3140
 18.1540
 19.0980
 19.3900
 19.8460
 19.9280
 19.9660
 20.3320
 20.7640
 20.8420
 21.2740
 21.5720
 21.7000
 22.2500
 22.3180
 22.4240
 23.0120
 24.1980
 24.7840
 25.2440
 25.4960
 26.1120
 26.2300
 26.6500
 27.1340
 27.6300
 29.5800
 29.8360
 30.0500
 30.8900
 31.3400
 32.5660
 32.7500
 34.2340
 35.1740
 36.2860
 36.7720
 36.8660
 37.0160
 37.2240
 37.8760
 38.0340
 38.3600
 40.2980
 40.8480
 41.2900
 41.7840
 42.1000
 43.4000
 44.5100
 46.7540
 46.7580
 47.8740
 48.2520
 48.2600
 48.2720
 49.4800
 50.9620
 51.2600
 51.9420
 52.5640
 52.7560
 53.9940
 56.0120
 56.1180
 56.5140
 57.9060
 60.4800
 63.1040
 64.3520
 65.0660
 66.7080
 73.7460


#Top pat = 23
  0.1880
  2.7260
  2.9260
  4.1080
  4.3720
  4.6340
  5.1300
  5.9180
  6.0980
  6.1260
  7.9380
  8.4540
  8.6700
  8.7680
  9.3180
  9.3720
  9.8340
 10.1720
 10.2540
 11.4220
 11.6860
 12.1800
 15.3480
 15.8040
 15.9720
 16.2040
 16.4260
 17.9420
 18.7500
 18.7640
 19.3040
 19.6280
 19.7300
 20.6500
 21.1740
 21.1800
 21.3520
 22.4920
 23.4000
 23.9660
 24.6280
 25.1440
 25.1740
 25.3400
 25.7200
 25.7360
 25.8320
 25.9440
 26.6280
 26.8600
 27.2240
 27.8340
 27.8800
 28.1740
 29.3580
 30.1780
 30.4300
 32.7760
 32.8260
 33.7600
 35.1340
 35.2820
 35.4840
 35.5980
 35.6440
 35.6500
 35.8660
 36.5460
 36.8720
 37.3980
 37.7040
 37.8920
 38.4280
 39.0800
 39.1320
 39.3500
 40.0680
 40.5280
 40.8760
 41.0900
 41.5380
 42.4520
 42.5960
 42.6380
 44.3560
 45.6500
 46.2080
 46.7960
 47.1580
 47.4380
 48.8240
 49.4180
 49.4500
 50.0020
 51.3540
 51.4720
 55.8600
 56.6060
 61.5340
 72.5020


#Top pat = 24
  0.3920
  0.4300
  2.6880
  4.0600
  4.3720
  6.0980
  6.2840
  6.9720
  7.4800
  8.7320
  8.8960
 10.1520
 11.5000
 12.5620
 12.9820
 13.0020
 13.2040
 14.7680
 15.1300
 15.7520
 16.1400
 16.3100
 16.3180
 16.9060
 17.5820
 17.7100
 17.8600
 17.9540
 18.0220
 18.5540
 18.9240
 19.0420
 19.1420
 19.3360
 19.4020
 19.6940
 19.8600
 20.2920
 20.8280
 20.8420
 21.0180
 21.2460
 21.3400
 21.3460
 22.3360
 22.9640
 23.3200
 24.9560
 25.2420
 26.0980
 26.6280
 26.8260
 27.5580
 27.8160
 28.3240
 28.4440
 28.9800
 29.6020
 29.9320
 30.1840
 30.4320
 30.7080
 30.8200
 30.9320
 31.5720
 31.6000
 32.8000
 32.8220
 32.9560
 33.4320
 34.9860
 35.2820
 35.6380
 35.7280
 36.1600
 37.0240
 37.6520
 37.7160
 38.3520
 38.7800
 39.8180
 39.9520
 40.8540
 41.2700
 44.2480
 45.6060
 46.0220
 47.2980
 47.9620
 49.0160
 50.1380
 51.5880
 52.1260
 52.1600
 53.1180
 55.1680
 57.4500
 59.7380
 60.5240
 71.2040


#Top pat = 25
  1.7020
  3.1080
  4.3840
  4.6420
  4.8400
  5.5040
  6.1920
  6.5940
  8.4540
  8.9640
  9.3820
  9.7940
 10.1900
 10.2260
 10.4640
 10.9860
 11.4160
 12.1320
 12.2800
 12.4140
 13.4420
 13.4920
 13.9380
 14.0640
 14.3440
 14.6340
 15.7040
 16.9320
 17.4840
 17.8280
 18.3080
 18.5620
 18.9200
 19.1400
 19.4840
 20.1840
 20.3800
 20.6820
 20.7060
 21.4480
 21.5440
 21.5540
 21.7860
 22.1320
 22.2520
 23.4180
 23.8100
 24.7720
 25.0480
 25.1740
 25.2220
 26.2520
 26.5100
 27.4560
 28.1060
 28.2740
 28.8160
 28.9420
 29.8820
 31.8060
 33.5300
 33.5380
 33.5960
 34.1160
 35.5560
 35.9360
 35.9480
 36.5120
 36.5120
 36.6620
 37.7760
 38.4120
 39.5760
 39.7840
 39.8720
 40.3360
 40.5240
 41.5760
 42.9180
 45.0240
 45.3880
 45.9980
 47.8680
 50.9400
 51.3000
 51.9520
 52.3060
 52.4060
 52.8080
 55.5900
 56.1980
 56.2200
 59.1900
 60.6500
 61.8240
 65.2200
 66.8300
 70.9640
 71.6800
 81.8400


#Top pat = 26
  0.9760
  1.0560
  2.7440
  5.9000
  6.2140
  7.7660
  8.1480
  8.2180
  8.7380
  9.7280
  9.9880
 11.9200
 12.2320
 12.4740
 12.9760
 13.5800
 13.9400
 14.0540
 14.0660
 14.1740
 15.0020
 16.0120
 16.2580
 16.5640
 17.0460
 17.6480
 18.2660
 18.3020
 18.5520
 18.5880
 18.7880
 19.3520
 19.7400
 20.2980
 20.4560
 20.8260
 20.9460
 21.0760
 21.7620
 22.0780
 22.6740
 23.3480
 23.5640
 23.6640
 23.8000
 24.4840
 24.6340
 25.2220
 25.2620
 25.2900
 25.6680
 25.8200
 26.3820
 26.4420
 26.7700
 27.3780
 27.4360
 28.8460
 28.9640
 30.1460
 30.2620
 30.3220
 30.5360
 30.5640
 30.5920
 30.7160
 32.1560
 32.9620
 34.0160
 34.0900
 34.1600
 34.2860
 34.5820
 35.2220
 36.1920
 36.8600
 37.1380
 37.7080
 38.6960
 41.3740
 42.7620
 44.2440
 45.1960
 45.7420
 47.9620
 51.0680
 51.8760
 52.0680
 52.8220
 54.2220
 56.4860
 56.6060
 57.0180
 57.2860
 57.3100
 59.7540
 62.6480
 67.6960
 70.4520
 73.7700


#Top pat = 27
  0.0640
  0.2620
  0.3000
  0.4620
  1.7340
  2.3300
  3.3420
  4.0820
  4.7980
  5.4460
  5.8040
  7.3660
  7.8500
  7.9200
  8.4340
  9.2320
  9.8780
  9.8920
 10.0620
 10.1600
 12.2020
 12.2440
 12.6000
 12.8260
 13.9160
 15.0700
 15.3020
 15.9660
 16.0620
 16.1320
 16.8020
 18.0880
 18.2420
 19.4740
 20.6940
 21.6080
 22.5640
 22.8260
 22.9440
 23.3720
 23.4940
 24.1420
 24.8060
 25.1440
 25.3580
 25.5740
 25.6280
 26.0560
 26.2480
 26.4180
 26.5160
 26.9600
 27.1400
 27.4660
 27.5320
 27.7060
 27.9780
 29.0960
 29.2980
 29.2980
 30.0100
 30.3920
 30.6240
 30.9220
 30.9740
 35.4980
 35.9100
 36.3880
 37.0500
 37.0940
 38.2460
 38.2900
 39.1980
 39.3380
 39.4100
 40.4880
 41.6460
 41.7600
 42.4320
 44.6740
 46.0320
 46.6820
 47.0940
 47.1060
 47.3640
 48.2120
 50.2820
 50.8840
 51.4640
 53.0100
 53.5360
 56.6660
 58.6840
 58.7080
 60.9380
 73.0560
 75.5200
 75.5600
 78.5980
 80.6100


#Top pat = 28
  1.3000
  1.3340
  1.4440
  1.5360
  2.4120
  2.9320
  2.9720
  3.0600
  3.7140
  4.3080
  6.1220
  6.1620
  7.4780
  8.0980
  9.5280
 10.2600
 10.7520
 10.7960
 12.3040
 12.6460
 12.6700
 13.3240
 13.4700
 15.1840
 15.9300
 16.3240
 16.5600
 17.0000
 17.0920
 17.8500
 17.9420
 18.4960
 18.8260
 19.6120
 20.4440
 20.4880
 20.8360
 21.8600
 22.6660
 22.8300
 22.9100
 23.0500
 24.2440
 24.4900
 25.7820
 25.8180
 25.9880
 26.2920
 26.5600
 26.6360
 27.5040
 28.0020
 28.1860
 28.6260
 28.9560
 28.9820
 29.0780
 29.4840
 29.9480
 30.2260
 31.4400
 31.5180
 31.5900
 31.8420
 32.2320
 32.8020
 33.5160
 33.7920
 34.7480
 35.9000
 37.2940
 37.9500
 38.2980
 38.4600
 39.1120
 40.3260
 40.8640
 41.4280
 42.0460
 42.1200
 43.4840
 43.7980
 44.2240
 44.6420
 44.9120
 47.2680
 48.4140
 48.4320
 51.0000
 51.1340
 52.3760
 53.6920
 57.2220
 57.5800
 60.9120
 62.3480
 64.6700
 68.6280
 71.7720
 81.8060


#Top pat = 29
  0.9540
  1.0680
  1.3580
  1.5600
  2.6060
  4.6220
  4.8760
  4.9300
  6.1780
  6.5500
  6.8420
  7.0260
  8.9440
  9.6420
  9.6520
  9.8120
 10.2020
 12.4760
 15.0360
 15.3340
 16.3720
 16.6200
 16.8260
 17.2020
 18.7060
 19.0380
 19.3320
 19.4040
 19.8120
 19.8320
 19.9880
 20.1060
 20.6640
 21.4600
 21.7220
 21.7800
 22.1640
 22.9420
 23.9780
 24.0600
 24.1380
 24.2500
 24.8460
 25.1660
 25.4060
 25.6060
 25.6360
 26.0320
 27.9360
 27.9720
 28.9560
 29.2660
 29.6240
 30.0620
 30.6220
 31.1740
 31.6180
 31.7640
 33.0460
 33.4860
 34.4840
 34.5200
 34.8280
 35.6840
 37.5240
 37.9580
 38.6680
 38.7880
 39.2040
 39.3480
 41.1300
 41.3020
 41.5560
 42.2360
 42.2560
 42.9220
 43.7800
 44.6700
 45.4000
 45.5060
 45.5660
 45.9160
 46.5560
 47.4980
 48.9220
 49.0620
 49.6880
 49.9160
 50.0320
 50.4580
 52.4400
 55.2840
 55.6220
 58.4020
 61.6840
 63.0600
 63.7120
 65.7260
 69.8360
 85.6580


#Top pat = 30
  0.3640
  0.4780
  1.3540
  2.5280
  4.3340
  5.3640
  5.4260
  5.6060
  5.8880
  6.9560
  7.2760
  8.4920
  9.3240
  9.5660
 10.1080
 10.6880
 11.1340
 11.3060
 11.9080
 12.1180
 12.2460
 13.1620
 13.2420
 13.3780
 13.4680
 14.0100
 14.4380
 15.4320
 15.7940
 16.0980
 16.1660
 17.2220
 18.1200
 18.8360
 18.8500
 18.8900
 19.4840
 20.0440
 20.0900
 20.5360
 21.3400
 21.6040
 22.1500
 22.9320
 23.1460
 23.7000
 24.1480
 24.2840
 24.5460
 25.0180
 25.0560
 26.0420
 26.2160
 26.2520
 28.7980
 29.1600
 29.1980
 29.4820
 30.3980
 30.6160
 30.9380
 31.0500
 31.6300
 31.8660
 32.0620
 33.7600
 34.4940
 34.6460
 35.0000
 35.1160
 35.2720
 35.9100
 36.0960
 36.7860
 37.1140
 37.6860
 37.8900
 38.3700
 38.4260
 39.4540
 39.5260
 40.2660
 41.5040
 43.6220
 44.9560
 45.8600
 46.9220
 52.6660
 54.8740
 55.1100
 56.0820
 56.4800
 56.8980
 57.6140
 57.9400
 58.2380
 58.7300
 61.9680
 62.3280
 76.1760


#Top pat = 31
  1.4360
  1.7840
  2.3420
  2.4600
  3.1100
  6.0400
  6.3780
  6.3900
  7.9580
  8.0100
  8.5260
 10.6680
 12.3900
 12.6320
 12.8520
 12.8640
 13.1840
 13.5460
 13.5740
 14.4840
 14.5600
 15.0460
 15.6660
 16.3380
 16.6060
 16.9180
 17.0560
 17.1240
 17.2540
 17.7400
 18.9120
 19.2240
 19.4480
 19.8260
 19.9140
 20.0140
 20.0900
 20.2800
 21.1340
 21.1720
 21.3080
 22.1760
 22.2120
 22.3680
 22.9540
 23.5140
 24.1860
 24.9760
 25.4940
 27.4600
 28.3620
 28.3860
 28.6440
 29.0420
 29.6920
 29.9120
 30.7100
 31.2340
 32.2980
 33.2680
 33.7080
 34.0460
 35.6320
 36.4460
 36.4960
 38.1100
 38.1580
 38.4700
 38.9900
 39.7080
 39.9140
 40.6040
 41.8840
 42.6400
 42.9500
 43.7400
 44.4240
 46.5180
 46.8820
 46.9360
 47.0620
 47.0860
 47.3440
 47.6280
 47.9240
 48.1280
 48.4840
 49.6460
 49.8940
 52.0120
 53.8200
 55.4080
 56.4580
 57.9340
 57.9540
 61.2980
 64.3060
 66.5220
 71.2000
 80.1180


#Top pat = 32
  1.6920
  1.8520
  2.1060
  6.4380
  7.1740
  7.4100
  7.5740
  7.6600
  8.7200
  8.8660
  8.9520
 10.4040
 11.2180
 11.8380
 12.3040
 13.3720
 13.5760
 13.6040
 14.1160
 14.1220
 14.6100
 14.9780
 15.6840
 16.2940
 16.5320
 16.7900
 16.9380
 17.6480
 17.7640
 18.3620
 18.9380
 20.0720
 20.5060
 20.6520
 21.3560
 21.4260
 21.9980
 22.5720
 22.8160
 24.2380
 24.9420
 25.5340
 25.6360
 25.7360
 26.5440
 26.5580
 27.2500
 27.4180
 28.1180
 28.5280
 29.2600
 29.8420
 30.1280
 30.2600
 30.7040
 31.0300
 31.6140
 31.7700
 32.4540
 32.5940
 33.9900
 34.0300
 34.0660
 34.9000
 35.7900
 36.7060
 36.9100
 36.9700
 37.0280
 38.7500
 38.8720
 39.8560
 39.9800
 39.9960
 41.0120
 45.3960
 45.8200
 45.9540
 46.4680
 46.8360
 46.9620
 47.4200
 47.7860
 47.8780
 47.9540
 49.3420
 49.4620
 50.8860
 51.2540
 51.5180
 53.3900
 54.2300
 54.3200
 57.3320
 60.0280
 61.8980
 67.5400
 70.1660
 85.2800
 86.4600


#Top pat = 33
  0.8180
  1.4320
  2.3460
  2.7320
  3.6500
  3.7860
  4.0100
  4.2380
  6.4300
  8.0740
  8.2540
  8.4000
  9.3600
  9.7740
 10.9420
 11.3580
 12.4240
 12.8180
 13.3980
 14.1220
 14.7040
 15.0440
 15.8780
 16.0800
 16.3660
 16.5200
 16.7880
 16.9000
 17.0020
 17.0280
 17.3360
 17.3940
 17.6780
 17.8800
 17.9640
 18.1760
 18.3780
 18.4020
 18.4620
 19.0560
 19.5120
 20.3960
 21.2580
 22.7680
 22.8760
 22.8880
 24.1100
 24.7880
 25.1600
 25.2040
 25.3720
 25.4500
 26.0700
 26.6580
 27.6740
 28.0080
 28.0560
 29.9760
 30.9380
 31.1040
 32.2480
 32.2760
 33.1100
 34.9120
 35.8160
 36.9500
 37.0520
 37.0920
 38.1780
 38.8620
 39.5300
 39.8680
 40.0940
 41.9200
 42.3520
 43.0480
 43.5380
 44.3400
 45.5760
 46.2380
 46.7800
 47.1380
 47.1840
 47.8700
 47.9280
 50.0080
 50.7240
 51.9800
 52.1360
 52.1800
 52.6520
 53.1720
 54.8840
 56.4860
 57.4260
 61.8880
 66.5440
 68.0600
 73.1320
 76.0880


#Top pat = 34
  1.5740
  2.2420
  3.2320
  3.7600
  4.1480
  5.4680
  7.7440
  8.3440
  8.3880
  8.7660
  9.0500
  9.1420
  9.5820
  9.6600
 11.0520
 11.5300
 12.1080
 12.1320
 12.1940
 12.2480
 12.7080
 13.1640
 13.5640
 13.7080
 13.7720
 13.8400
 14.7120
 15.1800
 16.2960
 16.6380
 16.9520
 17.2100
 17.2840
 17.3200
 17.4540
 17.5240
 18.5460
 18.6800
 19.5220
 19.5240
 19.6460
 21.1400
 21.1980
 21.4040
 21.9480
 22.2740
 23.2860
 23.4260
 24.0200
 24.2160
 24.2700
 24.6280
 24.8540
 25.1760
 25.7000
 26.3260
 27.1400
 27.5940
 27.7280
 28.2840
 28.5000
 28.6040
 29.3980
 30.4820
 30.8160
 31.5780
 32.3340
 32.4760
 32.6460
 33.4740
 33.6740
 35.1700
 35.5260
 37.2520
 38.5540
 38.7840
 39.2160
 39.8700
 41.5360
 42.5700
 42.5720
 43.4320
 44.2660
 44.5820
 45.2880
 46.4100
 48.4840
 49.1640
 53.0740
 53.6660
 53.9620
 54.4820
 55.7540
 56.2040
 58.2240
 59.8180
 61.6340
 64.6360
 74.6540
 84.1600


#Top pat = 35
  0.2620
  1.5360
  2.4240
  2.4400
  2.9120
  2.9800
  4.0960
  4.1260
  4.5040
  5.0500
  5.4400
  6.0760
  6.3060
  6.5940
  6.6980
  7.7400
  8.7560
  9.0960
 10.2260
 10.6460
 10.7180
 10.8980
 11.3640
 14.0940
 14.9740
 15.5080
 16.3140
 16.6660
 16.8120
 16.8660
 17.0260
 17.4960
 17.8440
 18.1920
 18.8760
 19.0740
 19.2540
 20.3100
 20.9140
 21.2620
 21.7260
 21.8120
 22.0620
 22.1480
 22.3520
 22.8420
 24.2720
 24.2760
 25.0420
 26.2680
 26.3380
 27.0840
 27.5780
 27.7700
 27.8040
 27.8820
 28.7780
 29.6620
 30.1160
 31.0140
 32.2880
 32.7280
 33.0200
 33.3160
 33.6900
 34.4240
 35.3120
 35.3260
 35.4720
 35.5960
 35.6820
 35.7860
 36.4980
 36.5120
 38.7820
 39.4660
 40.2040
 40.3380
 40.8900
 41.2760
 42.1080
 42.9840
 43.1500
 43.3400
 44.4380
 46.2000
 46.3800
 49.9520
 51.4620
 53.5020
 54.0740
 55.2740
 58.0980
 58.7880
 58.8720
 59.2560
 61.0940
 64.8560
 70.5580
 74.4940


#Top pat = 36
  1.1420
  3.3620
  3.4880
  3.6040
  5.0580
  5.5480
  6.5640
  7.1100
  8.8900
  9.5280
  9.7280
 10.4380
 10.8080
 11.5820
 11.5880
 11.7360
 11.9240
 11.9680
 12.6160
 12.7240
 12.9320
 13.6000
 13.6440
 14.1260
 14.4220
 15.5260
 16.1600
 16.2040
 16.3660
 16.7280
 16.8440
 16.9260
 17.8020
 18.2240
 18.5680
 18.7980
 19.8600
 20.2360
 20.5620
 21.8720
 22.7760
 23.9200
 24.0700
 24.2860
 24.5220
 25.1180
 26.0000
 26.4100
 26.6800
 27.2320
 27.4160
 27.7000
 28.1340
 28.5280
 28.5600
 29.9800
 30.4680
 30.8280
 31.0820
 31.1200
 31.2840
 31.6060
 31.7940
 32.4820
 32.9600
 33.7920
 34.2000
 35.6900
 35.7340
 35.9820
 36.1940
 36.5080
 36.6540
 36.6540
 36.9300
 39.9920
 40.1620
 40.1960
 40.4180
 40.4720
 40.9140
 41.1640
 41.6200
 42.0380
 42.2900
 43.5080
 44.2540
 45.2840
 47.0820
 57.0400
 58.7580
 59.6320
 60.5480
 62.2940
 62.5100
 64.2500
 65.7860
 68.1280
 74.0480
 82.5240


#Top pat = 37
  0.1320
  0.9720
  1.8260
  2.9120
  4.4640
  4.6960
  4.8160
  6.2160
  6.3820
  6.5100
  7.7780
  8.7100
  9.2140
  9.5440
  9.6820
  9.9000
 11.3440
 11.8640
 11.9660
 13.1540
 13.8480
 14.2480
 14.8540
 16.2860
 16.3200
 16.3240
 16.3960
 16.4980
 17.0980
 17.2360
 17.9800
 18.1060
 18.3140
 18.3220
 18.3480
 18.7160
 19.2920
 20.7440
 20.8800
 20.8940
 20.9580
 21.1340
 21.4260
 21.5280
 22.2760
 23.3140
 23.7920
 23.8400
 24.3240
 24.5060
 25.0520
 26.2240
 26.2980
 26.3620
 26.3860
 28.7460
 29.5080
 29.8520
 30.5800
 30.7360
 31.0840
 31.1100
 31.1240
 32.5620
 32.6460
 33.2720
 33.4380
 34.0460
 34.5140
 34.9480
 35.7800
 36.0680
 37.0720
 37.4720
 38.5220
 38.6740
 40.4360
 40.7020
 41.5520
 42.5380
 44.3320
 44.9600
 46.5560
 48.0400
 49.1660
 49.6280
 50.6120
 51.1660
 51.4460
 54.0440
 55.6440
 56.1160
 57.1720
 57.5240
 58.0940
 58.1560
 60.9080
 63.4500
 79.8480
 81.2520


#Top pat = 38
  1.6440
  2.9580
  2.9980
  3.2960
  3.5220
  3.5340
  4.6600
  4.9080
  5.5280
  6.4020
  6.8100
  6.9340
  7.0020
  7.4420
  7.6760
  8.1540
  8.6020
  8.7560
  8.9880
  9.3440
 10.2780
 10.3040
 11.2020
 11.2100
 11.5480
 11.5740
 12.0020
 12.3500
 12.9680
 12.9860
 13.1720
 13.2580
 14.8720
 15.9880
 17.6700
 18.0320
 18.0520
 18.3600
 18.7880
 19.5100
 19.6600
 19.7140
 19.7320
 20.1060
 20.8440
 21.8080
 21.9960
 22.4860
 22.9560
 23.3300
 23.8020
 24.1540
 24.2020
 26.1440
 26.9020
 27.4980
 27.8860
 27.9800
 28.2860
 28.3760
 31.2860
 31.5220
 32.7000
 32.7780
 33.0140
 33.0200
 34.1800
 34.8640
 36.0560
 36.4840
 36.6860
 37.2180
 37.6840
 37.9500
 38.7020
 38.7460
 40.3740
 40.4220
 41.7300
 43.5600
 45.7560
 45.9320
 46.1820
 46.6900
 47.8620
 48.2620
 48.3220
 49.3400
 49.8500
 49.9600
 52.6320
 52.7540
 53.0660
 54.7440
 55.4200
 56.6460
 61.2420
 63.1320
 63.1940
 66.1380


#Top pat = 39
  2.5940
  3.3380
  4.5940
  4.6920
  4.8120
  5.2480
  5.9380
  6.1280
  6.6240
  7.3020
  8.4440
  8.7180
 10.4220
 10.4680
 10.8140
 12.4240
 12.6080
 12.7620
 12.7700
 13.3520
 14.2440
 14.4340
 14.9960
 15.3640
 16.3460
 16.4100
 16.9340
 17.6000
 17.7200
 17.8960
 18.0100
 18.0220
 19.1380
 19.3160
 20.5200
 21.0020
 22.2140
 22.5460
 22.8620
 23.2480
 23.9580
 24.7940
 25.2140
 26.3520
 26.6200
 27.5380
 27.8640
 28.5180
 28.9080
 29.3980
 29.7700
 30.0520
 30.5380
 31.0620
 33.9840
 34.1360
 34.5160
 34.7640
 35.9480
 36.9100
 37.3800
 37.3800
 38.4840
 39.8060
 40.1180
 40.7160
 41.3780
 42.1520
 42.5020
 42.7300
 42.9720
 43.1480
 43.5200
 44.1000
 44.6100
 44.9200
 45.2240
 45.7280
 46.4540
 47.4360
 48.2480
 48.8700
 49.7300
 50.4460
 53.6580
 53.8840
 53.9000
 54.8260
 54.9600
 55.5880
 56.2900
 57.0400
 57.7700
 63.5600
 63.6220
 64.9060
 70.7360
 71.5120
 77.7420
 84.3320


#Top pat = 40
  0.5860
  2.0520
  3.1800
  4.6140
  4.8060
  5.7860
  7.8340
  8.0360
  8.0660
  9.3280
  9.8760
 10.1380
 10.4420
 10.5720
 11.0700
 11.7280
 12.0180
 13.0760
 13.3560
 13.5200
 14.0780
 14.4460
 16.5200
 17.9140
 18.0540
 18.1400
 18.2160
 19.3500
 19.6520
 19.8840
 20.0900
 20.1440
 20.3540
 20.6180
 21.2620
 22.1840
 23.2280
 23.7340
 23.8080
 23.8940
 24.2140
 25.4380
 25.4420
 26.2500
 26.6040
 26.9180
 27.3640
 27.4340
 28.3000
 28.3280
 29.0260
 29.8160
 29.9060
 29.9420
 30.7620
 31.0860
 31.1420
 32.5900
 32.6360
 34.4260
 35.0840
 35.3520
 35.4180
 35.4580
 36.4900
 36.4980
 37.6120
 38.1140
 38.3420
 38.8380
 39.3300
 39.6700
 39.7720
 39.7880
 40.1860
 41.0500
 41.3840
 42.0940
 43.9420
 45.1020
 46.3640
 47.0380
 47.8500
 49.4500
 50.1100
 52.8100
 52.8920
 58.5380
 58.9280
 60.0980
 60.3640
 60.8420
 64.0200
 64.4580
 65.2140
 66.5480
 69.2840
 70.7700
 75.5040
 82.2600


#Top pat = 41
  0.8880
  1.1980
  3.2480
  4.9040
  5.3340
  5.4840
  5.7660
  5.7780
  6.1100
  6.2140
  7.1740
  7.5240
  8.1300
  9.2140
  9.9600
 10.0540
 10.1400
 10.2000
 11.0820
 12.5740
 12.9080
 14.0520
 14.3300
 14.4160
 14.4240
 14.7640
 15.5780
 16.6360
 17.3600
 17.4480
 17.7400
 17.8400
 17.9020
 18.2780
 18.7100
 18.8420
 19.2080
 19.5120
 19.5820
 20.9440
 21.0340
 21.0860
 21.2960
 21.9400
 22.0620
 22.4320
 22.9040
 23.0360
 23.1400
 24.7140
 24.7940
 25.0560
 25.9300
 26.4840
 26.8360
 27.6420
 28.6140
 28.7280
 28.7440
 29.1580
 29.1900
 30.7840
 31.6600
 31.7580
 31.8940
 32.1480
 32.7100
 33.3560
 33.5320
 34.4000
 34.5700
 34.7720
 36.4360
 37.9740
 40.5160
 41.1720
 41.2340
 42.3820
 43.7720
 43.8320
 45.7420
 46.2460
 47.2100
 47.7760
 47.7880
 49.2920
 50.4080
 50.5180
 50.7160
 51.3420
 52.5480
 54.6160
 55.1400
 56.8880
 57.4880
 57.7880
 63.4400
 72.5220
 79.7340
 89.1440


#Top pat = 42
  2.0880
  4.4220
  5.5120
  6.3800
  6.5460
  6.6420
  7.8520
  8.2580
  8.6800
  9.4540
 10.3260
 10.9620
 12.5140
 12.5640
 12.7120
 12.7480
 13.7120
 13.7540
 14.3420
 14.5940
 15.5060
 15.8380
 18.1640
 18.6180
 19.8220
 21.1160
 21.4300
 21.7140
 21.9420
 22.3020
 23.2820
 23.7260
 23.7400
 23.9960
 24.6900
 24.9460
 25.1040
 25.2180
 25.2360
 25.3960
 25.5120
 25.7820
 26.0040
 26.1560
 26.1820
 27.4580
 27.7920
 28.0160
 28.0620
 28.1920
 28.5920
 28.9120
 29.3980
 29.5280
 29.5520
 29.6140
 30.5360
 31.2000
 31.3060
 31.3840
 32.0380
 32.6100
 33.5140
 33.6140
 34.8700
 36.3840
 36.5520
 37.4080
 38.3480
 38.6460
 39.5740
 40.8320
 41.0820
 41.6560
 41.9880
 42.0740
 43.1820
 43.4500
 43.9640
 45.2340
 46.9080
 47.0660
 47.3680
 48.0180
 48.3280
 49.4240
 53.2000
 53.2800
 53.9200
 54.5060
 55.9080
 56.2820
 56.3640
 57.9420
 59.7920
 60.2720
 64.0740
 64.9260
 71.6140
 86.3420


#Top pat = 43
  0.2620
  1.4280
  4.7000
  6.9720
  7.2340
  7.3440
  8.5960
  8.7220
 11.8140
 12.3600
 12.4300
 12.6600
 13.9000
 14.9340
 15.0920
 15.3940
 15.4680
 15.8580
 15.9420
 17.2720
 17.4900
 17.7940
 17.9480
 18.0340
 18.2380
 19.4860
 19.8160
 19.8900
 19.9020
 20.5260
 20.6160
 21.4700
 21.8060
 22.6560
 23.0480
 23.7260
 23.9180
 24.3000
 24.6140
 24.9100
 25.4900
 25.9440
 26.0120
 26.7100
 26.7700
 28.0680
 29.1420
 29.8420
 30.0520
 30.1820
 30.7480
 31.4240
 33.8080
 33.9280
 34.8140
 35.1780
 36.2840
 38.1280
 38.4440
 38.5460
 38.7560
 39.3440
 39.9140
 40.4360
 40.4400
 41.5880
 41.8820
 42.1320
 42.3940
 42.5060
 44.0940
 44.1320
 44.2960
 44.5060
 45.2320
 45.2980
 46.8380
 48.4380
 48.6160
 50.2500
 50.3160
 50.3840
 51.9660
 53.7960
 54.7940
 56.1740
 57.9340
 59.8120
 59.8580
 60.1580
 63.0360
 63.2540
 63.4520
 67.1240
 67.7420
 68.6860
 70.1760
 72.3420
 75.5920
 79.0680


#Top pat = 44
  0.6820
  0.9340
  2.0660
  2.3040
  4.2300
  4.9580
  5.4960
  5.5340
  5.9920
  6.2820
  6.3220
  6.3620
  8.4600
  9.3760
  9.6260
 10.3100
 11.1120
 11.6660
 12.5440
 14.0600
 16.7520
 16.8480
 17.0960
 17.1780
 17.5040
 17.7560
 18.0800
 18.1040
 18.7520
 19.3260
 19.7300
 19.7620
 20.5680
 20.8300
 20.9540
 21.4600
 22.3000
 22.8240
 22.9980
 23.1280
 23.2300
 25.6160
 26.1680
 26.1740
 26.6120
 26.8400
 27.5000
 27.6560
 27.6900
 27.6940
 27.8080
 28.2860
 28.5200
 28.5680
 29.0240
 29.9420
 30.2520
 30.6260
 30.8440
 31.0260
 32.0460
 32.1400
 32.9580
 33.3660
 33.6600
 33.7100
 34.6860
 35.1580
 35.6120
 36.3460
 36.5660
 38.1020
 39.7660
 39.8880
 40.1680
 41.7100
 41.7820
 42.3300
 43.4500
 44.5280
 45.3520
 45.3720
 46.4640
 47.3700
 47.9860
 48.3620
 51.1640
 52.0000
 52.1980
 53.5840
 54.1320
 54.1920
 54.5840
 55.3160
 56.6040
 58.0940
 59.4680
 62.0920
 62.1320
 85.2480


#Top pat = 45
  2.1660
  2.7120
  2.8260
  2.9520
  4.0360
  4.3960
  4.9940
  5.1580
  5.5860
  5.8360
  6.5300
  7.0700
  7.4020
  9.5720
 10.1700
 10.8240
 11.2660
 11.3540
 14.6380
 14.7640
 15.1140
 15.5540
 15.9700
 16.5460
 16.7540
 16.9200
 17.2720
 18.1840
 18.4600
 18.9180
 19.4200
 19.4340
 19.5480
 19.6420
 20.6180
 20.7480
 20.8960
 21.4740
 21.5120
 21.7180
 22.0700
 22.1260
 22.9800
 23.4600
 24.0640
 24.3360
 25.0380
 25.5100
 25.7940
 25.8440
 26.6040
 27.5180
 27.9780
 29.4880
 30.2040
 30.4920
 30.7840
 30.8240
 30.8900
 30.9400
 31.1700
 31.5440
 31.6040
 32.6200
 33.0180
 33.1040
 33.4840
 33.7300
 34.0880
 34.7060
 35.2440
 36.0020
 36.6340
 36.6480
 37.0200
 37.1280
 38.3140
 39.4060
 39.6120
 40.3180
 41.5260
 42.0060
 42.7200
 44.3980
 44.5360
 45.6380
 46.9900
 47.7360
 48.0660
 48.1320
 50.0820
 53.9140
 54.6960
 55.8440
 56.0620
 56.5220
 67.7340
 68.7060
 70.8660
 84.7980


#Top pat = 46
  1.4560
  6.9900
  8.2580
  8.9520
 11.4380
 12.5900
 12.8940
 13.1480
 15.3260
 15.3800
 15.5500
 17.0160
 18.5020
 19.8340
 20.0340
 21.5920
 22.0980
 22.2640
 22.4520
 22.6940
 23.1940
 23.6040
 23.6260
 23.8660
 24.4840
 25.1100
 25.5140
 26.9160
 26.9940
 27.3320
 27.3560
 27.4400
 27.6000
 27.6620
 27.6880
 27.9240
 27.9240
 28.3580
 28.7540
 29.2560
 30.3400
 30.3780
 30.7360
 30.9760
 31.2540
 31.6060
 31.8560
 32.3800
 32.6400
 32.8780
 33.0580
 33.1120
 33.2100
 33.2400
 33.3740
 33.9300
 34.1980
 34.3220
 35.9680
 36.0580
 36.2000
 36.6780
 36.8520
 37.3800
 37.8100
 38.2440
 39.0900
 39.6060
 39.7060
 39.9480
 40.2840
 40.8720
 41.3980
 41.4280
 42.1100
 42.3560
 42.3680
 42.7840
 43.6300
 44.0040
 44.6960
 44.9540
 45.0080
 45.9780
 46.2380
 47.6300
 47.6780
 49.0180
 49.2520
 49.8080
 50.2560
 51.1320
 51.3960
 51.7840
 52.3720
 55.9480
 56.1080
 58.8500
 59.2820
 62.5640


#Top pat = 47
  0.1840
  1.1460
  2.1800
  4.7560
  5.3880
  6.1900
  6.8520
  9.3440
  9.4580
  9.9100
 10.7200
 11.7620
 12.0060
 12.6120
 12.6940
 12.7180
 13.1160
 14.1080
 14.8820
 15.0420
 15.4800
 15.8160
 16.0880
 16.3560
 16.3940
 16.9280
 17.2220
 17.3580
 17.9600
 18.0000
 18.0700
 18.4500
 18.5600
 18.9940
 19.0220
 19.2660
 19.4000
 19.5600
 19.8860
 19.8920
 21.4260
 21.4780
 21.8000
 21.8900
 22.1840
 22.2780
 22.5620
 23.1280
 23.3400
 24.7600
 25.6020
 25.8300
 25.9120
 26.6940
 27.1220
 27.3060
 27.4560
 27.8080
 28.0120
 28.2120
 28.4080
 28.7260
 29.8540
 29.9140
 30.1740
 30.7040
 31.3400
 31.8980
 32.3680
 32.4080
 32.6620
 34.4120
 34.4140
 36.4100
 37.0600
 37.1400
 37.4320
 39.6460
 40.0020
 40.3840
 41.2800
 45.3360
 46.0520
 46.6160
 47.0320
 48.5340
 48.6660
 48.7820
 50.6660
 50.7540
 51.0520
 51.1100
 52.5720
 55.2300
 58.2420
 59.3340
 60.0340
 69.2560
 73.1440
 73.7220


#Top pat = 48
  0.5400
  1.0360
  1.3240
  3.4080
  4.1800
  5.0620
  7.0360
  7.9460
  8.3940
  9.3660
  9.6820
  9.9880
 10.0700
 10.3320
 10.6820
 10.7620
 10.7840
 10.9720
 12.6340
 12.8740
 12.9700
 13.2400
 13.7720
 15.0760
 15.8320
 16.0500
 16.0680
 16.4080
 16.5580
 16.6440
 18.0900
 18.5320
 18.5580
 19.6120
 20.0320
 20.5240
 20.5840
 20.6040
 20.6100
 20.7820
 21.4040
 21.8720
 22.8240
 23.0460
 23.7840
 24.2360
 24.2560
 24.8680
 25.0160
 25.0700
 25.2940
 26.3620
 26.3860
 27.7000
 28.0300
 28.6820
 29.5840
 29.7580
 29.8000
 29.8160
 30.3440
 30.5520
 32.8680
 33.2340
 33.3860
 33.4820
 35.4860
 35.9320
 35.9700
 36.1720
 36.6640
 36.9980
 38.3080
 39.7220
 40.2060
 41.1200
 41.5020
 41.5140
 44.5320
 45.5040
 45.6140
 46.0940
 47.8820
 48.1980
 48.6120
 48.6140
 48.8540
 50.0060
 55.9200
 56.0900
 60.1020
 60.9080
 62.8160
 63.5980
 65.1960
 66.3100
 66.6480
 67.8680
 71.1500
 71.6140


#Top pat = 49
  0.0080
  0.2780
  1.6540
  4.0400
  4.9600
  5.0120
  5.3600
  6.6120
  6.8140
  6.8200
  6.9860
  7.8020
  8.2240
  8.3560
  9.1600
  9.9800
 10.0120
 10.3540
 10.6620
 11.1080
 11.2320
 13.0900
 13.6660
 13.8560
 13.9100
 13.9740
 14.6520
 15.4120
 15.4140
 15.4920
 15.7560
 16.5160
 16.6380
 17.1620
 17.3140
 17.9680
 18.5380
 18.8940
 19.0020
 19.0320
 19.1380
 19.3080
 19.8320
 20.7580
 21.6880
 22.5260
 23.7600
 24.0880
 24.3900
 24.4260
 25.2400
 25.5860
 25.7220
 26.2840
 26.3880
 26.8600
 28.0820
 28.4720
 29.0520
 30.1240
 30.4680
 31.3740
 31.7520
 31.9480
 32.0260
 33.3360
 33.3380
 35.4860
 35.7760
 36.0680
 36.4920
 39.7120
 40.3860
 40.6640
 40.9280
 41.2320
 41.2700
 42.7880
 42.9540
 44.0960
 44.6960
 44.7680
 44.8220
 45.7640
 45.8380
 46.5340
 47.2340
 47.8300
 48.1160
 48.3600
 49.7820
 49.8360
 50.7040
 53.3520
 55.1000
 57.0580
 58.7740
 61.2080
 64.7200
 70.0360


#Top pat = 50
  0.1140
  1.7480
  2.0040
  3.6220
  4.3840
  4.3900
  5.7600
  7.7920
  7.8860
  8.5520
  8.8540
  9.2580
 10.7180
 11.9160
 12.2340
 13.4600
 13.5880
 13.8940
 14.1700
 14.2140
 14.3160
 15.1080
 15.6180
 15.7240
 16.0920
 16.1620
 17.2340
 17.3820
 17.5000
 17.7680
 19.0460
 19.6300
 20.4160
 20.6960
 21.2640
 21.2880
 21.5240
 21.8360
 22.0040
 22.2320
 22.5360
 23.0040
 23.2320
 23.7320
 24.1340
 25.3240
 26.3400
 27.1380
 27.3260
 27.3560
 27.8820
 28.3000
 30.4680
 30.4960
 30.8140
 30.8700
 31.2240
 31.8760
 32.9560
 32.9620
 33.6860
 34.8860
 35.8920
 37.4460
 37.5100
 37.8780
 38.1880
 38.6760
 38.7020
 39.2700
 40.4140
 40.5100
 40.6200
 41.2920
 41.3580
 41.8060
 41.8460
 42.6020
 42.7280
 43.1780
 43.6260
 44.3660
 45.0360
 46.9540
 48.3960
 48.4760
 51.7300
 52.0660
 52.1360
 54.7180
 58.3200
 59.9520
 60.1620
 60.4800
 61.5620
 61.6740
 68.3700
 71.7540
 72.2600
103.2740


