#..\..\Net100seed42.net EP02delta0.1Input0.5.train 42
#Top pat = 1


#Top pat = 2


#Top pat = 3


#Top pat = 4
  4.3260
  4.9140
  6.8680
  7.3420
  9.3520
  9.8100
 11.9960
 12.4060
 12.4280
 12.4780
 12.5260
 12.6840
 12.7060
 12.7520
 12.9500
 13.0440
 13.0600
 13.1140
 13.1360
 13.1500
 13.3460
 13.3640
 13.5040
 13.6540
 13.8020
 13.8280
 13.8780
 14.0100
 14.0180
 14.3080
 14.3240
 15.6000
 15.8420
 15.9800
 16.5480
 16.5640
 18.0300
 18.4440
 19.1260
 19.1620
 19.7080
 20.0760
 20.0880
 20.1280
 20.3240
 20.4080
 20.6020
 20.6500
 20.7160
 20.9860
 20.9960
 21.0380
 21.0440
 21.2080
 21.3500
 21.3620
 21.3720
 21.4520
 21.5680
 21.7500
 21.8020
 21.8180
 22.1900
 22.2680
 22.8660
 23.0980
 23.5060
 24.1340
 24.7660
 26.1960
 26.2060
 26.5600
 28.6920
 49.7360
 50.0020
 50.6900
 50.7640
 50.7760
 50.8560
 51.0620
 51.1580
 51.2000
 51.2180
 51.2980
 51.3000
 51.3300
 51.3520
 51.3540
 51.4080
 51.4160
 51.4940
 51.6120
 51.7680
 51.8840
 52.7900
 53.0360
 53.1700
 53.3220
 60.7500
 61.0440


#Top pat = 5
  1.6720
  1.8460
  1.9300
  2.1820
  2.8820
  3.1320
  3.4620
  3.7100
  4.7800
  4.9760
  6.0340
  6.0560
  6.1740
  6.4820
  7.0780
  7.1280
  7.1340
  7.1900
  7.3780
  7.4260
  8.6500
  9.3520
 10.2040
 10.6700
 11.7780
 12.9740
 15.0760
 16.3460
 16.4740
 16.6420
 17.3240
 18.1960
 19.2260
 19.4380
 19.6920
 20.0480
 20.2300
 20.3120
 20.3840
 20.4980
 21.1120
 21.8040
 22.3820
 22.5640
 22.8420
 23.0580
 23.1800
 23.5120
 23.6100
 23.8720
 23.9420
 24.0940
 25.1340
 25.3120
 26.3520
 26.5080
 27.3340
 30.0700
 31.9460
 35.5300
 35.6840
 35.7780
 35.9860
 36.0920
 36.4140
 36.6360
 36.7140
 36.8100
 37.0300
 37.1620
 37.2060
 37.5000
 37.9220
 37.9780
 37.9880
 37.9940
 38.1020
 38.4460
 38.6560
 39.0340
 39.0540
 39.5980
 40.3440
 40.7400
 40.9660
 42.4140
 45.1340
 50.5040
 52.1480
 52.6700
 52.7020
 52.9540
 53.0480
 56.7500
 59.9800
 61.4680
 61.6920
 62.6180
 64.4180
 66.6140


#Top pat = 6
  1.7760
  3.0680
  3.1660
  3.4500
  3.7560
  4.0760
  4.1140
  6.0360
  6.3200
  7.1900
  7.6160
  7.6780
  7.9880
  8.2720
  8.4640
  8.5380
  9.0980
  9.6460
  9.7940
  9.9980
 10.4220
 10.6540
 11.1340
 11.3660
 11.9540
 12.9720
 14.5920
 14.7620
 14.7900
 14.9980
 15.2660
 15.3480
 15.5280
 15.6060
 16.8180
 18.2780
 19.2600
 19.2720
 20.7220
 20.8760
 21.1880
 21.4920
 21.7140
 21.7800
 21.7900
 22.4020
 23.0560
 23.0900
 23.8120
 23.8400
 24.4860
 25.3540
 25.7080
 26.0080
 26.5760
 26.8260
 27.2260
 29.1700
 29.3060
 30.2760
 30.3180
 30.9740
 31.0020
 31.0160
 31.9320
 32.0820
 32.5300
 32.5560
 32.7140
 34.7660
 35.0340
 36.1400
 36.7040
 37.8660
 38.1020
 38.8700
 39.2960
 39.6180
 40.1080
 42.5740
 42.8160
 43.1120
 43.1160
 45.8960
 48.6140
 48.7680
 48.9820
 49.4460
 52.0520
 52.2880
 52.8540
 53.6180
 53.7440
 54.3340
 55.0980
 55.6500
 56.1880
 64.8420
 65.9500
 66.2260


#Top pat = 7
  9.0860
  9.2640
  9.3300
  9.4500
  9.6160
 10.1860
 10.3140
 10.4780
 10.5240
 11.0000
 11.1520
 11.1540
 11.3780
 11.6260
 11.6640
 11.6760
 11.6940
 11.7600
 11.8100
 11.8140
 11.8380
 11.9000
 12.0100
 12.0360
 12.1520
 12.2260
 12.3780
 12.4120
 12.5420
 12.7720
 12.9380
 13.2620
 13.7040
 13.8740
 14.3520
 14.5040
 15.1100
 15.3280
 15.3800
 15.6520
 16.2100
 16.2900
 16.2980
 16.3860
 16.5800
 16.8560
 17.1780
 17.2100
 17.2720
 17.5420
 17.5500
 17.6780
 17.6840
 18.0140
 18.0140
 18.0720
 18.1240
 18.2200
 18.4660
 18.6180
 18.6240
 18.6880
 18.9360
 19.1140
 19.2340
 19.2400
 19.4120
 19.5000
 19.7260
 19.9060
 20.2240
 21.2520
 21.7860
 22.6360
 23.1760
 24.1820
 24.9800
 29.1300
 31.7180
 43.7820
 43.8560
 44.3540
 44.7640
 45.2620
 45.3700
 48.5520
 49.0680
 49.1540
 50.9220
 51.3360
 51.6720
 51.7260
 52.2140
 52.7500
 52.9980
 55.7820
 58.0160
 58.1640
 59.5380
 61.9920


#Top pat = 8
  1.1480
  2.0300
  2.7340
  2.7580
  3.1040
  3.8820
  3.9100
  4.5960
  4.8060
  4.8700
  5.2680
  5.5340
  5.6740
  6.3000
  6.3100
  6.4460
  6.6380
  7.4200
  7.6660
  7.7320
  8.3880
  8.8980
  9.3060
 10.0060
 10.0860
 10.1180
 10.4060
 11.0760
 12.1160
 12.1700
 12.9840
 13.2260
 13.6040
 14.3380
 15.2440
 15.6680
 16.2100
 17.4960
 18.7040
 18.7680
 19.3980
 19.7260
 20.6060
 20.9460
 21.4500
 21.9640
 22.4320
 22.7220
 22.7580
 22.7960
 23.6600
 24.5040
 25.0180
 25.3240
 25.9560
 26.9140
 27.5580
 27.5680
 27.6740
 27.8940
 28.3960
 28.4660
 28.4960
 28.7860
 29.4200
 29.6840
 29.9760
 30.1120
 30.1860
 30.3880
 30.5040
 31.7500
 36.1420
 40.3460
 42.1700
 42.9960
 43.6780
 45.3620
 45.5780
 45.6980
 45.7080
 45.7280
 45.8560
 46.0680
 46.1460
 46.6280
 47.0820
 48.2240
 49.3440
 52.4820
 54.0500
 57.0320
 58.4720
 59.3860
 60.1940
 60.4560
 60.7820
 63.4960
 69.7220
 81.2600


#Top pat = 9
  0.3880
  0.4620
  0.7680
  0.9460
  1.6160
  3.6620
  3.8960
  4.4360
  5.6660
  5.8780
  6.8860
  7.5540
  7.7900
  8.0180
  8.1180
  8.3820
  8.8100
  9.2900
  9.6560
  9.9500
 10.1680
 10.3920
 10.4200
 10.6420
 10.7900
 10.9640
 11.1140
 12.2000
 13.1760
 14.1340
 14.7880
 15.1440
 15.5000
 15.7700
 16.4380
 16.7680
 17.1480
 17.1940
 17.2480
 17.4340
 17.5780
 18.1020
 18.7680
 18.8120
 18.9960
 19.2940
 20.2240
 20.9600
 21.1720
 21.2860
 21.3200
 22.0960
 22.2180
 22.3180
 22.8220
 23.0880
 23.3280
 24.4940
 25.1000
 25.1840
 26.1600
 26.5100
 27.0580
 27.2640
 27.5300
 27.6840
 27.7220
 27.9580
 28.7420
 29.4440
 29.6500
 30.3000
 33.1260
 33.4780
 34.0200
 34.0440
 34.4480
 34.8200
 36.5620
 37.2680
 38.5040
 38.7460
 38.9400
 38.9960
 39.9420
 40.8800
 43.8200
 44.0700
 45.8200
 46.7780
 47.2120
 47.2600
 51.0040
 51.0940
 52.1020
 52.8620
 55.6440
 57.3760
 57.4080
 66.8760


#Top pat = 10
  0.7000
  1.8440
  2.3580
  2.5280
  2.6300
  5.1720
  5.7400
  5.7520
  6.7620
  8.0180
  8.1440
  8.1460
  8.4320
  8.4460
  8.5280
  8.7840
  8.9240
 10.0480
 11.2640
 11.5760
 11.9280
 11.9900
 12.0980
 13.2080
 13.9060
 14.4420
 15.6180
 16.8520
 16.9300
 17.2760
 17.8880
 18.4640
 19.6500
 20.5200
 20.7240
 20.8000
 21.1840
 21.7320
 22.0860
 22.4000
 22.4220
 22.8200
 23.2520
 23.4080
 23.9320
 24.4920
 25.0000
 25.6400
 26.5780
 27.4340
 27.4380
 27.8120
 28.4120
 28.7660
 29.0520
 29.4180
 29.7140
 30.1220
 30.3980
 30.4780
 30.5200
 30.8160
 31.5420
 32.4360
 33.7480
 34.4560
 34.5680
 35.1420
 35.9660
 36.4280
 36.9060
 38.1900
 39.2300
 39.7360
 40.6900
 40.7960
 40.8500
 41.7160
 42.8040
 43.2680
 44.4240
 45.4480
 46.3360
 47.2640
 47.3900
 50.1620
 51.1280
 51.7500
 51.7520
 51.9480
 52.4220
 53.0400
 54.1820
 56.0660
 61.1240
 64.1900
 65.0280
 65.4380
 71.1500
 86.7080


#Top pat = 11
  1.9940
  2.4780
  3.0500
  3.7280
  3.7800
  4.0380
  4.3500
  4.4880
  5.9460
  7.1300
  7.2780
  8.4560
  8.9620
  9.2960
  9.8240
  9.9380
 10.1120
 11.6060
 11.6400
 11.7340
 12.3540
 12.6300
 12.6760
 12.7760
 13.3540
 13.4460
 13.6100
 15.1920
 16.0820
 17.4140
 17.4700
 18.2860
 18.4900
 18.6380
 18.8980
 19.0060
 19.3920
 19.5840
 20.9400
 21.2820
 21.5940
 21.7340
 21.8280
 21.8720
 22.1500
 23.6280
 24.8880
 25.3160
 26.4800
 27.3480
 27.7780
 28.4600
 28.7820
 28.7980
 28.8260
 29.5600
 29.6080
 30.0340
 30.1880
 30.3060
 30.4480
 30.7020
 32.7460
 33.3520
 33.5000
 33.6240
 33.6460
 34.4240
 34.8200
 36.1080
 36.4220
 36.5400
 37.0040
 37.8600
 37.8620
 38.5780
 38.7500
 39.7400
 40.2060
 40.3320
 42.1720
 42.9220
 44.7780
 46.6600
 46.8940
 47.3040
 48.7540
 49.5240
 51.4320
 51.8660
 53.0500
 53.1060
 53.2740
 53.4380
 54.5960
 54.7720
 59.9400
 61.1520
 61.3340
 73.1260


#Top pat = 12
  2.9660
  4.3120
  4.3140
  4.6280
  5.1860
  5.8060
  5.8160
  6.1360
  6.5220
  7.1580
  7.5140
  8.3240
  8.6440
  9.0920
  9.1040
  9.3280
  9.7220
  9.9940
 10.0420
 10.0600
 10.0940
 10.4180
 11.7660
 12.4300
 12.9240
 13.0500
 13.2700
 14.0320
 14.5760
 15.0540
 15.2400
 15.4000
 15.8180
 15.9380
 15.9800
 16.0540
 17.5840
 18.1960
 18.6020
 19.0140
 19.1740
 19.9200
 19.9380
 20.3760
 20.6500
 20.7300
 20.8000
 22.0560
 22.6440
 22.7180
 22.8440
 23.6900
 24.8780
 25.8000
 25.8560
 26.9720
 27.6780
 27.8240
 27.8840
 28.2040
 28.7560
 29.2680
 29.4920
 30.4800
 30.9220
 33.5420
 33.9620
 34.4580
 34.4620
 34.4860
 34.7500
 36.3680
 37.0440
 37.2860
 38.4440
 38.4600
 39.2500
 39.5680
 39.9440
 41.2920
 41.4740
 41.7480
 44.2020
 44.2720
 45.7320
 47.1160
 48.1920
 49.2660
 49.4280
 50.0300
 50.6740
 52.1400
 55.0220
 57.2040
 58.3580
 59.4620
 62.0660
 66.4040
 68.7360
 70.8420


#Top pat = 13
  0.2280
  0.3640
  0.8020
  1.2060
  1.5520
  1.6700
  1.8780
  3.5440
  4.1700
  5.0200
  5.9360
  6.6600
  7.7020
  7.9340
  8.1120
  8.6420
  8.7380
  9.8400
  9.8620
 10.0540
 10.7660
 12.2920
 12.4340
 12.5780
 12.5780
 12.7680
 13.1000
 13.6740
 13.9340
 14.5860
 14.7800
 16.2980
 16.8820
 17.0480
 17.2340
 17.4240
 17.6800
 17.7420
 18.7180
 18.9360
 19.8720
 21.1960
 25.1820
 25.8540
 25.9700
 26.5680
 26.6860
 26.9440
 27.0300
 27.7000
 28.0740
 28.1860
 28.6840
 29.1060
 29.1720
 29.6920
 31.1580
 31.2320
 32.0820
 32.1700
 32.5040
 32.8800
 33.0880
 33.4700
 34.1860
 35.0880
 35.3700
 35.3880
 36.4660
 38.4660
 38.5420
 39.3760
 39.7400
 41.4080
 42.2500
 42.5340
 42.5780
 42.9180
 43.0780
 43.6740
 44.6700
 46.1940
 46.2240
 46.4820
 46.5340
 46.5680
 47.0220
 47.0460
 47.3940
 47.6040
 50.4580
 50.8640
 52.0220
 52.7460
 53.1860
 54.1180
 54.6340
 55.9280
 70.8600
 72.1040


#Top pat = 14
  0.5580
  1.0480
  1.4460
  1.4640
  2.0800
  2.6080
  3.1100
  3.6280
  4.0240
  4.4240
  4.4520
  6.4880
  6.6400
  8.1260
  8.2440
  8.4540
  8.6860
  8.7180
  8.8500
  9.5540
 10.1240
 10.2200
 10.3400
 10.3820
 10.7900
 11.1860
 11.8160
 11.9860
 12.6800
 12.7620
 12.9400
 13.3320
 17.0380
 17.9120
 17.9380
 18.0600
 18.2180
 18.6040
 18.8440
 18.8920
 19.4960
 19.7860
 20.0240
 20.7300
 21.1660
 21.7760
 21.8000
 23.2020
 23.6500
 23.6680
 23.7360
 23.8040
 24.2620
 24.3560
 24.9620
 25.5320
 27.2980
 28.3160
 29.1520
 29.5660
 29.7400
 30.0000
 31.1020
 33.6400
 34.0300
 34.4480
 35.6440
 35.8420
 36.0900
 36.3060
 36.3820
 36.9540
 38.0920
 38.2660
 40.5460
 40.8740
 41.5680
 41.8140
 42.1320
 42.1520
 43.3500
 43.5220
 44.9500
 46.2900
 46.3800
 48.1780
 48.5080
 49.9280
 49.9660
 51.7160
 52.6160
 53.2260
 53.2520
 54.7520
 54.9960
 55.8540
 56.5700
 57.9120
 62.7940
 83.6240


#Top pat = 15
  0.1580
  0.3400
  1.2440
  2.2540
  4.2040
  4.3200
  6.0820
  6.1780
  6.3740
  6.7340
  6.8120
  7.5360
  7.9760
  8.4380
 10.1360
 10.3200
 10.4780
 10.7360
 11.2840
 11.9360
 13.1640
 14.3080
 14.3980
 14.4560
 14.5400
 14.7960
 15.2000
 15.2420
 16.0100
 16.0460
 17.2100
 17.2980
 17.3700
 17.3860
 17.7920
 17.8060
 17.8420
 18.7260
 20.0020
 20.5900
 21.0020
 21.2900
 21.7300
 22.2940
 22.3060
 22.6320
 23.2300
 23.4540
 23.9580
 24.1320
 24.1980
 24.4400
 27.3160
 27.5340
 28.0060
 28.0740
 29.2160
 30.7220
 33.1440
 33.6380
 33.6380
 34.0540
 34.6220
 34.7960
 35.1360
 35.2360
 35.2900
 36.5980
 37.4660
 38.4700
 38.8800
 39.7880
 40.5540
 41.6780
 43.3280
 44.1940
 44.6400
 44.7080
 45.1220
 45.8920
 46.4220
 46.6160
 47.5580
 48.0320
 48.8020
 48.8500
 50.2420
 51.0880
 51.3180
 52.0960
 52.4800
 54.3620
 54.6480
 57.5260
 58.2180
 65.8080
 67.3800
 70.3600
 71.6940
 83.7920


#Top pat = 16
  2.3380
  5.5880
  8.7180
  8.7560
  8.9260
 10.9340
 12.9760
 13.5460
 13.6660
 14.8660
 15.5040
 16.7040
 17.0040
 17.3500
 17.6500
 18.4000
 18.5120
 18.6500
 18.8660
 19.2480
 19.7040
 21.1780
 21.7140
 21.7560
 21.8700
 22.2920
 22.5500
 22.7080
 22.7480
 22.9000
 22.9400
 23.2140
 23.5200
 24.7800
 24.8240
 26.3480
 26.7100
 26.7440
 26.9800
 27.6400
 27.7500
 27.9920
 28.0140
 28.0420
 28.5280
 28.8960
 29.3360
 29.8200
 30.5780
 30.6820
 31.2940
 31.6240
 31.9240
 32.1180
 32.7980
 33.1260
 34.0140
 34.0160
 34.9880
 35.0020
 35.5060
 36.0340
 36.1180
 36.5280
 36.5520
 36.6860
 36.8220
 37.2080
 37.3100
 37.5560
 37.9460
 38.1180
 38.2040
 39.2620
 40.3080
 40.4440
 40.7700
 41.4240
 42.1760
 42.4740
 42.8140
 43.1640
 43.3800
 44.5340
 44.7100
 45.1100
 45.2380
 49.4640
 50.2240
 50.4420
 51.4520
 52.5940
 53.6940
 54.3640
 54.9540
 55.3540
 55.9240
 56.9640
 57.4120
 62.0120


#Top pat = 17
  0.9100
  1.1560
  1.3660
  1.5320
  2.2780
  3.3620
  3.8020
  5.1400
  5.2980
  5.4840
  5.4980
  6.0920
  7.0300
  9.0320
  9.6380
 10.0940
 10.4300
 10.5740
 11.1740
 11.3180
 11.9600
 12.2780
 12.9100
 13.3140
 13.3140
 13.7460
 14.0860
 15.0420
 15.4600
 15.4620
 16.0980
 16.3880
 17.0100
 17.5280
 17.7180
 17.8760
 18.2500
 18.6760
 18.8760
 20.1460
 20.3700
 20.6340
 20.7720
 21.4360
 21.8800
 21.9420
 22.2960
 22.6420
 24.4600
 24.7040
 24.9540
 25.3440
 25.6820
 26.5480
 26.6820
 26.7040
 27.7980
 28.9460
 28.9920
 29.7040
 33.3880
 33.7060
 35.1760
 35.5800
 37.5540
 38.0900
 38.0960
 38.1860
 38.6220
 39.0380
 39.3760
 40.2660
 40.3180
 40.4860
 41.1000
 41.3420
 41.7280
 41.9460
 43.3240
 44.4520
 44.8080
 45.2600
 45.3760
 45.9960
 46.2640
 46.6280
 47.2760
 48.1040
 48.4880
 48.7700
 49.4280
 51.8920
 53.8580
 54.3820
 56.4320
 57.8000
 58.1420
 70.2160
 75.4240
 89.6440


#Top pat = 18
  0.3780
  1.7900
  1.8460
  1.9620
  3.7440
  3.8400
  5.1740
  5.5080
  5.6280
  5.7960
  6.5480
  6.5880
  7.0180
  7.2700
  7.6700
  7.8460
  8.4360
  8.5980
  8.8020
  9.4700
  9.6220
 10.7180
 11.0040
 11.3660
 11.6580
 13.1840
 13.4120
 13.4940
 14.0620
 14.2180
 14.4440
 14.5080
 15.8200
 16.5460
 16.7200
 16.9960
 17.1300
 17.8260
 18.2680
 18.6480
 18.7380
 18.7840
 19.0140
 19.0440
 19.4340
 19.5920
 20.0620
 22.4440
 22.6220
 22.8520
 23.2600
 23.4700
 23.5820
 24.4180
 24.9120
 26.4400
 26.6600
 26.8700
 27.4180
 28.0440
 29.1220
 29.1520
 29.6820
 31.3420
 31.6520
 32.0260
 32.9840
 33.0940
 35.1620
 35.5140
 35.8200
 36.9440
 36.9720
 39.5520
 40.0220
 40.3540
 41.0420
 41.7440
 42.7000
 44.9180
 44.9940
 45.6700
 47.0920
 47.7960
 48.4360
 48.6380
 49.7660
 50.7100
 50.8120
 51.5040
 52.1000
 55.5240
 55.6700
 58.0140
 58.0900
 61.3280
 64.5620
 69.2240
 71.4660
 79.2640


#Top pat = 19
  0.1800
  1.7840
  2.2540
  3.4680
  5.0820
  5.2180
  6.3240
  8.2680
  9.2140
  9.2620
 10.7080
 11.3520
 12.5980
 12.7320
 12.9360
 14.8640
 15.5260
 15.6640
 15.9560
 16.4640
 16.6600
 17.2800
 17.4280
 17.5800
 17.7960
 18.1580
 18.4400
 18.6300
 18.7540
 19.2700
 19.8300
 21.0780
 21.7980
 21.8800
 21.9180
 22.0800
 22.1780
 22.7740
 23.0420
 23.4100
 23.4520
 24.2900
 24.4120
 25.4920
 27.8020
 28.2720
 28.9860
 31.0840
 31.4740
 31.6660
 31.6800
 32.4360
 32.5920
 33.2460
 33.7680
 33.7820
 33.7940
 34.6380
 34.9500
 35.1940
 35.8800
 35.9000
 36.2960
 36.3560
 36.9300
 37.0460
 37.6980
 37.7900
 38.2220
 38.7080
 39.0220
 39.0460
 39.0960
 39.1360
 39.2200
 39.8520
 39.8820
 40.4460
 40.8580
 41.3960
 43.0260
 43.1260
 44.3540
 44.6200
 46.3880
 47.9960
 48.4020
 48.4120
 49.7820
 50.2080
 50.2260
 50.3040
 51.7000
 55.8240
 58.6400
 60.0160
 62.4860
 63.6100
 74.6780
 81.8080


#Top pat = 20
  2.1800
  2.7980
  2.8720
  3.7720
  3.9240
  4.7400
  5.2260
  5.6900
  6.5160
  7.2820
  7.5880
  7.6500
  8.3300
  8.5660
  9.7220
 10.9460
 11.3240
 12.3340
 12.4060
 13.7780
 13.7960
 14.2880
 14.3360
 14.3480
 14.8380
 15.3620
 16.8180
 16.8480
 16.8920
 17.4180
 19.1120
 19.2600
 19.6180
 19.6200
 19.8240
 20.4020
 20.4260
 20.4840
 20.7400
 21.8060
 21.8360
 21.9040
 22.0260
 22.7180
 23.2500
 23.3600
 23.5340
 24.0940
 24.6720
 24.8680
 25.1340
 25.2200
 26.5960
 27.5640
 29.1800
 29.1980
 29.6580
 29.8180
 29.9420
 30.1260
 31.1620
 31.5640
 32.0380
 32.9800
 33.1140
 34.7820
 35.2140
 35.3420
 35.4540
 35.6480
 36.6000
 36.7080
 36.7120
 36.9340
 37.3640
 37.6900
 37.8980
 37.9420
 38.5080
 38.5240
 39.5440
 40.9140
 41.2820
 42.7280
 44.4500
 45.2160
 45.7700
 46.1000
 46.3420
 49.8260
 52.6880
 57.9060
 58.1180
 59.1020
 60.9040
 64.0320
 68.1880
 69.1400
 71.9740
 78.5220


#Top pat = 21
  0.3660
  2.3600
  2.6700
  3.7180
  3.9060
  4.5340
  4.7120
  4.8420
  4.9100
  5.0380
  5.3640
  5.4440
  5.5980
  6.1020
  6.4740
  6.6640
  8.0480
  8.4060
  8.4400
 10.5900
 10.6260
 10.9140
 11.4400
 11.7080
 12.2240
 13.4420
 15.1560
 15.4000
 15.5740
 16.0360
 16.0560
 16.1740
 17.3140
 18.1540
 18.1840
 18.3460
 19.6540
 19.7500
 21.2800
 21.4840
 22.8260
 22.8260
 23.0140
 23.3280
 23.4540
 23.8840
 24.3120
 24.6620
 24.8780
 26.3880
 27.3640
 27.9360
 28.2440
 28.5380
 28.6080
 29.1360
 29.9720
 30.3680
 30.4080
 31.4140
 31.5000
 32.1460
 32.2920
 32.5720
 32.7120
 32.7580
 33.6880
 34.3700
 35.5020
 37.9920
 38.5460
 39.2360
 40.7700
 40.8200
 41.1640
 41.3420
 41.3740
 41.4180
 41.4400
 41.4960
 41.7360
 41.9840
 42.1260
 45.6560
 46.0540
 46.2080
 46.3020
 48.2080
 48.5320
 49.0320
 49.7440
 50.0600
 51.9840
 52.0460
 53.3980
 55.5560
 56.0160
 61.9960
 62.4080
 75.3700


#Top pat = 22
  0.1660
  0.3180
  2.2540
  4.2260
  4.4400
  4.5260
  4.6340
  4.6780
  6.0160
  8.2720
  8.4820
  8.6660
  9.1300
  9.7560
 10.7080
 10.8580
 11.3780
 11.4820
 12.2800
 12.6040
 12.6980
 12.7580
 12.9520
 13.1000
 13.1040
 13.3140
 13.4400
 13.8880
 13.9180
 15.1080
 15.2160
 15.3780
 15.9820
 17.2240
 17.2360
 17.3520
 19.2500
 19.3160
 19.7600
 20.0080
 21.0000
 21.5980
 21.6040
 23.0900
 23.1020
 23.2460
 23.5040
 23.5100
 24.8860
 25.0580
 25.4860
 25.7000
 26.7980
 26.8120
 27.9880
 30.3440
 31.1640
 32.5900
 32.9020
 33.6540
 33.8280
 34.1800
 35.7780
 36.7660
 38.0100
 38.6960
 38.9060
 38.9680
 39.7500
 40.1800
 40.4540
 40.6420
 41.4260
 41.5900
 41.6100
 41.9180
 42.3360
 42.5200
 43.5720
 44.1780
 44.2360
 44.2640
 45.0700
 45.9840
 47.6360
 47.6680
 49.2640
 52.8880
 53.6880
 53.9800
 54.0940
 54.7700
 55.5720
 56.8180
 59.9420
 62.8700
 70.8780
 71.2240
 71.7180
 89.4780


#Top pat = 23
  0.7360
  0.8580
  3.3520
  3.4880
  4.3100
  4.5780
  4.7680
  4.9880
  5.0080
  5.2080
  5.5360
  6.2700
  6.3480
  6.7800
  7.8360
  8.2760
  8.3080
  9.3540
 10.7100
 11.2820
 11.4500
 11.6140
 11.6700
 12.9500
 13.0180
 13.8300
 14.0940
 14.9400
 15.1800
 15.2680
 15.7620
 15.9160
 16.2140
 16.7100
 16.8600
 17.5860
 17.7020
 17.7800
 18.1060
 18.7680
 18.8420
 19.2480
 19.7220
 20.0420
 20.3420
 20.5860
 21.2260
 21.8060
 22.1400
 22.6780
 23.0120
 23.1460
 23.2840
 23.3500
 23.3780
 23.4560
 23.7800
 24.0600
 24.3820
 24.3900
 24.4680
 24.6920
 25.0140
 25.9560
 26.3900
 27.0220
 27.8760
 28.5060
 28.7800
 29.8620
 30.0420
 30.7600
 30.9880
 31.4480
 32.1960
 32.5420
 32.5500
 32.7400
 32.9620
 33.6540
 35.6640
 35.8920
 35.9280
 36.3020
 37.0180
 39.3920
 40.1380
 40.2040
 41.0440
 41.2940
 48.9000
 49.1940
 49.4400
 50.8520
 51.5200
 59.5920
 60.1360
 64.1440
 64.4140
 66.6780


#Top pat = 24
  0.0260
  0.3440
  1.9320
  2.3000
  4.0040
  4.1700
  4.5300
  4.8720
  6.2060
  6.2400
  9.3660
 10.3500
 10.4260
 10.5360
 10.9900
 11.1240
 11.4280
 11.9560
 12.2620
 13.0300
 13.1060
 13.7280
 13.9240
 14.4380
 15.3400
 16.0140
 16.8280
 16.9220
 17.4100
 17.5900
 17.8440
 19.0140
 19.2040
 20.1880
 20.2840
 20.9600
 21.0640
 21.2680
 21.3000
 21.3120
 21.4200
 23.2740
 23.9560
 24.2880
 24.7960
 24.9820
 24.9940
 25.0720
 25.3540
 25.7600
 25.9500
 26.1720
 26.7180
 26.7520
 27.1300
 27.2400
 27.4040
 29.2260
 29.3600
 30.2600
 30.2760
 32.6240
 32.7420
 32.7680
 32.9280
 32.9700
 33.3520
 33.4540
 33.6560
 34.3100
 35.1700
 36.2880
 37.5960
 37.8820
 38.0060
 38.0220
 38.8200
 38.9300
 39.0060
 39.2040
 39.2600
 39.7400
 39.9620
 40.5980
 43.1200
 43.2400
 44.3640
 44.7480
 48.8840
 49.0980
 52.5100
 53.3680
 53.5760
 56.1660
 57.4220
 57.5660
 58.4900
 59.9480
 71.0320
 76.1960


#Top pat = 25
  2.2500
  2.4780
  2.5400
  2.7660
  2.8740
  3.5680
  4.0100
  6.0220
  7.3940
  7.7100
  9.0720
  9.2420
  9.5780
  9.6340
  9.6820
  9.9900
 11.1480
 11.9160
 12.0000
 13.0080
 13.7520
 13.9560
 14.1820
 14.2000
 14.6160
 15.1960
 15.4040
 16.3400
 16.5680
 16.6240
 16.6640
 16.9280
 17.2260
 17.5780
 18.8120
 19.9940
 20.0880
 20.3400
 20.8060
 22.1380
 22.2400
 23.5900
 23.9940
 24.3540
 24.6680
 25.7680
 25.9060
 26.6760
 26.9720
 27.1240
 27.1320
 27.5440
 27.9000
 29.3220
 29.5200
 29.5400
 29.8720
 30.5560
 31.6720
 31.8880
 32.9280
 33.3420
 33.4380
 33.6760
 34.2580
 35.3980
 36.3760
 37.2460
 37.4120
 38.4800
 39.2160
 39.4420
 39.6280
 41.2680
 41.6300
 42.2640
 42.9240
 43.1040
 43.7540
 43.7540
 45.6280
 46.0060
 46.2880
 47.0320
 47.2540
 47.6380
 48.9400
 49.2360
 49.7460
 50.7840
 51.3120
 52.6460
 53.2840
 54.7420
 57.1440
 59.3040
 59.8280
 62.8920
 66.6660
 69.8640


#Top pat = 26
  1.1260
  1.1400
  2.4360
  2.8780
  3.3220
  3.7720
  4.1500
  4.6280
  4.7740
  4.9920
  5.0060
  6.4260
  6.7780
  7.1840
  7.4300
  8.0680
  8.5240
  9.0340
  9.5500
 10.2300
 10.6540
 11.5860
 11.9400
 12.1440
 12.1800
 14.4520
 15.0160
 15.0460
 15.1880
 16.4880
 16.6500
 16.7660
 16.9000
 16.9160
 17.0000
 17.4300
 17.4520
 19.5540
 19.8660
 20.3400
 20.4760
 20.7020
 21.0160
 21.4640
 22.3360
 23.0860
 23.4100
 24.7900
 24.8080
 25.0060
 25.1660
 26.0440
 27.1280
 27.3000
 27.6880
 27.7120
 28.0100
 28.2160
 28.8460
 29.6280
 29.7400
 29.8960
 32.0180
 32.7280
 33.8460
 33.9220
 34.2300
 35.9620
 36.0180
 36.0760
 36.5280
 37.3320
 37.5320
 38.2220
 39.4040
 39.7760
 40.0600
 40.4980
 42.7740
 43.3120
 43.3940
 44.2420
 44.7660
 45.1900
 46.3760
 47.0440
 48.9960
 49.1560
 49.2820
 52.9380
 53.4540
 57.9540
 59.0180
 59.3760
 60.1880
 65.8380
 68.3820
 71.0580
 74.8820
 75.1880


#Top pat = 27
  1.3760
  2.7900
  3.5420
  4.2420
  5.0160
  5.2660
  5.8780
  6.0680
  6.1660
  6.9420
  8.5200
  8.6100
  8.6200
  9.0380
  9.4200
 10.4220
 12.1220
 12.1880
 12.9500
 13.7280
 14.0780
 15.7380
 16.6980
 16.7140
 17.0740
 17.0860
 17.6140
 17.7060
 17.9540
 18.0500
 18.1260
 18.8460
 18.9540
 19.0200
 19.0340
 19.0940
 19.4520
 19.6080
 19.6100
 20.3100
 20.5900
 21.0140
 21.3640
 21.7000
 22.1020
 22.7320
 23.2640
 23.2800
 23.3340
 24.3820
 24.4620
 26.4900
 26.5200
 26.8940
 27.4880
 30.2800
 30.7020
 30.7780
 31.8020
 31.8900
 31.9260
 32.5960
 32.6980
 33.2960
 34.0720
 34.2260
 35.1000
 35.2160
 35.5720
 36.3480
 36.3600
 36.8460
 37.9200
 39.6240
 41.2360
 41.3440
 41.4300
 41.6740
 43.5420
 44.5700
 45.8720
 46.7180
 47.3660
 47.8360
 48.8200
 49.4160
 50.9940
 51.2460
 54.4520
 54.6740
 59.8840
 59.9120
 63.6820
 64.2560
 66.6580
 74.5300
 76.2220
 76.3200
 76.9760
 83.3840


#Top pat = 28
  0.0360
  0.4020
  1.2140
  1.4380
  1.5040
  2.7160
  4.4140
  5.4820
  5.6320
  6.2640
  6.7440
  7.1940
  7.7940
  8.3820
  8.9960
  9.1980
 10.4260
 11.0360
 11.0680
 11.1960
 11.2100
 11.9400
 13.3380
 13.4720
 13.8280
 14.5520
 14.7640
 14.9360
 15.0040
 15.4280
 15.6320
 15.7440
 16.9920
 18.0420
 18.5420
 19.6780
 19.9420
 20.0040
 20.5660
 20.7680
 22.8660
 23.6660
 24.0180
 24.0620
 24.1720
 25.1860
 25.7560
 25.7620
 25.9240
 26.6600
 27.2820
 27.4980
 27.6040
 29.1260
 29.4780
 29.7120
 30.4920
 31.2440
 31.6040
 32.5980
 33.1840
 33.2240
 34.3440
 34.5880
 34.7080
 35.6140
 36.0120
 36.2260
 36.2960
 37.5980
 37.9060
 38.5400
 39.1000
 39.5380
 39.6100
 39.8360
 39.8860
 40.0000
 40.9360
 41.4740
 41.9480
 43.3920
 46.3420
 46.4360
 47.0100
 47.5280
 47.8280
 48.6760
 50.5000
 50.9100
 53.0440
 53.8820
 56.7740
 58.4760
 61.1000
 63.6480
 63.6820
 65.6080
 75.6040
 95.3760


#Top pat = 29
  0.5920
  2.1180
  3.0120
  3.5060
  6.0700
  7.5400
  9.4580
  9.4600
 10.4380
 10.4980
 10.5480
 11.2060
 11.8760
 11.9860
 12.1020
 12.5080
 12.5500
 14.1660
 14.2520
 14.7800
 15.2480
 15.4660
 15.9760
 16.2740
 16.3100
 16.7840
 16.9020
 17.5640
 17.8960
 18.0740
 18.2940
 18.8900
 18.9100
 18.9200
 18.9300
 19.8360
 20.1180
 20.7900
 21.9860
 22.8380
 23.4160
 23.6280
 25.0760
 25.1700
 25.2020
 27.3760
 27.7160
 27.7380
 28.3900
 28.5240
 28.5560
 28.8900
 29.6840
 30.1180
 30.7220
 30.9380
 31.2360
 31.4920
 32.5980
 33.7000
 34.0500
 34.0580
 34.5160
 34.5240
 34.8440
 35.7060
 36.1860
 36.2520
 37.5080
 37.7440
 37.7920
 38.1800
 38.5140
 42.3220
 42.7320
 42.8260
 43.0540
 43.6360
 44.4900
 45.0680
 45.4280
 45.6200
 45.8840
 47.4600
 47.4700
 47.8160
 48.0160
 49.0600
 51.1120
 54.4100
 55.3240
 56.2140
 57.8000
 58.0620
 58.1900
 58.7420
 60.4120
 68.6680
 71.1720
 74.8920


#Top pat = 30
  1.0920
  1.1920
  1.9440
  2.5800
  2.7840
  3.4260
  3.9900
  4.2100
  4.8980
  5.6060
  7.2340
  7.4060
  7.7240
  7.9280
  8.7080
  8.7820
  9.3700
  9.4680
 10.1400
 10.4340
 12.4820
 13.2420
 13.7220
 14.6760
 14.7620
 14.7920
 14.9420
 15.0660
 15.3080
 16.9300
 16.9780
 18.0240
 18.1580
 18.2320
 18.4480
 18.9900
 20.1040
 20.7080
 20.8500
 21.1780
 21.9380
 22.0780
 22.2300
 22.3980
 22.5340
 22.7260
 23.0000
 23.8120
 24.4900
 25.5980
 26.5720
 28.0340
 28.3460
 28.5100
 28.6140
 28.8760
 29.0780
 30.8020
 32.1300
 32.9880
 33.2360
 33.2700
 33.4880
 33.8120
 34.6320
 34.9240
 34.9340
 35.1860
 36.9760
 39.7260
 40.1440
 41.0760
 41.8180
 42.3160
 42.3180
 43.6040
 43.9840
 45.8660
 45.9780
 46.9780
 47.1980
 49.4680
 50.0700
 50.6980
 50.7220
 51.4180
 51.8780
 52.3820
 53.1300
 53.1800
 55.2140
 55.3520
 56.6020
 57.4000
 58.0440
 60.6480
 61.1800
 66.7540
 72.8160
 73.7180


#Top pat = 31
  0.5600
  2.7220
  2.7960
  2.8460
  3.8800
  4.0760
  5.4300
  7.1740
  7.6900
  7.9040
  8.6500
  8.9560
 11.1720
 11.4520
 12.7540
 13.3980
 13.6380
 15.0560
 16.2780
 16.3660
 16.7040
 17.6320
 18.4000
 18.5840
 18.6280
 18.6420
 18.9180
 19.1380
 19.3240
 20.2260
 20.3980
 20.9540
 21.1980
 21.7200
 21.7660
 21.8200
 23.3160
 23.3500
 23.6740
 25.1780
 25.1960
 26.2960
 26.5880
 27.7040
 27.8280
 28.1260
 28.4140
 29.0800
 29.8360
 30.0520
 30.2080
 30.3940
 30.4520
 31.1660
 31.5580
 32.2340
 32.7000
 33.6300
 33.6300
 33.8160
 34.2780
 35.3080
 35.4000
 35.9120
 36.0540
 36.4100
 37.8100
 37.9680
 38.4500
 38.6540
 39.2900
 40.1300
 40.5360
 41.3480
 41.7080
 42.0340
 44.9500
 45.4680
 46.4160
 47.2360
 47.4900
 49.1180
 50.9920
 52.2300
 54.0460
 54.7200
 54.7540
 56.5460
 56.5760
 58.0660
 58.9420
 58.9900
 59.2840
 61.1920
 61.3000
 61.3140
 61.3400
 65.7740
 66.9660
 69.7840


#Top pat = 32
  2.1140
  3.6480
  4.2580
  6.4860
  6.8780
  7.9260
  8.2120
  8.5440
  8.7700
  8.8460
  8.9280
  9.2720
 10.2280
 10.7200
 12.8140
 12.8300
 13.9080
 15.0540
 15.0880
 15.5340
 15.6880
 15.9140
 16.0360
 16.9860
 17.8840
 18.2460
 18.3920
 20.3920
 21.0220
 21.0440
 22.0120
 22.2060
 22.4460
 22.4680
 23.3520
 23.5380
 24.7380
 24.9960
 25.0500
 25.0660
 25.1740
 25.7280
 25.7780
 25.9140
 26.7360
 27.0000
 27.2120
 27.3380
 27.3640
 27.4600
 28.4360
 29.0200
 29.3020
 29.5660
 30.5700
 30.9960
 30.9980
 31.3640
 31.8200
 32.6840
 32.8300
 32.8420
 32.8900
 34.7420
 35.5320
 35.6060
 35.6380
 35.9260
 35.9800
 36.0160
 36.9300
 37.2960
 38.1860
 38.2840
 38.7260
 39.6840
 39.8620
 40.0040
 40.1300
 40.4520
 41.1960
 41.3860
 41.9000
 42.2760
 44.1280
 44.5940
 48.0900
 48.1820
 48.6140
 48.6280
 48.9180
 50.9820
 51.7060
 52.7580
 53.6300
 54.2260
 54.7880
 55.9620
 57.2420
 63.9400


#Top pat = 33
  0.5020
  2.3120
  3.6340
  4.8040
  5.3080
  5.3160
  5.5340
  5.8880
  6.2200
  6.7420
  6.9220
  8.1240
 10.2160
 12.1440
 13.0340
 13.0480
 13.5680
 14.8220
 15.0580
 15.1400
 15.4400
 15.4400
 15.9820
 17.8920
 18.0980
 18.5200
 19.2260
 20.2540
 20.7880
 20.8740
 20.9900
 21.6840
 22.0160
 22.7100
 22.7180
 23.1140
 23.5540
 24.0000
 24.3980
 24.4900
 24.7480
 25.0320
 25.9360
 27.0540
 27.2560
 27.3180
 27.3200
 27.8540
 27.8560
 27.9160
 29.8700
 30.1040
 30.1220
 31.6480
 31.9800
 32.0340
 32.6140
 33.0360
 33.3400
 33.3900
 33.8480
 34.3820
 34.9320
 35.3160
 35.4740
 35.6160
 35.7460
 37.6480
 37.8560
 39.2340
 39.2440
 39.5200
 40.0640
 40.9520
 41.0040
 41.1440
 42.0880
 42.5880
 42.9900
 43.0980
 43.4980
 43.5760
 44.2700
 44.6260
 45.8240
 46.0320
 46.4880
 46.9500
 47.6440
 49.6600
 50.1400
 50.9640
 55.5500
 59.3280
 60.2340
 61.6940
 63.3620
 65.4080
 74.1000
 75.2600


#Top pat = 34
  0.4720
  1.0500
  1.0940
  1.1280
  1.3900
  2.7820
  2.9940
  4.5100
  4.6200
  4.6960
  5.4460
  5.8640
  6.6980
  7.1940
  7.5880
  8.4520
  8.8420
  8.9720
  9.6120
 10.6960
 11.7600
 12.5900
 13.1460
 13.9800
 13.9980
 14.8160
 14.9980
 15.0400
 15.5600
 15.6780
 16.5540
 17.9580
 17.9820
 18.4940
 19.1440
 19.6160
 20.0300
 21.3740
 22.1000
 22.1460
 22.9640
 23.0100
 23.1760
 23.2780
 23.3260
 24.0760
 24.2200
 25.0180
 26.4520
 27.2280
 27.4920
 28.1520
 28.9180
 30.3240
 30.4180
 30.5800
 30.9440
 31.1520
 31.4920
 32.1180
 32.2080
 33.4280
 33.4860
 33.7160
 33.9360
 35.0600
 35.5180
 35.9000
 36.7720
 37.1780
 38.1280
 38.3520
 39.1860
 40.8260
 41.7880
 42.9900
 44.0300
 44.1300
 44.3420
 45.4920
 46.2420
 46.4360
 46.7560
 46.8040
 46.9400
 47.2640
 49.1240
 49.7500
 49.9880
 50.8460
 51.8820
 52.6280
 54.2260
 54.5340
 54.6180
 59.4120
 68.0000
 69.4640
 70.9960
 75.1480


#Top pat = 35
  0.7080
  1.5260
  2.0780
  3.5820
  3.7500
  4.2300
  5.5580
  6.1400
  6.4700
  7.9760
  9.9600
 10.8340
 11.1340
 11.1960
 11.4820
 11.5160
 11.8280
 11.8400
 11.9380
 12.2340
 12.5140
 14.3460
 14.7620
 14.8860
 15.3840
 16.0080
 16.1380
 17.1120
 17.4920
 18.3180
 20.5920
 20.8320
 21.0160
 21.1300
 21.3740
 22.4180
 23.2080
 23.4300
 24.0340
 24.1320
 24.4480
 25.6780
 26.1160
 27.0860
 27.2220
 27.6040
 28.0560
 28.0760
 28.0780
 28.1340
 28.4100
 28.4820
 28.8540
 28.9000
 30.0620
 30.5060
 31.1200
 31.9640
 32.9100
 33.0380
 34.2920
 34.3120
 34.4420
 34.5140
 35.7560
 36.4500
 37.6580
 37.8300
 38.5440
 40.6380
 40.9520
 40.9720
 41.2920
 42.6240
 43.4440
 44.5820
 45.1080
 45.3300
 46.5500
 47.4360
 47.4540
 47.8800
 48.8160
 49.2920
 49.2940
 49.3520
 51.9460
 52.0280
 53.4040
 55.8120
 55.8740
 56.8880
 57.3600
 57.4480
 57.5740
 58.0060
 58.1780
 59.5440
 66.2680
 71.5720


#Top pat = 36
  1.0740
  1.6440
  2.0720
  3.5460
  6.0160
  6.4000
  7.0280
  7.0360
  7.1160
  8.8600
  9.3880
  9.6020
 10.1240
 10.3580
 10.9540
 12.3320
 13.1180
 13.5060
 15.4920
 15.8820
 16.4400
 16.6920
 17.3760
 17.7760
 18.3040
 18.7540
 19.5440
 20.2920
 20.4760
 20.5960
 20.6300
 20.7060
 21.6540
 21.9900
 22.0580
 22.4140
 22.9300
 23.0900
 23.2760
 23.9680
 23.9900
 24.3280
 24.5580
 24.6000
 24.6440
 25.1180
 25.2880
 26.7720
 27.0460
 27.1660
 27.9280
 28.2200
 28.5700
 29.5100
 29.7940
 30.1600
 30.5080
 31.3440
 31.5220
 32.9280
 33.0460
 33.4600
 34.3620
 34.3760
 35.1280
 35.5440
 36.1140
 36.2260
 36.8720
 36.9720
 37.4320
 39.4880
 39.7020
 40.3380
 40.8060
 41.8760
 42.3060
 42.6980
 43.4460
 45.2240
 45.9800
 46.8800
 47.3860
 48.0640
 48.3360
 48.3760
 48.4480
 49.5500
 49.8820
 50.1880
 50.4080
 51.2700
 52.2300
 52.4900
 56.2800
 56.5500
 58.9400
 60.0520
 62.3200
 63.6660


#Top pat = 37
  1.4280
  1.7020
  3.0760
  3.8720
  4.6120
  5.0200
  5.6700
  6.9240
  7.3540
  7.4200
  8.0200
  8.1520
  8.1860
  8.3880
  8.8140
  9.3920
 11.4740
 12.1420
 12.4580
 13.3120
 13.3480
 13.9160
 13.9780
 14.8980
 15.1040
 15.2720
 15.3280
 16.0140
 16.3000
 16.5400
 16.6040
 16.6900
 17.0820
 17.2460
 19.1360
 20.3540
 20.3660
 20.5760
 21.1640
 22.1480
 22.2120
 22.2160
 22.2180
 22.4560
 23.0780
 24.3400
 24.8600
 25.4640
 25.8860
 26.1780
 26.2980
 26.4380
 26.4520
 27.0740
 27.3900
 27.4040
 28.1920
 29.1600
 29.2440
 29.8320
 30.0440
 30.8980
 32.6620
 32.8980
 33.2960
 33.5460
 33.5680
 33.9020
 35.3000
 35.4960
 35.7640
 37.3680
 37.9940
 38.3140
 39.5380
 40.6700
 41.2200
 41.5840
 42.2700
 42.7080
 43.2280
 43.2920
 43.6760
 45.4880
 45.5000
 46.0260
 47.6920
 49.6000
 50.2620
 51.6540
 52.2160
 52.8100
 54.6520
 56.1540
 56.6460
 58.0060
 59.9560
 62.2760
 64.9120
 84.5120


#Top pat = 38
  3.8820
  4.4800
  6.2300
  6.9820
  7.2960
  7.3460
  7.6220
  8.0340
  8.2800
  8.3240
  8.7040
  9.7560
  9.9860
 10.4920
 10.5920
 11.0580
 12.1960
 14.3280
 14.7640
 14.8580
 15.3160
 15.7240
 15.7560
 16.6900
 17.4400
 18.3680
 18.6740
 18.9000
 20.0180
 20.2040
 20.8780
 21.7100
 22.9400
 23.1380
 24.3620
 24.6540
 24.8060
 25.1400
 25.4160
 26.2280
 26.9000
 27.9780
 28.5500
 29.0340
 29.3160
 29.4740
 29.5320
 30.1340
 30.1520
 30.4860
 30.8500
 30.9880
 31.5920
 31.7140
 32.0900
 32.8460
 33.0580
 33.1600
 33.7320
 34.5460
 34.6780
 35.4020
 35.4020
 36.1340
 36.4940
 36.7000
 37.2600
 38.2140
 39.5940
 39.7220
 40.6280
 40.6620
 41.1220
 41.6100
 42.0600
 42.3320
 43.1680
 43.2840
 43.5060
 43.7900
 46.1700
 46.4940
 46.6380
 46.7720
 47.0420
 47.6420
 48.0580
 48.3440
 49.5800
 52.9360
 53.3920
 54.7620
 54.8120
 55.3980
 57.1020
 58.5740
 60.1360
 61.1540
 61.3580
 65.7260


#Top pat = 39
  3.0420
  3.5140
  3.8180
  5.5820
  6.1360
  6.8340
  7.0880
  7.7880
  8.4100
  8.8720
  9.6680
 10.0280
 10.5660
 11.0240
 11.1680
 11.9020
 12.0820
 12.3440
 12.6140
 12.6200
 12.7360
 12.9480
 13.0540
 13.1200
 13.3100
 13.3980
 14.0920
 14.7000
 15.1240
 15.5500
 16.0480
 16.6340
 16.9700
 17.2800
 17.3480
 18.2780
 19.2460
 19.3480
 19.4160
 19.7260
 20.1120
 21.2880
 24.1620
 24.1820
 24.5300
 24.6460
 24.9740
 25.5060
 27.0160
 27.4480
 27.4920
 29.0680
 29.4100
 29.5320
 30.0500
 30.3800
 30.4300
 30.9160
 31.9620
 32.8360
 33.4100
 33.5140
 33.5900
 33.5900
 34.1280
 34.5820
 35.6960
 36.5200
 37.6500
 38.2640
 38.5660
 38.8560
 39.0760
 39.4880
 41.5540
 41.6420
 41.6900
 43.6640
 43.8740
 44.2060
 47.5980
 48.1160
 48.8760
 49.4120
 49.5000
 49.5140
 49.5560
 50.1300
 51.4440
 52.1220
 52.3160
 56.8880
 57.0400
 57.5560
 58.2060
 59.0900
 60.3360
 62.9160
 63.4720
 73.2100


#Top pat = 40
  1.2680
  1.9420
  3.8760
  4.0700
  4.4180
  4.9140
  6.2840
  7.3060
  7.3540
  7.3820
  7.9420
  8.1900
  8.7120
  8.7140
  9.6700
 11.7280
 11.7500
 11.9640
 12.2620
 12.4020
 13.4220
 14.0660
 14.2580
 14.6240
 15.3540
 16.1300
 16.5180
 16.7340
 16.9020
 17.2460
 17.8000
 18.5900
 18.6260
 18.9400
 19.2600
 19.5780
 19.6280
 19.9780
 21.1420
 21.2720
 21.6940
 22.1240
 22.7500
 23.5940
 24.3580
 25.0840
 26.1840
 26.3440
 26.8060
 27.3080
 27.3480
 27.3920
 27.5260
 27.7180
 27.7800
 28.3800
 28.6660
 29.4080
 29.9160
 30.2720
 30.5400
 32.6420
 32.8380
 33.4380
 33.6360
 33.6820
 34.2440
 35.3880
 35.9500
 36.4860
 37.0620
 38.3340
 39.4960
 41.4380
 42.6880
 45.2460
 45.4360
 46.0940
 46.3980
 46.5980
 46.6700
 46.7820
 47.6340
 48.3540
 49.2240
 50.3220
 50.4360
 51.7380
 52.1400
 52.8500
 53.0200
 53.6420
 58.6100
 59.4120
 59.4200
 59.7320
 61.4420
 65.6260
 74.4280
 79.0800


#Top pat = 41
  0.8100
  1.0120
  1.2840
  1.4000
  2.6260
  2.9180
  3.9300
  4.4240
  5.5780
  5.8600
  6.6540
  6.8320
  6.8960
  8.1960
  8.9840
 10.1940
 10.2900
 10.4740
 10.5000
 10.8360
 11.4460
 11.8760
 12.2180
 12.2720
 13.0140
 13.2320
 13.6720
 13.9340
 14.4160
 15.2740
 16.4240
 16.8040
 16.9460
 17.3120
 17.4780
 17.6880
 17.9600
 18.6800
 18.7460
 19.1600
 19.3680
 19.5560
 19.8420
 20.2020
 20.4360
 20.4820
 21.7320
 22.0100
 22.0960
 22.9520
 22.9920
 23.6340
 23.8140
 25.8400
 27.0900
 27.1300
 27.7400
 28.4560
 29.8440
 31.1960
 31.4100
 31.9720
 32.4040
 32.6300
 33.9580
 34.4380
 34.5660
 35.5740
 36.0460
 36.7720
 36.8840
 37.5440
 38.9000
 40.2920
 41.3140
 43.6340
 45.0020
 45.2680
 45.9080
 47.5720
 50.1720
 50.2520
 50.3220
 50.3360
 50.5460
 50.7240
 54.9800
 55.3120
 55.5620
 56.1500
 56.2980
 56.3040
 56.3460
 56.4640
 63.2060
 63.4840
 66.4560
 67.6560
 69.7460
 81.7440


#Top pat = 42
  1.1480
  2.9460
  3.2440
  3.6440
  3.6620
  3.7540
  4.4000
  5.3440
  6.6260
  6.8560
  6.8760
  7.4160
  9.2640
  9.4620
 10.3540
 11.0380
 11.0780
 11.5840
 11.6260
 11.9720
 12.5000
 14.2180
 15.2500
 16.7120
 17.0080
 17.0620
 17.4220
 18.1560
 18.6620
 18.6880
 19.4340
 19.6660
 20.1860
 20.7720
 22.7520
 23.4420
 23.9660
 24.2740
 24.4680
 24.5420
 25.4280
 25.6780
 26.5360
 27.0720
 27.8060
 28.4420
 28.6000
 28.7060
 29.3440
 29.5040
 29.6860
 29.8100
 30.1240
 30.5520
 31.1300
 31.3040
 33.0220
 33.2920
 33.3360
 33.5200
 33.9620
 34.4580
 34.5900
 34.6120
 35.7020
 36.3660
 37.6160
 37.7820
 38.6860
 41.5980
 42.7300
 43.0400
 44.7000
 45.9340
 46.1860
 47.8880
 48.6200
 48.8540
 49.5200
 50.1400
 50.2000
 51.0440
 51.8560
 51.9720
 52.1840
 52.2740
 52.6500
 52.8160
 53.4660
 53.6380
 54.0640
 54.0720
 54.3660
 54.5660
 56.2900
 58.7020
 60.5780
 61.6860
 62.0140
 63.2560


#Top pat = 43
  0.7380
  1.2420
  1.3880
  3.3140
  4.3360
  5.7840
  6.7320
  7.0580
  7.3200
  7.4780
  7.8220
  8.4260
  8.8520
  9.2740
  9.2760
 10.7240
 12.7000
 13.0300
 14.6860
 14.7700
 14.9200
 15.3920
 15.9500
 16.7060
 17.1580
 17.4740
 17.5380
 18.4380
 18.9380
 19.4920
 19.6380
 20.2600
 20.6920
 20.9240
 21.0140
 21.1880
 21.2100
 21.3360
 21.4200
 21.4980
 22.3660
 22.9680
 23.0600
 24.1260
 24.4380
 26.2920
 26.4120
 26.7100
 27.2480
 27.3740
 27.7480
 27.9060
 29.3200
 29.4280
 29.4380
 29.5440
 30.4120
 30.5160
 31.4700
 31.8040
 31.9500
 32.5320
 33.1600
 33.3080
 33.4640
 34.2100
 34.7680
 35.1860
 35.7780
 35.8640
 36.0860
 36.1240
 36.1360
 36.2760
 36.3780
 36.9280
 37.6180
 37.7700
 38.9380
 39.2380
 40.0260
 40.6100
 42.4480
 44.1440
 44.7640
 45.7780
 46.0840
 47.0500
 48.4180
 48.6120
 49.3060
 52.9340
 54.1880
 57.4580
 57.9380
 59.7380
 61.7440
 63.8060
 73.6240
 84.0460


#Top pat = 44
  0.1540
  1.3020
  3.5400
  3.7280
  4.7580
  4.8720
  5.7600
  6.2460
  6.4780
  6.5260
  6.7740
  6.9700
  7.5640
  8.3040
  9.4140
 10.1700
 10.1920
 10.2440
 10.3900
 10.6700
 11.9180
 12.1160
 13.5780
 13.7860
 14.3820
 14.4280
 14.5040
 14.7440
 15.7920
 16.7200
 17.2480
 17.8340
 18.3360
 19.1840
 19.7360
 19.9180
 20.0500
 21.5200
 21.7340
 21.9220
 22.3960
 23.2260
 23.2480
 23.6240
 23.6560
 24.0000
 24.1540
 24.9080
 25.9600
 26.1580
 27.2780
 28.5600
 28.5940
 28.6580
 29.8740
 29.9040
 30.0140
 30.5160
 30.9300
 30.9700
 32.1400
 32.5980
 33.0280
 35.2000
 35.7240
 36.6700
 37.9160
 38.5120
 38.5360
 39.3760
 39.5580
 39.9740
 40.3200
 40.3460
 40.6320
 42.0100
 42.2880
 42.9040
 43.3400
 44.7280
 44.7380
 46.3080
 46.7260
 46.7580
 48.3840
 48.8780
 48.8840
 51.9700
 52.2680
 53.8040
 53.8400
 57.9620
 59.1240
 62.3480
 62.7120
 63.7340
 65.5960
 66.1200
 67.1100
 67.4540


#Top pat = 45
  0.6320
  1.1420
  3.1680
  3.6160
  4.4900
  6.8020
  6.8120
  6.8440
  6.8940
  7.2200
  7.3900
  7.5420
  8.0680
  8.6340
  8.9280
  8.9840
  9.5000
 10.1800
 10.2560
 11.7880
 11.9060
 12.0040
 12.3680
 12.4940
 13.1380
 13.9840
 14.2580
 14.3660
 14.4180
 14.6960
 15.1260
 15.3100
 15.3960
 16.1440
 17.9240
 19.7560
 20.2780
 21.0460
 21.3720
 22.0600
 22.4280
 23.2740
 24.0600
 24.2360
 25.2540
 25.6640
 26.0780
 26.4780
 26.5320
 26.6780
 26.9840
 27.0780
 29.0620
 29.0900
 29.1820
 29.3800
 29.5000
 29.5920
 29.6740
 30.1020
 31.0260
 31.3740
 32.6540
 33.0820
 33.3480
 35.2940
 36.8620
 37.4720
 37.9900
 38.3780
 38.4740
 38.8780
 38.9220
 38.9680
 39.3920
 40.2100
 40.2240
 40.4760
 41.8640
 42.9060
 44.2640
 44.7680
 45.4600
 46.2780
 48.0340
 48.2240
 49.0300
 49.5060
 50.1880
 50.4060
 50.5900
 54.2220
 54.2440
 57.4380
 58.0300
 58.9700
 62.9580
 63.8400
 70.3540
 74.3660


#Top pat = 46
  1.2540
  1.3000
  2.0880
  3.5180
  3.5460
  3.9520
  5.3260
  6.5160
  6.9280
  7.0320
  9.8820
 10.2700
 10.5440
 10.5560
 10.9200
 12.9820
 13.2660
 13.3800
 16.0980
 16.2320
 16.6960
 17.0440
 17.6080
 18.6660
 18.8100
 19.4560
 20.7720
 21.7880
 22.0480
 22.1180
 22.8600
 22.9480
 23.0460
 23.6340
 23.6420
 24.3140
 25.2360
 27.0060
 27.4160
 27.5660
 28.1640
 28.3320
 29.0580
 29.7360
 30.5020
 30.9160
 31.0160
 31.1080
 31.2000
 31.8940
 32.0960
 32.3720
 32.9100
 33.7540
 33.7600
 34.1580
 34.5700
 34.6540
 35.1800
 35.1880
 35.2180
 35.5040
 35.7100
 36.0160
 36.4820
 37.1580
 37.1700
 37.5060
 39.6740
 40.3160
 40.9920
 41.3080
 41.9240
 44.6480
 44.8260
 44.9440
 45.6620
 46.5080
 47.2220
 47.5060
 47.5340
 47.6500
 47.7140
 48.2800
 49.6700
 49.8600
 50.0060
 50.2380
 57.3640
 57.9500
 58.3980
 58.4260
 58.7720
 58.9200
 59.7860
 61.7860
 63.3080
 67.6360
 69.4400
 76.0840


#Top pat = 47
  0.0980
  0.7620
  0.7760
  1.2480
  1.9600
  3.0380
  4.8380
  6.8140
  9.4400
 12.3860
 12.8100
 13.1520
 13.4420
 13.5360
 14.1360
 15.6320
 15.7520
 15.7700
 15.9280
 16.2780
 16.3100
 16.6940
 16.7340
 16.8640
 17.4880
 18.0720
 19.0700
 19.1140
 19.6280
 20.0100
 20.0780
 20.4480
 20.8200
 22.5960
 22.6220
 22.8740
 22.9620
 23.5060
 23.6160
 23.6560
 23.8940
 24.2920
 24.4980
 24.5800
 26.6220
 27.5000
 28.0400
 28.1760
 28.5700
 28.8180
 28.9020
 30.4960
 31.9540
 32.1760
 32.7560
 33.5180
 34.0160
 34.3160
 34.5980
 34.6660
 34.8560
 35.6660
 35.8800
 36.3160
 36.8120
 37.7760
 38.4280
 39.5120
 39.8300
 39.9900
 41.0980
 41.8520
 42.2460
 42.3300
 43.0360
 43.5200
 44.1980
 44.3280
 45.5180
 45.5180
 45.9000
 46.3300
 47.8360
 48.8280
 49.4940
 50.0300
 50.0740
 50.1340
 51.2280
 51.5540
 54.3480
 54.7600
 55.8180
 62.2100
 67.4460
 68.2160
 68.3840
 69.0080
 69.4340
 69.5320


#Top pat = 48
  0.7180
  2.4620
  4.1160
  4.1540
  4.5000
  5.4680
  5.8960
  6.3660
  9.3240
  9.5380
 10.3160
 10.8520
 11.2680
 12.1820
 12.8460
 13.0120
 13.2200
 13.7180
 13.8180
 14.1200
 14.1680
 15.2220
 15.4680
 17.8440
 17.9760
 18.0700
 19.2020
 19.2040
 19.4820
 20.3700
 21.4180
 21.9000
 22.4400
 22.9400
 22.9980
 23.3160
 23.7440
 24.0220
 24.1000
 25.4420
 25.5480
 25.8420
 26.1420
 26.7400
 26.9760
 27.1820
 27.2460
 27.3460
 29.4080
 29.8460
 30.0360
 30.2160
 30.3840
 30.5920
 30.6240
 30.6840
 31.7120
 31.9220
 32.5220
 32.6600
 33.5160
 33.9940
 34.1940
 34.3520
 34.6560
 34.8560
 35.3060
 35.3840
 37.5160
 39.4860
 39.9900
 41.3500
 42.7060
 43.4300
 44.9860
 45.1500
 45.2980
 45.7440
 46.0700
 46.8600
 47.1740
 47.5800
 48.6120
 48.8820
 50.2300
 50.6420
 51.1720
 51.8540
 55.0660
 58.4180
 58.6300
 59.7000
 60.8720
 63.3340
 65.1240
 67.2540
 69.5040
 69.7520
 71.9360
 80.4560


#Top pat = 49
  0.9040
  1.5440
  3.4500
  3.5400
  3.6180
  4.7880
  4.7920
  5.3060
  6.0060
  6.2240
  6.6500
  7.4340
  7.6660
  7.6960
  8.1320
  8.9200
  9.1460
 10.1020
 10.2420
 10.5980
 11.7660
 11.9760
 12.4540
 13.0920
 13.2640
 13.3520
 14.7280
 15.3080
 15.9900
 16.0700
 16.4440
 18.2400
 20.7640
 20.9420
 21.0440
 21.1480
 22.1280
 22.6300
 22.7280
 23.9100
 24.4580
 24.5620
 25.0240
 25.9540
 26.2880
 27.0480
 27.2660
 28.0280
 28.7000
 29.2440
 30.9640
 30.9880
 31.1120
 31.5180
 31.6800
 32.4200
 33.5520
 33.7920
 34.0200
 34.2000
 34.3200
 35.7760
 36.2840
 36.8940
 37.9700
 38.1320
 38.1580
 38.8800
 39.0520
 39.1280
 39.2200
 39.6720
 40.0580
 40.1100
 40.4760
 41.4380
 42.3760
 42.5400
 42.5700
 42.6620
 43.1620
 43.9400
 44.0580
 44.0780
 44.1720
 44.9240
 46.2660
 47.6840
 49.1900
 50.8160
 51.8980
 52.4900
 53.2240
 54.4380
 55.7040
 55.7660
 56.0020
 65.3400
 71.7120
 80.4200


#Top pat = 50
  1.5140
  2.5960
  4.5700
  4.7100
  4.9580
  5.0100
  7.4620
  7.9000
  8.3020
  8.3220
  8.5640
  9.4760
  9.6160
  9.8960
 10.8240
 11.0760
 11.6880
 11.9180
 11.9580
 12.1460
 12.4100
 12.6980
 12.9640
 13.0180
 13.1620
 13.2220
 13.4960
 13.8260
 14.0320
 14.3940
 14.5620
 14.7020
 14.9460
 15.5140
 15.9060
 15.9860
 16.2400
 16.5200
 16.5500
 16.7720
 17.1900
 17.2520
 17.7880
 17.9820
 18.3360
 18.7400
 19.2140
 20.4520
 21.2420
 21.6100
 21.8880
 22.5240
 23.2920
 23.7640
 23.8720
 23.9680
 24.1760
 24.2940
 24.3300
 27.3160
 27.6940
 28.6920
 31.1620
 31.7960
 31.9220
 32.2040
 32.4660
 32.4860
 33.5320
 33.9640
 34.0040
 35.3540
 35.4900
 35.5220
 37.2480
 37.8760
 38.1460
 39.1420
 39.6600
 41.5840
 42.1140
 42.4620
 43.2840
 44.1640
 44.5080
 47.1800
 49.3200
 50.4920
 51.1680
 51.8120
 53.9920
 54.1500
 54.3820
 57.1480
 59.5280
 62.8140
 65.8180
 66.2520
 67.3500
 76.4540


