#..\..\Net100seed42.net EP02delta0.1Input0.5.train 42
#Top pat = 1


#Top pat = 2


#Top pat = 3
  1.9540
  5.1040
  6.1260
 12.0120
 12.5780
 12.8480
 12.9620
 12.9680
 13.0040
 13.0060
 13.2440
 13.3880
 13.5140
 13.8320
 14.0800
 14.1340
 14.1420
 14.2620
 14.3160
 14.8200
 15.0060
 15.3160
 15.4220
 15.9360
 16.1060
 16.1260
 16.1480
 16.1800
 16.1960
 16.5400
 16.6440
 16.7040
 16.8900
 16.9320
 16.9740
 17.0220
 17.0380
 17.0480
 17.0540
 17.1280
 17.1600
 17.6000
 17.7920
 18.1680
 18.2980
 18.2980
 18.4000
 18.4380
 18.4900
 18.4940
 18.5560
 18.6660
 18.7140
 18.7600
 18.7960
 18.8000
 19.2280
 19.2620
 19.3560
 19.3800
 19.7440
 19.8860
 19.9500
 19.9600
 20.1600
 20.2120
 20.8740
 21.1880
 23.2820
 23.8720
 25.4260
 26.5360
 27.0060
 29.7860
 49.5620
 49.8080
 49.9020
 50.0040
 50.2920
 50.3280
 50.3540
 50.4440
 50.4520
 50.5400
 50.5840
 50.6320
 50.8080
 50.8220
 50.8480
 50.8880
 50.9780
 51.2840
 51.3240
 51.5540
 51.9640
 51.9820
 55.2300
 55.3640
 58.2160
 58.7480


#Top pat = 4
  9.1000
  9.4760
  9.8400
 10.7860
 11.1140
 11.3220
 11.5220
 11.5460
 11.7160
 11.8720
 11.9420
 12.0220
 12.1480
 12.4120
 12.8600
 13.8220
 13.8820
 14.2380
 14.3160
 14.3700
 14.4640
 14.9120
 15.0940
 15.1320
 15.1600
 15.2400
 15.4100
 15.4760
 15.8200
 15.9500
 16.0220
 16.2600
 16.2760
 16.3020
 16.3440
 16.5740
 16.6260
 16.7720
 16.8880
 17.2200
 17.4620
 17.5840
 17.5900
 17.5980
 17.6580
 17.6940
 17.7420
 17.7940
 18.1440
 18.1760
 18.3280
 18.3420
 18.5640
 18.8860
 19.0840
 19.2520
 19.3600
 19.4260
 19.4660
 19.5860
 19.8240
 20.0920
 20.3100
 20.3980
 20.7360
 20.9380
 20.9960
 21.0540
 21.7740
 21.9580
 22.2180
 23.5400
 24.2360
 24.5680
 27.3480
 29.2280
 30.4980
 48.8700
 48.9780
 49.1640
 49.5400
 49.5940
 50.1460
 50.2700
 50.4040
 50.5820
 50.5980
 51.1140
 51.1460
 51.4400
 51.6600
 51.6720
 52.8200
 53.0280
 53.3720
 53.7360
 54.5500
 55.4260
 55.8440
 56.2860


#Top pat = 5
  3.5820
  4.9820
  5.3020
  7.2800
  7.4720
  8.5700
  8.6220
  9.4300
 11.1920
 11.4420
 11.7960
 11.8440
 12.3220
 12.4600
 12.4700
 12.8100
 13.5860
 13.5880
 14.8540
 15.1780
 15.4260
 15.6540
 15.7400
 15.8480
 15.9840
 16.6760
 17.4920
 17.5200
 17.5460
 17.5700
 17.5980
 17.7720
 18.0160
 18.5460
 18.8540
 18.9080
 18.9420
 18.9420
 19.1560
 19.2800
 19.3500
 19.6360
 19.6540
 19.9240
 20.0660
 20.1220
 20.2360
 20.4140
 20.4740
 20.7120
 21.1060
 21.5440
 21.7760
 22.0140
 22.4820
 22.9100
 24.5740
 24.9260
 24.9420
 25.0840
 25.1140
 25.1920
 25.8480
 25.9880
 25.9920
 26.2460
 26.3220
 26.3660
 27.0040
 27.6580
 27.8260
 28.2520
 30.6220
 31.0820
 31.2500
 31.8940
 33.1840
 42.6700
 44.8260
 46.1740
 47.8300
 47.9900
 48.0140
 48.0900
 48.2040
 48.3940
 49.0260
 50.0740
 50.5500
 52.2180
 53.2740
 53.7800
 54.6260
 57.4920
 57.5460
 57.8680
 58.1520
 58.6780
 59.1200
 59.2140


#Top pat = 6
  0.4680
  2.1340
  3.0680
  3.1000
  3.2720
  3.5360
  3.5400
  4.7140
  5.0880
  5.9020
  6.9380
  7.7960
  8.0080
  8.6000
  8.8340
  9.7480
 10.4080
 10.7060
 11.2880
 11.9540
 11.9600
 12.0700
 12.2200
 13.9700
 14.0220
 14.2020
 14.4060
 14.7380
 14.7820
 15.4840
 15.9700
 16.2860
 17.6240
 17.7440
 18.9660
 20.6500
 20.8600
 21.0980
 22.0760
 23.8700
 23.9040
 24.4980
 27.5620
 27.8880
 28.1000
 28.1980
 28.3100
 28.6460
 29.2660
 29.3320
 29.7780
 30.8800
 30.9260
 30.9860
 31.3460
 31.4660
 31.5900
 31.6940
 31.7780
 32.1040
 32.2280
 32.9940
 33.6680
 33.7420
 33.9820
 34.5480
 34.8300
 35.3040
 36.0100
 36.0320
 36.6880
 37.2220
 37.8140
 38.1400
 38.2000
 38.2460
 38.5520
 39.2120
 39.5140
 40.2560
 41.3420
 41.8900
 41.9900
 42.4860
 42.5120
 42.6460
 42.8420
 42.8420
 43.8840
 50.1400
 50.2940
 50.4600
 50.4940
 51.8740
 52.4300
 57.5560
 59.9260
 61.2780
 61.3300
 61.7080


#Top pat = 7
  2.5080
  3.7020
  3.9140
  5.2720
  5.5500
  6.3520
  6.7100
  7.4580
  8.5640
  8.8600
  9.5960
  9.9580
 10.1640
 10.6760
 10.8800
 11.2400
 11.4540
 12.4920
 12.5600
 12.9300
 13.0480
 13.0520
 13.4240
 13.6400
 13.8220
 13.9100
 14.2420
 14.3020
 14.3680
 15.2600
 15.2660
 15.4800
 15.5940
 15.6480
 15.9860
 16.0740
 16.8240
 17.0300
 17.0640
 17.1040
 17.2760
 17.4520
 17.6420
 17.6780
 17.6940
 17.8740
 18.6460
 18.9500
 19.0720
 19.1880
 20.0180
 20.2420
 20.8140
 20.8500
 20.8660
 20.9920
 21.8580
 21.9420
 22.0500
 22.7380
 23.3440
 23.4260
 23.7400
 24.1620
 24.4500
 24.8880
 25.1300
 25.1880
 25.9960
 26.0800
 28.0800
 29.0620
 30.0820
 32.7060
 35.6920
 40.2660
 44.5180
 45.4940
 45.8140
 46.3520
 46.6720
 48.0800
 48.1860
 49.8620
 50.1140
 50.1820
 50.4040
 51.3720
 51.5900
 51.9760
 52.3560
 52.4800
 52.9380
 53.1860
 53.6260
 53.7000
 54.1840
 57.5860
 57.6780
 59.5060


#Top pat = 8
  1.2820
  6.5480
  6.5540
  6.9940
  8.1820
  9.0120
  9.4200
  9.7300
  9.8860
  9.9660
 10.0360
 10.6940
 11.1400
 11.1720
 11.6020
 11.6120
 12.7540
 13.2320
 13.2680
 13.2880
 13.6040
 14.0580
 14.1500
 14.4380
 14.4440
 14.4740
 14.7260
 14.8100
 15.0860
 15.1720
 15.3980
 15.5100
 15.5120
 15.5180
 15.8680
 16.0680
 16.4500
 16.8340
 16.8820
 17.0780
 17.0900
 17.6960
 17.7800
 18.1360
 18.6420
 18.6840
 18.9600
 19.0980
 19.1080
 19.4460
 19.7920
 20.0740
 20.0960
 20.3680
 20.5100
 20.7340
 21.0220
 21.3140
 21.3640
 21.3860
 21.7780
 21.8840
 22.1980
 22.8220
 22.8840
 22.9680
 23.5120
 23.6420
 23.8240
 26.7000
 26.8720
 27.3820
 28.1100
 28.8560
 29.2360
 29.7660
 31.0900
 42.7680
 45.7660
 47.0260
 48.4040
 48.4860
 48.9260
 49.6360
 50.9080
 51.3440
 52.7180
 53.7460
 53.8700
 55.7200
 56.8780
 56.9960
 57.4320
 57.4380
 57.8800
 58.1320
 59.7060
 60.4380
 61.8140
 64.7920


#Top pat = 9
  0.1180
  1.8280
  2.6300
  3.9920
  4.4760
  4.5080
  4.5400
  4.7140
  5.0600
  5.1320
  5.8100
  5.8880
  7.4240
  7.6920
  8.0860
  8.2460
  8.4740
  8.6320
  8.6720
  9.2780
  9.5140
 10.2900
 10.6500
 11.4420
 11.6260
 11.7060
 13.0860
 13.4060
 13.7200
 14.0240
 14.1160
 14.5060
 14.6860
 14.7220
 14.7500
 15.7720
 16.1540
 16.5080
 17.1260
 17.5520
 19.8500
 20.0040
 20.5540
 21.7120
 21.8080
 21.9720
 22.0180
 23.1780
 23.2920
 23.5760
 24.6400
 25.1680
 26.9000
 27.2400
 27.3180
 27.5020
 27.9100
 28.2100
 28.5180
 28.5820
 28.8280
 28.9520
 28.9780
 29.2640
 29.5180
 30.1900
 30.2620
 31.2840
 31.6820
 32.4980
 32.8340
 32.8400
 34.4260
 34.7700
 34.8020
 35.1760
 36.0740
 36.1320
 36.2540
 36.3000
 36.9800
 37.1720
 38.0120
 38.2280
 40.5980
 44.8880
 44.9880
 45.2280
 46.4920
 47.8720
 50.7120
 50.9680
 51.6800
 53.1760
 54.7220
 57.4640
 60.7720
 65.4640
 71.6420
 74.3160


#Top pat = 10
  0.3180
  2.3860
  2.4400
  2.7220
  3.1920
  3.3200
  3.5900
  4.8000
  5.4280
  5.7180
  7.4520
  8.3420
  8.8200
  9.1280
  9.2240
  9.7300
  9.9780
 10.0680
 10.2660
 11.3100
 11.3760
 12.0520
 12.2060
 12.4760
 12.5940
 13.2740
 13.2880
 13.4080
 13.4340
 13.7340
 13.7720
 15.3760
 15.5300
 15.7020
 16.5500
 16.7040
 16.9800
 17.1500
 17.3440
 17.8720
 18.0560
 18.5780
 19.2120
 19.5720
 20.8240
 20.8840
 22.2200
 22.3220
 22.8720
 22.9220
 23.5840
 24.4720
 24.8520
 24.8700
 25.4280
 26.0440
 26.5020
 28.7240
 29.2100
 29.6940
 30.4600
 31.7060
 32.7520
 33.7100
 33.7280
 33.8680
 35.8760
 36.0020
 36.0280
 36.0560
 36.4400
 38.0700
 38.8400
 39.1940
 39.4480
 39.9900
 41.5820
 41.7560
 42.0620
 43.2960
 43.9520
 45.1000
 45.7140
 46.6660
 48.1420
 50.0160
 50.0880
 51.5500
 51.6160
 52.2140
 52.2760
 53.1620
 53.5040
 56.5320
 56.7420
 59.6000
 59.7560
 64.3960
 66.1560
 77.5840


#Top pat = 11
  6.7240
  7.8800
  9.6380
  9.6780
  9.9100
  9.9960
 10.1620
 10.3360
 10.8320
 11.0220
 11.7400
 11.9540
 12.0020
 12.0680
 12.1400
 13.3700
 13.4660
 13.8180
 14.0020
 14.0720
 14.3080
 14.5560
 14.6060
 14.7120
 14.8660
 15.2580
 15.2620
 15.4820
 15.5180
 15.8660
 16.0180
 16.0620
 16.0860
 16.1080
 16.5440
 16.5840
 16.8720
 17.1340
 17.2080
 17.2520
 17.2980
 17.3700
 17.4780
 17.6000
 17.6800
 17.7440
 17.7960
 18.0420
 18.0920
 18.7220
 18.8260
 19.0000
 19.1380
 19.1900
 19.8680
 20.0380
 20.1580
 20.2400
 20.3380
 20.7020
 20.7660
 20.9660
 21.1520
 21.9980
 22.4520
 24.2140
 24.9240
 26.6880
 27.6520
 41.6500
 45.9040
 46.1860
 46.4020
 47.1420
 47.6900
 48.2920
 50.3080
 50.3820
 51.8220
 52.3200
 52.5160
 52.6760
 53.0740
 54.2040
 54.8480
 55.9620
 56.1860
 56.7640
 57.4640
 57.6740
 58.0000
 58.6640
 59.6520
 60.5740
 61.7740
 61.8780
 62.6600
 63.4300
 63.4720
 67.8060


#Top pat = 12
  1.3160
  1.3480
  2.3180
  2.3440
  2.3940
  3.3800
  3.6160
  4.3160
  4.3860
  4.6340
  5.1420
  6.1100
  6.5320
  6.9240
  7.0220
  7.9260
  8.3500
  8.3700
  8.6560
  9.0160
  9.2520
  9.5380
 10.0900
 10.2840
 10.3560
 10.7380
 12.4620
 12.6880
 12.7000
 14.8720
 14.8800
 15.5800
 16.7500
 16.7600
 17.7620
 18.2360
 19.1780
 20.2260
 21.2940
 21.4740
 21.8760
 21.8840
 22.2220
 23.4800
 23.7840
 24.0500
 24.6960
 24.8100
 25.6740
 26.0140
 26.2640
 26.6680
 27.4120
 28.2220
 29.4260
 29.7700
 29.7740
 29.8600
 31.0040
 31.0260
 31.5420
 31.7260
 31.9140
 32.2480
 32.2660
 32.4500
 33.5280
 33.6820
 33.7920
 33.9260
 35.8440
 36.0300
 36.5480
 37.3620
 39.4280
 40.0240
 41.4100
 42.3680
 43.8720
 44.1700
 44.5100
 45.3180
 46.5080
 47.2160
 50.4720
 51.5800
 55.5020
 55.9360
 57.0360
 57.7880
 58.3560
 59.7820
 60.4880
 61.9900
 63.6580
 63.9600
 65.6160
 67.5400
 75.6340
 84.5340


#Top pat = 13
  0.4340
  0.8420
  3.5420
  3.6020
  3.7940
  4.5020
  4.6740
  6.2600
  6.7540
  7.1920
  7.7580
  7.8480
  7.9960
  8.4620
  8.9340
  9.4560
 10.1620
 10.7440
 11.0240
 11.2760
 11.4500
 12.4720
 12.8440
 13.3320
 13.5280
 14.0300
 14.4500
 14.7820
 15.5160
 16.5940
 17.8980
 18.6080
 18.9520
 19.2900
 19.4480
 20.8840
 21.0260
 21.0980
 21.1300
 21.7200
 22.0900
 22.1420
 22.4060
 23.2440
 23.3680
 24.9340
 25.6620
 26.3000
 26.4200
 27.6400
 27.7040
 28.3680
 28.9000
 30.5600
 30.7340
 30.8220
 30.8740
 31.1760
 31.2940
 32.0060
 32.0340
 32.1760
 32.3160
 32.4340
 32.5400
 32.7500
 33.2140
 33.6260
 33.8580
 34.1520
 34.3580
 34.8540
 37.3300
 37.5500
 38.4620
 39.1660
 40.3120
 40.4080
 40.4380
 40.9940
 41.1040
 41.1660
 41.2100
 41.9060
 42.4020
 42.7600
 43.0180
 43.8300
 44.3800
 45.2820
 47.0220
 51.1060
 52.0140
 56.0600
 58.1620
 58.9620
 60.0020
 60.0440
 70.6640
 79.4960


#Top pat = 14
  0.7300
  1.4140
  1.9240
  2.0780
  3.4920
  4.7580
  6.2320
  6.5660
  7.7080
  8.6560
  8.7620
  9.4280
 11.6760
 12.1400
 12.1420
 12.2640
 12.3600
 13.4160
 13.5480
 13.7200
 13.8340
 14.2220
 14.2300
 14.6300
 16.6940
 16.9200
 17.0640
 18.1920
 18.3860
 18.6940
 18.7900
 19.0920
 19.7160
 19.8440
 20.4000
 20.9120
 21.3080
 21.5800
 22.2120
 22.2240
 22.5660
 23.5960
 24.2420
 24.4620
 24.8540
 25.0140
 25.5060
 26.2440
 26.4200
 26.4840
 26.9000
 27.1200
 27.1600
 27.9920
 28.6900
 28.6900
 28.8440
 29.6340
 30.8220
 31.0740
 31.2380
 31.3180
 31.3480
 31.4240
 32.0380
 32.4000
 32.5480
 32.5640
 33.3120
 34.2420
 34.7860
 35.3480
 36.3000
 36.6180
 37.1600
 37.4420
 38.0000
 38.8320
 39.5520
 39.6960
 40.2820
 43.2500
 43.3340
 43.6260
 47.4620
 48.6380
 49.4120
 50.2420
 50.4140
 50.9040
 52.6720
 55.1460
 55.8940
 56.0000
 56.2060
 56.6360
 67.1200
 73.5100
 74.8260
 83.3860


#Top pat = 15
  1.5520
  2.1700
  2.4800
  2.6600
  2.6640
  3.1580
  3.3280
  3.5020
  3.8100
  4.2520
  4.4900
  6.3140
  6.3420
  6.6420
  7.9980
  8.2100
  8.7020
  9.0260
  9.4400
  9.4980
 11.8600
 12.2240
 14.4860
 15.3080
 16.1160
 16.2900
 16.6500
 16.9660
 17.3420
 18.6300
 19.1120
 19.4820
 20.6700
 21.1980
 21.2280
 21.3860
 21.5320
 21.8280
 21.9440
 22.3620
 23.0420
 23.2780
 23.3420
 23.7020
 24.2120
 24.2960
 24.3620
 25.0560
 25.9940
 26.1880
 26.7020
 27.3060
 27.3500
 27.3620
 27.4220
 28.3340
 29.6480
 29.8860
 30.8140
 31.8080
 32.0400
 32.2400
 32.2960
 33.8280
 34.4620
 35.4620
 36.8800
 37.6340
 38.0260
 38.1040
 38.4280
 38.4420
 38.7820
 38.8960
 39.4640
 39.5580
 39.9080
 41.1860
 41.2240
 41.3380
 45.1520
 46.3140
 47.3080
 48.6680
 49.1820
 49.9720
 50.1200
 53.9340
 54.0400
 54.1780
 54.4540
 54.9620
 55.2380
 55.5040
 57.0960
 58.5080
 62.2960
 68.8380
 70.2460
 81.5200


#Top pat = 16
  0.9880
  1.2700
  3.1920
  3.4500
  3.7100
  4.4680
  6.6380
  7.5640
  7.6180
  7.6520
  8.3520
  8.6280
  9.0060
  9.1420
  9.1500
  9.8980
 10.4180
 10.4540
 10.4740
 10.4780
 11.1900
 11.4000
 13.6640
 14.9140
 15.0760
 15.1240
 15.7300
 16.0920
 16.5720
 16.7820
 18.1580
 18.8540
 18.9300
 19.0660
 19.7220
 20.0680
 20.2840
 20.6600
 20.6680
 21.1380
 22.1360
 22.1440
 22.3080
 22.3920
 23.0020
 23.8640
 23.8680
 26.4320
 26.6300
 28.5020
 28.5680
 29.0920
 30.1280
 30.5800
 31.2780
 31.7900
 32.8060
 33.6780
 34.8740
 34.9100
 35.0340
 35.1360
 35.2240
 36.0400
 36.0740
 36.2220
 36.4600
 37.0200
 37.0720
 38.7240
 38.9060
 39.3940
 39.7020
 40.1020
 40.6640
 41.7480
 43.2320
 43.2740
 43.8300
 44.0960
 45.5400
 46.2580
 48.4800
 50.1740
 50.2660
 51.3860
 53.2140
 53.5600
 55.2080
 55.3000
 55.5640
 55.8400
 57.3880
 58.5400
 60.3880
 61.4660
 62.8060
 64.4640
 66.2460
 74.2400


#Top pat = 17
  0.0440
  0.7340
  2.1700
  2.3020
  2.6460
  3.7180
  4.3080
  5.4480
  6.0700
  6.3200
  6.4040
  8.3000
  8.7240
  9.2400
  9.5120
  9.5340
 10.1860
 10.6780
 10.8660
 10.9760
 13.2620
 13.2720
 13.7720
 14.5600
 15.4520
 15.4560
 16.1860
 16.6340
 16.6720
 17.3220
 17.9700
 18.0400
 18.6620
 19.4340
 19.4800
 19.5960
 19.7140
 20.3220
 20.7940
 21.3500
 21.3540
 21.9740
 22.2440
 22.5820
 22.7360
 23.4700
 23.5660
 23.7800
 23.8220
 24.8660
 24.9420
 25.4840
 27.0260
 28.7680
 29.5180
 29.9280
 30.1020
 30.7960
 31.8840
 32.3360
 33.7320
 33.9240
 34.5520
 34.7100
 34.7820
 34.9460
 35.8780
 36.3180
 36.3220
 37.5620
 38.1520
 38.5200
 39.8520
 41.0080
 42.1060
 42.3660
 42.4980
 42.8120
 43.1800
 45.4540
 46.7520
 47.4440
 49.3640
 49.6440
 50.4520
 51.7880
 52.7220
 53.1460
 53.1680
 53.3460
 55.0960
 56.2380
 56.9740
 63.7380
 66.6280
 67.2420
 67.4320
 73.5480
 73.7980
 75.1000


#Top pat = 18
  0.6660
  1.0360
  1.4460
  1.6240
  1.9960
  5.9160
  5.9640
  7.9620
  8.3260
  8.5700
  8.8400
  9.6900
  9.9200
  9.9740
 10.2500
 11.5200
 11.7780
 11.8540
 11.8820
 12.9220
 13.1400
 13.2060
 13.9460
 14.7800
 15.2640
 16.1840
 16.5940
 16.8860
 17.2840
 17.5260
 17.9980
 18.0400
 18.4420
 18.8440
 19.3540
 20.5400
 22.0920
 22.6080
 23.2680
 23.7140
 24.0940
 24.1400
 24.8300
 25.2600
 25.5900
 25.6880
 26.0100
 26.2380
 26.6400
 27.7620
 28.9980
 29.5940
 29.9580
 30.7540
 30.7880
 30.8760
 31.2400
 32.1380
 32.7980
 32.9320
 33.3700
 33.6520
 34.1000
 35.3340
 35.5700
 37.3920
 37.6600
 39.3180
 39.6680
 40.5320
 40.6780
 41.8600
 42.0880
 42.6820
 43.3400
 43.3940
 44.5540
 46.5820
 47.6660
 48.6940
 49.6660
 50.5340
 51.5500
 51.6800
 52.2140
 52.2920
 53.3300
 54.7600
 55.7120
 56.2520
 57.3060
 57.7400
 57.8960
 59.7220
 60.1660
 64.3620
 67.6320
 71.1400
 71.9640
 73.7880


#Top pat = 19
  0.0960
  0.9760
  2.2560
  2.9280
  3.1380
  3.3500
  3.8500
  5.4180
  5.7440
  6.3400
  6.9520
  7.1240
  7.5160
  7.6940
  8.0100
  9.7340
  9.9700
 10.6940
 11.2860
 11.5000
 11.5300
 12.0000
 12.4280
 12.7200
 12.9360
 14.3980
 14.5080
 14.6680
 15.0160
 15.3820
 15.4380
 16.2400
 16.4340
 17.0720
 18.3100
 19.7440
 19.9220
 20.3320
 20.8500
 21.2140
 21.6920
 21.7060
 22.9340
 23.0540
 23.5000
 23.6040
 23.6240
 23.7320
 24.1780
 24.2560
 25.1220
 25.2060
 26.7040
 26.8180
 27.8280
 28.0920
 28.2300
 28.4240
 28.6240
 28.9820
 29.1560
 29.4620
 29.4840
 30.2500
 30.4180
 30.9000
 31.3100
 31.4520
 33.1200
 33.7760
 33.8280
 33.8920
 33.9960
 34.5080
 34.8600
 35.6180
 37.1540
 38.3280
 39.0600
 41.7780
 42.3660
 42.7200
 46.2260
 46.8360
 47.1080
 47.6160
 47.8520
 48.4860
 48.9500
 49.2940
 49.4020
 51.8220
 53.3120
 54.0260
 54.5340
 55.6060
 57.6380
 66.7740
 66.8580
 68.0780


#Top pat = 20
  0.0740
  0.4480
  1.5960
  1.8760
  2.3660
  2.8440
  3.3260
  5.1020
  6.3220
  6.6940
  7.2120
  8.0060
  8.3060
  9.2500
 10.5560
 14.0480
 14.0720
 15.1980
 15.2340
 15.7900
 16.6360
 16.6600
 16.8000
 17.0020
 17.0120
 17.0400
 18.2080
 18.3020
 18.7200
 18.7440
 18.7720
 19.3540
 19.8760
 19.9080
 20.3220
 21.1740
 22.3080
 23.2800
 23.4100
 24.0740
 24.9580
 25.6580
 25.7900
 26.4660
 26.6080
 27.2820
 27.4300
 27.9700
 28.5460
 28.6660
 28.9480
 29.2680
 29.8940
 30.7340
 31.1720
 31.3720
 32.0860
 32.3180
 32.4220
 33.5880
 33.8280
 33.8840
 33.9740
 34.0120
 34.1000
 34.1360
 34.7500
 34.8540
 35.0620
 35.0900
 35.2100
 35.5900
 35.8980
 36.1520
 36.3320
 36.6720
 38.7820
 39.0520
 39.3440
 40.3760
 40.4940
 40.8680
 41.3100
 41.6380
 41.8080
 41.8820
 42.1020
 42.1080
 42.9520
 43.6220
 43.9240
 44.7960
 46.1560
 47.4820
 48.1020
 49.7360
 54.4020
 55.8340
 59.1560
 74.7700


#Top pat = 21
  1.1500
  1.4380
  1.5100
  3.2520
  3.3020
  4.7820
  4.7880
  4.7900
  5.2760
  6.1500
  6.6720
  7.6860
  8.5540
  8.8720
  9.4780
  9.5140
  9.8980
 11.0040
 11.5440
 12.6240
 12.8120
 13.2860
 13.3780
 14.3360
 16.4140
 16.8420
 17.0980
 17.4060
 17.4940
 17.5980
 17.6700
 17.9680
 18.2380
 18.6680
 19.0700
 19.5080
 19.6800
 20.0720
 20.3480
 20.4800
 21.1440
 21.1960
 21.2220
 21.5240
 21.8760
 23.3460
 23.9180
 24.5360
 24.6420
 25.6840
 26.3360
 26.3840
 27.5600
 27.7900
 27.8640
 28.4480
 29.3420
 30.0840
 30.5400
 30.7220
 32.4160
 33.1060
 33.4120
 36.4800
 37.1180
 37.2300
 38.4740
 38.8660
 38.9120
 38.9540
 39.3840
 39.8480
 39.9720
 40.1640
 40.3960
 40.5900
 40.7560
 41.1440
 42.9200
 43.2480
 44.3120
 44.6220
 44.8680
 44.9920
 45.4020
 49.1900
 49.5860
 50.4240
 53.4480
 55.0820
 55.8280
 56.1500
 56.5380
 56.9440
 56.9620
 57.4780
 59.8320
 62.1120
 63.3760
 70.5600


#Top pat = 22
  2.3260
  2.3840
  3.7620
  4.0020
  4.5120
  4.8560
  5.3660
  5.4060
  5.7440
  6.3660
  6.8400
  7.8780
  8.0020
 10.3880
 10.5340
 10.8580
 11.4120
 11.6060
 12.0240
 12.5580
 14.0460
 14.5200
 14.7460
 14.9340
 15.2660
 16.2420
 16.6440
 16.8880
 17.1500
 17.3040
 17.3740
 19.8040
 20.3360
 21.4100
 21.7440
 22.1380
 22.8500
 22.9040
 23.6600
 24.4980
 25.1740
 25.2960
 25.3400
 25.8300
 25.9260
 26.7540
 27.8640
 28.6600
 29.3440
 29.4120
 29.4980
 29.5440
 30.8900
 31.0700
 31.2580
 31.9280
 32.0680
 32.2520
 32.7320
 32.9100
 33.4120
 33.4640
 34.5680
 35.0300
 35.5900
 36.7260
 37.0600
 37.2480
 38.6640
 38.8380
 40.3400
 40.5560
 40.5860
 41.1220
 41.2280
 41.6280
 41.6780
 41.8120
 41.8580
 42.2900
 42.5920
 42.6840
 43.7100
 43.8660
 43.9540
 44.3520
 46.8460
 46.9260
 48.2240
 50.0600
 53.8880
 54.7060
 56.0920
 56.3300
 56.5500
 56.9820
 57.3100
 72.6060
 81.3980
 82.8240


#Top pat = 23
  0.1400
  0.6400
  1.3880
  1.8660
  1.9380
  3.1180
  3.4760
  3.7120
  4.1180
  5.4160
  7.1220
  8.5100
  9.0360
  9.3720
  9.6620
  9.9260
 10.0040
 10.5600
 11.1780
 11.1960
 11.8740
 11.9020
 13.1880
 14.3120
 14.4460
 15.1680
 15.5780
 16.0000
 16.1800
 16.2800
 16.6180
 18.0100
 18.0680
 18.3460
 18.7020
 19.7580
 19.8900
 19.9720
 20.2700
 22.2780
 22.6740
 22.7080
 23.3660
 23.7960
 23.8160
 24.3320
 24.8900
 25.0720
 25.5600
 26.1680
 26.2020
 26.3560
 27.5620
 27.8580
 28.0800
 29.7300
 29.7780
 30.0360
 30.4040
 30.9760
 30.9980
 31.2280
 31.7880
 33.1940
 33.2220
 34.2260
 34.8480
 35.3160
 35.7700
 35.7780
 36.2660
 36.2940
 37.6120
 37.8860
 39.7220
 39.7640
 40.0960
 40.1320
 40.6380
 40.9980
 42.2500
 42.8920
 43.2180
 45.5560
 46.0260
 47.1200
 47.3900
 47.4280
 47.5020
 47.6860
 49.4600
 53.1700
 55.2600
 55.3920
 55.7200
 58.4100
 60.8760
 62.9920
 68.9720
 78.1580


#Top pat = 24
  2.2600
  2.6520
  5.5480
  5.9440
  6.0120
  6.5620
  7.1100
  7.8700
  8.5680
  8.5900
  9.0120
  9.1800
  9.5380
 11.5120
 12.2680
 12.6760
 13.2280
 13.5480
 13.8140
 13.8180
 14.3440
 15.8360
 15.8920
 15.9260
 16.4360
 16.4900
 16.5880
 18.4680
 18.4740
 18.7800
 19.3800
 19.7120
 19.8040
 20.2000
 20.6040
 21.0340
 21.3160
 21.5040
 21.9400
 22.1420
 22.9360
 23.4140
 23.8360
 24.0460
 24.2420
 24.3480
 24.5520
 25.1040
 25.6340
 25.8160
 26.3780
 26.4380
 26.7160
 28.0000
 29.2180
 29.9300
 29.9820
 30.4260
 30.4420
 30.5820
 30.8160
 30.9900
 32.2460
 32.3000
 32.8320
 33.3880
 33.5460
 33.5720
 34.6420
 35.8000
 35.9220
 36.1800
 36.8640
 37.9800
 38.0300
 38.2600
 39.4660
 39.6140
 40.2600
 41.5300
 41.6880
 41.8560
 41.9380
 42.1880
 42.5260
 43.5380
 44.2540
 44.6820
 46.0560
 46.8880
 47.2000
 47.3180
 49.8020
 50.5920
 51.3540
 52.6480
 56.6780
 57.2720
 63.4420
 66.2160


#Top pat = 25
  0.2200
  2.2000
  2.6060
  4.1020
  4.2300
  4.2560
  5.4820
  6.0320
  6.2620
  7.2000
  7.5160
  8.2980
  9.0260
  9.6300
 10.2560
 10.6240
 10.6280
 10.6940
 10.6940
 12.5560
 13.2300
 13.4500
 13.6080
 13.9020
 13.9640
 13.9760
 14.5220
 14.6100
 14.7520
 14.7900
 14.8140
 14.8700
 14.9580
 15.5040
 15.6840
 16.3880
 17.1420
 17.8120
 18.1020
 18.4840
 18.6760
 19.1480
 19.6920
 19.9680
 21.3660
 22.2560
 22.9720
 23.5600
 24.1100
 25.4840
 25.7160
 26.7980
 27.7600
 28.1540
 28.2240
 28.3060
 28.4560
 29.2420
 31.2640
 31.7900
 32.3960
 32.6200
 34.3820
 34.7200
 35.0420
 35.8480
 36.6120
 37.4780
 38.1160
 38.1220
 40.5360
 41.7360
 43.7140
 44.0280
 44.1400
 45.4660
 46.2820
 46.2840
 46.8880
 47.0800
 47.1360
 47.9500
 48.4000
 48.7200
 49.1560
 49.2660
 49.6880
 51.3380
 51.8680
 52.4760
 56.8720
 58.5360
 62.4520
 63.3840
 64.0900
 65.4600
 67.3640
 70.2820
 70.9200
 98.8560


#Top pat = 26
  0.2040
  0.8420
  0.8600
  1.2760
  3.4680
  3.5620
  3.7740
  4.3360
  4.8720
  6.2080
  6.5260
  7.5800
  9.1340
 10.1680
 10.4500
 10.4840
 10.8740
 10.9920
 11.2100
 11.8460
 12.3420
 12.4440
 13.0940
 13.7400
 14.1880
 14.2760
 14.5280
 14.7680
 15.2620
 15.7680
 15.8840
 16.0160
 16.1840
 16.5080
 16.7840
 17.0500
 17.0580
 17.7720
 17.9780
 17.9960
 18.4220
 19.4720
 21.4600
 21.6760
 22.3220
 22.5580
 22.6380
 23.0940
 23.6380
 23.8500
 23.9880
 24.0780
 24.4100
 24.4240
 24.8760
 25.0000
 25.3840
 25.4120
 25.8800
 26.2240
 26.9640
 27.4440
 28.0560
 28.9160
 29.4100
 30.4220
 30.6740
 30.8060
 31.3780
 32.7560
 32.7800
 33.2420
 33.7480
 33.9940
 35.8720
 36.0300
 37.5460
 37.5780
 39.8020
 41.1420
 41.7380
 44.8900
 45.2200
 45.3900
 46.5880
 46.9340
 50.4660
 52.1400
 52.6260
 53.3900
 56.6980
 58.0740
 58.2760
 59.1940
 59.3740
 59.3760
 61.5740
 63.6320
 67.6380
 94.5700


#Top pat = 27
  0.3680
  0.7860
  1.4240
  1.5500
  2.0260
  2.1580
  3.4500
  4.7740
  5.8980
  6.3640
  6.4640
  6.9280
  8.3260
  8.9660
  9.4260
  9.6660
 11.4780
 11.8280
 12.9060
 13.4020
 14.3460
 14.4760
 14.5500
 16.0860
 16.0880
 16.9760
 17.0680
 17.5220
 18.2660
 19.4540
 19.9000
 20.3340
 20.5180
 22.1600
 22.7780
 23.2340
 24.1400
 24.7220
 25.1640
 25.5000
 25.6840
 26.0940
 26.1780
 26.4180
 26.5220
 26.6820
 26.7940
 27.0620
 27.2120
 27.2900
 28.5600
 28.5920
 28.6960
 29.3420
 30.0560
 30.2920
 30.9720
 31.3760
 31.8460
 32.3660
 33.0080
 34.6940
 35.4600
 35.5580
 35.7840
 36.1580
 36.9100
 37.1540
 37.1660
 37.2800
 38.0080
 39.8420
 40.2920
 40.4900
 40.7780
 42.0940
 42.9520
 43.6900
 44.5420
 44.7580
 45.4880
 45.7140
 48.3080
 49.4340
 49.4460
 50.4160
 50.4880
 50.6300
 50.9600
 53.1800
 55.2040
 55.3220
 56.1840
 56.5100
 59.6080
 60.7880
 62.0180
 63.5540
 67.9280
 84.6100


#Top pat = 28
  0.9540
  0.9700
  4.0140
  4.3980
  4.9160
  5.1600
  6.0400
  6.4120
  8.9180
  9.2600
  9.9560
 10.3400
 10.8400
 11.2700
 11.3300
 11.6000
 11.6140
 12.2020
 14.0520
 15.0300
 15.3740
 17.5060
 17.9500
 18.0020
 18.4880
 18.5920
 19.8280
 20.5280
 21.7280
 21.8080
 22.2760
 22.4360
 22.8140
 22.8200
 23.3040
 23.5080
 23.6140
 23.7060
 23.8440
 23.9080
 25.1480
 25.5320
 25.9880
 26.1640
 26.5140
 26.6320
 27.0740
 27.2060
 27.5380
 28.5920
 29.8880
 31.3220
 31.5740
 32.7760
 33.1080
 33.5980
 34.3760
 35.1300
 35.8040
 35.9960
 36.8940
 38.2840
 38.3800
 39.1840
 40.0620
 40.1720
 40.1780
 40.9680
 41.1660
 41.8620
 41.8680
 42.0220
 43.3080
 43.6380
 45.1440
 46.0920
 46.1720
 46.3620
 46.7840
 46.9700
 47.1920
 47.8220
 48.3960
 48.7280
 49.8160
 49.9600
 50.3540
 50.4660
 52.7380
 53.3240
 54.1000
 54.6520
 55.8360
 57.0820
 59.4460
 60.6920
 64.3340
 66.4360
 67.0200
 70.5980


#Top pat = 29
  0.0940
  1.3500
  2.5860
  3.3880
  3.4880
  3.5460
  3.8920
  4.2020
  4.3440
  4.8620
  4.9500
  5.5280
  6.3540
  6.6120
  6.8120
  8.2680
  8.5900
  9.1560
  9.9080
 10.2680
 10.8040
 12.6080
 13.9980
 14.1180
 15.5460
 16.1960
 16.8580
 17.1640
 18.3860
 18.4320
 19.7780
 20.8540
 20.9700
 21.5140
 21.8180
 21.8520
 22.5840
 22.9880
 24.0140
 24.1660
 24.2760
 24.5900
 25.9780
 26.2920
 27.1800
 27.7340
 28.2140
 28.7760
 28.7800
 29.0440
 29.2360
 29.5560
 31.3500
 31.4340
 32.4600
 33.0680
 33.8000
 36.0780
 36.6080
 36.8620
 37.5100
 37.5220
 37.5320
 38.1860
 38.8040
 39.3080
 40.1220
 41.9640
 42.0680
 43.8840
 44.1580
 44.1780
 44.5160
 44.5900
 44.8080
 45.3080
 45.7960
 46.0720
 46.5020
 47.0680
 47.5960
 47.8980
 47.9460
 48.0080
 48.1480
 49.4340
 51.6300
 52.2800
 55.0120
 56.6300
 58.4820
 59.5480
 59.7120
 60.0420
 61.3480
 63.3460
 63.4140
 64.7580
 66.2760
 69.4940


#Top pat = 30
  0.4180
  1.0820
  2.0260
  3.1040
  3.5900
  4.2560
  5.9780
  6.7900
  7.5640
  7.7840
  8.9540
 10.4720
 10.7560
 11.2740
 11.8880
 12.3300
 12.7100
 14.0160
 14.4740
 14.7120
 15.0700
 15.0980
 15.6780
 15.7980
 15.9860
 16.3740
 17.0420
 17.2940
 17.5520
 17.5760
 17.6760
 18.0380
 18.0980
 18.1540
 18.4980
 18.6860
 19.1700
 19.3640
 22.0920
 22.5100
 22.8200
 22.8620
 23.5560
 23.5760
 26.0680
 26.4940
 27.3460
 27.5460
 27.5600
 27.9920
 28.1720
 28.4520
 28.6100
 29.6000
 30.0680
 30.3800
 30.8900
 30.9020
 31.9580
 33.6520
 34.9740
 35.6340
 35.6340
 35.6360
 35.7640
 36.2120
 37.2460
 38.3220
 38.3380
 38.5060
 38.5820
 39.2880
 39.6540
 39.9100
 41.2280
 42.8660
 44.0300
 44.8040
 46.1500
 46.1680
 46.2060
 46.6280
 46.7920
 47.7940
 47.9900
 47.9960
 48.1220
 50.1320
 50.2140
 50.6360
 50.6980
 51.0660
 51.3800
 51.6540
 52.4660
 53.0240
 53.3540
 58.2420
 60.6000
 62.0560


#Top pat = 31
  0.0380
  0.3960
  2.0200
  2.6760
  4.4120
  6.0500
  6.1340
  7.1660
  8.0820
  8.3340
  8.9140
  9.0740
  9.2160
  9.5640
  9.7840
 12.5780
 12.6280
 12.8040
 13.3860
 13.5600
 13.7260
 13.8020
 14.5940
 14.9940
 15.0380
 15.1800
 15.2840
 15.3380
 15.7680
 15.8380
 15.8820
 16.0600
 16.0840
 16.3140
 16.4740
 16.5460
 17.9660
 18.1660
 18.7460
 19.4220
 19.6980
 20.4080
 20.8560
 23.8480
 24.1280
 24.1960
 24.2140
 24.9840
 25.3700
 25.4360
 25.5560
 26.2260
 26.3060
 26.3660
 26.6680
 27.4420
 27.6800
 27.7460
 28.3040
 28.7820
 30.1680
 30.8580
 32.8500
 33.7920
 35.0440
 35.9820
 36.6940
 37.3780
 38.1020
 39.2280
 39.3540
 39.5980
 39.9040
 40.1040
 40.3980
 42.5260
 44.1360
 44.3520
 44.4060
 46.1880
 46.9080
 47.4240
 47.6900
 49.4140
 51.4120
 51.8480
 52.6240
 53.0040
 53.5800
 55.1360
 55.3660
 56.1540
 56.5760
 57.1060
 59.1520
 59.7900
 60.8560
 68.2520
 68.9620
 70.2840


#Top pat = 32
  1.2520
  1.2540
  1.3140
  2.4220
  3.0600
  4.0760
  4.2660
  4.7580
  5.4580
  6.6060
  6.6180
  7.0320
  8.6960
  9.2360
  9.4120
 10.1740
 10.4560
 10.6520
 10.9240
 11.3940
 11.5960
 11.7640
 12.6380
 12.9920
 13.6300
 14.1820
 14.3480
 14.7020
 14.9620
 15.0420
 15.4700
 15.7280
 15.9280
 16.5100
 18.1340
 18.6120
 18.7780
 18.7880
 19.8620
 19.9400
 20.6700
 20.8820
 21.3360
 21.7700
 22.1740
 22.1820
 22.7620
 23.4700
 23.8480
 24.1760
 24.3460
 24.6660
 24.7580
 25.2980
 25.8680
 25.9160
 26.9240
 29.3060
 29.3080
 29.9360
 31.5600
 31.6400
 31.6940
 32.7540
 32.8520
 34.0460
 34.9860
 35.1300
 35.6440
 36.0520
 36.0660
 37.3960
 37.6180
 37.9820
 39.3980
 40.0040
 40.3280
 40.4760
 41.0920
 41.7680
 42.9140
 43.6900
 46.3060
 46.4580
 47.2100
 49.7980
 49.7980
 50.4760
 51.5360
 52.5640
 53.9300
 55.2920
 55.4940
 56.1780
 57.6820
 58.9880
 70.2020
 74.4000
 76.4360
 78.6600


#Top pat = 33
  1.0780
  1.1280
  4.1900
  4.3000
  4.9300
  4.9480
  5.5140
  6.8960
  7.3040
  7.7340
  8.0620
  8.1380
  8.3060
  9.0120
  9.1400
 10.3380
 11.1440
 11.5960
 11.6700
 12.0160
 12.4400
 12.5140
 12.8020
 12.8400
 12.9200
 13.7820
 15.4840
 16.9640
 17.0420
 17.1320
 17.3040
 17.4780
 17.7680
 18.3480
 19.3020
 19.8800
 20.1100
 21.0420
 21.1800
 21.6200
 22.9020
 23.0980
 24.4860
 24.7380
 24.8880
 25.0580
 25.2480
 26.0440
 26.3220
 26.5520
 27.1980
 27.5140
 27.5400
 27.6980
 28.6400
 29.0200
 29.7180
 29.9300
 30.5360
 30.5800
 30.8960
 30.9860
 31.0360
 31.1280
 31.4160
 31.6000
 31.9340
 32.3880
 34.5400
 34.6720
 34.7160
 35.0220
 35.6080
 37.8000
 38.1680
 38.3260
 38.3720
 38.6960
 39.5760
 40.8240
 41.5260
 43.0000
 43.8580
 44.1680
 44.5960
 45.0620
 45.1760
 45.7400
 46.7800
 47.3460
 47.6920
 48.5260
 49.4920
 49.7660
 52.3760
 53.9060
 55.3600
 59.3780
 63.1680
 66.4020


#Top pat = 34
  0.1160
  0.4120
  0.6460
  2.7420
  2.9140
  3.3320
  4.2200
  4.3560
  4.7260
  5.1340
  5.6800
  6.0340
  6.9380
  7.7760
  8.0040
  8.2340
  9.4800
 11.7160
 12.0880
 12.1040
 12.4400
 13.2040
 13.2920
 14.3660
 14.7100
 14.9720
 15.2280
 15.6540
 16.0420
 16.2620
 16.3760
 16.8940
 17.7680
 18.3100
 18.6940
 19.1200
 19.1540
 19.3660
 19.7440
 21.8020
 22.2560
 22.4020
 22.4360
 22.4780
 22.7880
 23.0460
 23.3840
 23.4840
 23.7620
 24.0740
 24.6180
 24.7320
 25.0700
 26.4620
 27.6660
 27.8200
 28.0280
 28.2940
 28.8340
 28.8820
 29.8720
 30.2280
 30.5660
 31.0160
 31.9160
 33.2540
 33.4280
 33.5040
 34.3360
 35.0120
 35.1240
 35.1380
 35.5740
 35.8100
 35.9260
 36.0160
 36.9900
 37.2320
 40.6820
 40.6960
 41.5140
 41.9240
 42.1000
 42.2480
 42.3500
 42.7720
 44.3720
 45.0240
 45.1400
 48.2720
 49.0600
 49.2600
 50.6380
 51.0460
 51.3880
 58.2520
 60.7060
 61.6760
 66.0940
 70.5720


#Top pat = 35
  0.2100
  0.6760
  1.1520
  1.3940
  2.0060
  3.3100
  5.0240
  7.0740
  7.6480
  8.3700
  8.3740
  8.4720
  9.5920
  9.6100
 10.7540
 11.0020
 11.2080
 12.1020
 13.6280
 14.5560
 15.6100
 16.2380
 16.3340
 16.9880
 17.3100
 17.9760
 18.0580
 18.1800
 18.9220
 19.3420
 19.3800
 19.8680
 20.4220
 20.5120
 20.5440
 20.8500
 21.2220
 21.4280
 21.7260
 22.0780
 22.2680
 23.0720
 23.6940
 23.9420
 24.9100
 25.2540
 26.9840
 27.2920
 27.7560
 28.0400
 28.0960
 28.8080
 28.8480
 28.9960
 29.0600
 29.1300
 30.1720
 30.4280
 30.6900
 30.9400
 31.4920
 32.1360
 32.3260
 32.5900
 32.8640
 33.3400
 33.8500
 34.4160
 34.4180
 35.8220
 36.2240
 36.2900
 36.5460
 37.9580
 38.1540
 38.4660
 38.5660
 40.2120
 41.4500
 42.2700
 43.7340
 44.2460
 44.9340
 45.6800
 46.4680
 47.6020
 47.8160
 47.8300
 48.5500
 48.7480
 48.9560
 50.3960
 52.8780
 53.1600
 55.0720
 55.6120
 59.6460
 64.9380
 72.6960
 76.3160


#Top pat = 36
  0.3160
  1.3540
  2.4780
  3.2040
  3.9320
  5.5380
  7.4120
  8.1940
  9.0780
  9.6180
 11.0520
 12.3360
 13.8280
 15.0100
 15.1120
 15.5160
 16.1400
 16.4660
 16.5140
 17.2220
 18.5680
 19.1520
 20.2840
 20.4940
 20.9840
 21.6020
 21.8840
 22.1280
 22.3920
 22.4340
 22.9500
 23.0060
 23.6020
 23.7840
 24.0900
 24.3200
 25.9960
 26.3800
 26.6380
 26.8680
 27.1160
 27.1640
 27.4520
 27.7300
 27.9780
 28.0600
 28.1660
 28.7140
 29.2100
 29.3260
 29.8480
 30.2560
 30.6160
 31.0820
 31.4000
 31.4340
 31.8860
 32.1180
 32.6680
 33.0160
 33.7300
 33.8400
 34.0960
 36.9120
 36.9460
 37.0280
 37.1520
 37.5180
 39.0100
 40.6700
 41.0000
 41.1220
 41.4860
 42.0600
 42.7360
 42.7740
 42.8040
 43.5420
 43.6240
 44.7440
 45.4240
 45.5500
 47.0580
 47.0800
 47.1920
 47.4540
 47.8400
 47.9940
 50.9600
 51.3840
 52.5080
 52.8680
 54.4980
 54.5200
 55.4600
 59.6480
 60.3080
 63.1760
 68.0220
 73.9500


#Top pat = 37
  0.6900
  1.6080
  1.9420
  2.7000
  2.9840
  3.4760
  3.5820
  4.3320
  7.0900
  7.1040
  8.3200
  8.6480
  8.7160
  9.5960
 10.2620
 11.0360
 11.6200
 13.4940
 14.0520
 16.0940
 16.5820
 17.3580
 17.5540
 17.7180
 17.7540
 17.7840
 17.9640
 18.3900
 18.6880
 19.1160
 19.3480
 19.6940
 19.9760
 20.5860
 21.1980
 21.8300
 22.3580
 22.3880
 23.7880
 24.4740
 25.4220
 26.5080
 26.6600
 27.1220
 27.8540
 29.0280
 29.1660
 29.5860
 29.6080
 29.7900
 29.8780
 31.0260
 31.0480
 31.0900
 31.4580
 31.5400
 32.0120
 33.9080
 35.2960
 35.4900
 35.5440
 35.8780
 36.8720
 36.8960
 37.1940
 37.4020
 37.4040
 38.3620
 38.6760
 40.0880
 40.0920
 40.5820
 40.9440
 41.3300
 42.6160
 43.6160
 44.3300
 45.7620
 45.8820
 45.9320
 48.3800
 51.1480
 51.3180
 54.0600
 54.4160
 54.4840
 56.3600
 56.3760
 56.7040
 57.2480
 59.9160
 60.3560
 63.7520
 63.7720
 64.2280
 66.9840
 67.7580
 68.4200
 71.5320
 73.0440


#Top pat = 38
  2.3180
  3.2520
  5.6740
  5.9500
  6.1300
  6.4380
  7.3620
  7.5760
  7.6300
  8.7660
  9.2320
  9.6380
 10.0420
 11.7900
 11.8540
 12.8620
 13.1240
 13.3160
 15.4400
 15.6200
 16.9880
 17.2740
 17.6020
 18.1060
 18.8120
 18.9660
 19.6780
 19.8700
 20.8040
 20.8480
 21.1000
 21.6420
 21.8020
 22.1360
 22.7700
 22.8440
 23.3380
 23.7900
 24.0440
 24.8440
 26.0780
 26.5140
 29.4520
 29.6660
 30.0540
 30.9580
 31.4340
 31.5840
 32.8380
 33.2060
 33.8860
 34.5600
 35.2620
 35.4600
 35.8440
 35.8900
 35.9620
 36.0900
 36.5780
 37.3760
 37.3880
 37.7200
 37.8520
 37.9200
 38.2000
 38.3200
 38.9000
 39.0420
 39.2440
 40.1920
 40.4920
 40.5740
 40.7020
 40.8700
 43.7660
 44.3340
 44.6960
 44.7860
 45.0380
 45.1540
 46.8700
 47.2520
 47.9580
 49.5800
 50.5080
 51.3460
 52.5820
 53.1320
 56.8120
 57.8660
 58.7740
 61.2600
 64.5200
 64.9600
 65.2120
 65.6300
 67.8100
 68.3900
 74.5840
 78.1800


#Top pat = 39
  0.9000
  2.0040
  2.4960
  2.5340
  2.6260
  2.8460
  4.5880
  7.7040
  7.7100
  8.4440
  8.9660
  9.4320
  9.7400
 10.0800
 10.6060
 11.1480
 11.9780
 12.1320
 12.3100
 12.6880
 13.2420
 13.9640
 14.1480
 14.3540
 14.8680
 14.9060
 15.1260
 15.5120
 16.7160
 17.0960
 17.2420
 17.8680
 17.9600
 17.9820
 18.3220
 18.6860
 18.9820
 19.6540
 19.8000
 20.6680
 20.9800
 21.9000
 22.5840
 22.6400
 23.1540
 23.6040
 24.9800
 25.1720
 25.8840
 26.0780
 26.3680
 26.7400
 27.3200
 27.4780
 27.8740
 27.9080
 28.0940
 28.2060
 28.6180
 28.9920
 29.0700
 29.2540
 29.3420
 29.8740
 31.0880
 31.5480
 33.9920
 34.0880
 34.1900
 34.8820
 35.9840
 36.7720
 37.3220
 37.7220
 37.9380
 39.2100
 39.4340
 41.4380
 42.1680
 42.4780
 43.2960
 43.6640
 43.6800
 44.4020
 45.1980
 45.8040
 47.6740
 48.2700
 48.9200
 51.0120
 51.7520
 52.5840
 56.8220
 56.9740
 58.0840
 59.3140
 60.9260
 61.6400
 75.7620
 79.9060


#Top pat = 40
  2.5480
  2.5500
  2.5740
  2.7400
  3.7900
  4.0620
  5.7760
  5.9420
  7.1040
  7.6780
  7.9220
  8.3080
  9.6120
  9.9520
 10.3260
 10.9840
 12.3340
 12.3380
 12.6360
 12.6940
 13.5340
 13.6160
 13.9380
 14.2220
 14.3860
 15.1300
 15.4600
 17.0560
 17.1380
 17.5080
 18.0600
 18.1420
 18.7720
 20.2420
 20.5160
 20.9640
 21.5340
 22.0000
 22.0860
 22.3740
 22.4300
 23.1720
 23.3740
 23.8260
 24.0340
 24.8980
 25.7540
 27.2380
 27.6860
 27.7060
 28.3500
 29.3080
 29.9060
 30.4200
 30.7060
 31.0760
 31.9980
 32.1900
 32.2440
 32.8140
 32.9020
 33.4180
 33.8100
 35.0200
 35.1400
 35.3020
 35.3060
 36.4360
 36.4680
 37.4380
 37.5660
 40.0020
 40.2140
 42.6720
 43.9240
 43.9940
 44.2320
 46.7200
 47.5020
 47.6700
 48.3300
 48.5900
 49.5360
 49.6500
 49.8860
 50.9620
 51.4820
 52.8760
 53.1740
 54.6980
 55.0440
 58.2400
 61.5740
 62.5060
 62.6320
 64.2640
 67.8520
 67.9460
 68.1640
 78.9000


#Top pat = 41
  0.6620
  0.7780
  1.2000
  4.6100
  4.6880
  4.8040
  4.9140
  5.9380
  6.9060
  8.2480
  9.2920
  9.5700
  9.6220
  9.7060
  9.9840
 11.5480
 12.2980
 12.3280
 13.0720
 13.3240
 13.7200
 14.4920
 15.3760
 16.1940
 16.2140
 16.3500
 16.3740
 16.6340
 16.9160
 16.9440
 17.0220
 17.6280
 18.3220
 18.5220
 19.1640
 19.1720
 19.4980
 20.2120
 20.6560
 21.0840
 21.1480
 21.2720
 21.4980
 21.7120
 23.3280
 23.6680
 23.7120
 24.2100
 24.9260
 25.0700
 25.2600
 26.4920
 29.1080
 29.9720
 30.6640
 30.9440
 31.0040
 31.2280
 32.2800
 33.6500
 33.7540
 34.0480
 35.0040
 35.5940
 36.2840
 36.4020
 36.8160
 37.1920
 37.6940
 38.9560
 40.2920
 40.3300
 41.1080
 41.9120
 42.3400
 43.5500
 44.2660
 44.4560
 45.1360
 45.2100
 45.2280
 47.4660
 48.1780
 52.4000
 54.7400
 55.1540
 55.7900
 58.1180
 58.1680
 60.0460
 61.8560
 63.0180
 63.0400
 63.1520
 63.3280
 63.4200
 74.3780
 75.5420
 77.3820
 81.4580


#Top pat = 42
  0.1760
  1.1700
  1.3240
  1.4160
  3.8320
  4.0580
  6.5080
  6.7360
  7.2460
  8.6420
  8.9860
 10.1360
 10.3420
 10.6460
 10.8360
 11.3660
 11.6460
 12.3880
 12.6860
 12.7440
 13.4660
 13.5940
 13.9120
 15.7940
 18.1040
 18.4500
 19.4960
 20.0840
 20.1020
 20.2800
 20.9020
 21.1460
 22.4720
 22.5120
 22.5300
 22.5340
 22.5520
 23.8760
 24.7140
 25.1180
 25.8240
 25.9620
 25.9720
 26.0320
 26.9540
 27.4240
 28.1140
 28.4020
 29.2440
 30.6300
 30.7340
 31.2960
 31.9300
 32.0800
 32.2840
 32.3900
 32.4420
 33.3280
 33.9820
 34.3660
 34.5200
 34.6900
 34.8180
 36.2060
 36.2880
 36.4280
 36.5740
 36.6600
 36.7800
 36.8980
 37.6260
 37.8160
 39.4820
 40.7520
 41.0240
 41.9280
 43.4240
 43.6440
 44.6540
 44.8920
 45.3060
 45.4160
 45.4220
 46.0220
 46.1100
 47.1140
 47.3520
 49.1000
 51.8320
 52.1500
 52.3220
 52.3240
 53.6440
 57.8400
 61.9980
 62.4540
 65.9260
 66.5000
 68.4260
 73.2900


#Top pat = 43
  2.2520
  2.9780
  3.7100
  3.8700
  4.2140
  4.5120
  5.8540
  7.1820
  7.5220
  8.7260
  9.3260
 11.0820
 11.2200
 11.6220
 11.6300
 11.7640
 12.6200
 13.6480
 13.7540
 14.2820
 14.5080
 14.5680
 14.8040
 15.1280
 15.4360
 16.1420
 17.2180
 17.5840
 17.6540
 18.3180
 18.4660
 20.1240
 20.7980
 21.4220
 21.5080
 21.7480
 22.5740
 22.9300
 23.4000
 23.8380
 24.1060
 24.3460
 24.3540
 24.6920
 25.5640
 25.8960
 26.5720
 27.4580
 28.0020
 28.1580
 29.8140
 31.0280
 31.4040
 31.8440
 31.9240
 31.9480
 33.2720
 33.6360
 33.9060
 34.1460
 34.6420
 35.5340
 35.6820
 36.3860
 36.9420
 37.6260
 37.8080
 37.9040
 38.0340
 38.4400
 38.5560
 39.4820
 40.2080
 40.2720
 41.0500
 41.2000
 41.2440
 42.0000
 42.6440
 43.2500
 43.6920
 43.9780
 46.0100
 47.7800
 48.3440
 48.5300
 54.7960
 55.9000
 56.6000
 56.7520
 56.9720
 59.0420
 59.6840
 59.7600
 62.5100
 63.3780
 64.9900
 66.5620
 69.7760
 75.0660


#Top pat = 44
  0.1200
  0.8100
  3.0560
  5.2200
  5.8680
  7.3040
  8.1680
  9.0580
  9.3900
  9.8400
 11.3920
 11.8260
 11.9400
 12.7800
 12.9400
 13.4300
 13.5060
 13.5640
 13.7040
 13.8760
 14.2580
 14.2700
 14.5560
 15.1140
 15.5020
 15.7740
 15.9220
 16.1980
 18.0320
 18.6800
 19.3100
 19.6940
 19.7600
 20.1920
 21.0740
 21.4480
 21.5220
 21.5600
 22.7140
 23.7580
 23.7820
 24.8160
 25.0680
 25.5500
 26.1000
 26.1980
 26.3940
 26.9520
 27.8480
 28.0440
 28.1820
 28.2140
 28.3460
 28.4340
 29.4240
 29.7880
 29.9280
 30.2140
 31.8860
 31.9520
 32.8540
 32.9520
 34.8560
 34.9740
 35.1200
 35.2020
 36.1280
 37.5560
 37.8860
 37.9040
 38.3840
 38.4860
 38.6660
 39.0800
 39.6080
 41.5740
 41.7180
 42.0240
 42.4860
 42.8660
 43.9200
 44.4240
 46.2740
 46.4280
 46.6920
 47.5240
 48.6100
 51.9820
 53.1200
 55.1440
 58.1160
 58.5020
 59.4020
 62.3460
 64.8280
 70.2720
 71.2120
 73.1340
 73.9840
 77.6040


#Top pat = 45
  4.5640
  5.2580
  5.2940
  7.0940
  7.8460
  9.1440
  9.3140
  9.3160
  9.8240
 10.2140
 10.2680
 10.8780
 10.8800
 11.3780
 11.5520
 11.9900
 13.5020
 13.5520
 13.6380
 13.8100
 14.0840
 14.1780
 15.0580
 15.6020
 15.7080
 15.9580
 16.2360
 17.3280
 17.6880
 18.1540
 18.2200
 18.2480
 18.5300
 19.2380
 19.4760
 19.7220
 20.2040
 20.6540
 21.1680
 21.7420
 23.6460
 24.6760
 24.7740
 25.7260
 26.1040
 26.1540
 26.4460
 26.9720
 27.4120
 27.5480
 27.7360
 28.4160
 28.9040
 29.2040
 29.3780
 30.1340
 30.1920
 31.1580
 31.7020
 33.3820
 34.2940
 34.5380
 34.7440
 34.8740
 35.2060
 35.8580
 36.0960
 36.2880
 37.3000
 38.8920
 39.4160
 39.7080
 39.7880
 40.1260
 40.2300
 41.3820
 41.5640
 42.2260
 42.5180
 42.7240
 43.3760
 44.1240
 44.4780
 45.1540
 45.4440
 45.7140
 46.1840
 46.2060
 46.2380
 46.4100
 48.1180
 49.7240
 50.6620
 51.9280
 54.6580
 55.9660
 56.8340
 59.9100
 62.9400
 63.9040


#Top pat = 46
  1.5040
  2.2620
  2.8200
  3.2480
  3.4960
  4.2260
  4.9100
  5.5220
  5.7060
  6.6320
  7.7540
  8.2680
  8.6120
  8.7400
  8.8980
  9.7520
 10.9880
 12.0580
 12.0600
 12.8080
 13.0540
 14.1600
 14.3300
 14.6000
 14.7700
 16.1600
 16.3800
 16.4040
 18.0500
 18.1600
 19.9660
 20.2360
 20.6980
 20.9240
 21.9340
 22.1540
 22.2780
 22.3340
 23.7940
 25.2760
 25.9160
 26.0040
 26.2380
 26.7500
 27.6180
 27.6320
 28.5100
 28.7060
 29.2440
 29.3900
 30.0580
 30.2460
 30.4800
 31.3980
 31.4600
 31.5600
 31.7320
 32.2040
 32.2920
 32.3980
 32.8800
 33.2380
 33.6960
 34.5300
 36.7740
 37.5640
 39.4840
 39.9620
 40.1220
 40.1420
 40.2180
 40.7160
 41.2220
 43.4600
 44.1100
 44.9200
 45.9040
 48.6720
 49.4080
 50.1200
 50.7040
 51.2440
 52.1400
 52.5540
 54.9520
 55.1380
 56.1340
 57.2900
 57.8220
 58.6000
 58.6220
 58.8800
 60.7840
 63.3480
 67.5740
 73.7380
 74.2020
 75.2120
 76.6780
 81.8680


#Top pat = 47
  0.1720
  0.9540
  0.9840
  1.5120
  4.0140
  4.1520
  4.7200
  4.8540
  7.0720
  7.1480
  7.1760
  7.3480
  9.3680
  9.6180
 10.0040
 10.1760
 10.7820
 10.8280
 12.9180
 13.2420
 14.9240
 14.9620
 15.2240
 15.2300
 15.6660
 15.8280
 15.8800
 17.2540
 17.7680
 18.8500
 20.6060
 21.1440
 22.0220
 22.2360
 23.1260
 23.1700
 23.1840
 23.4020
 23.6160
 23.7960
 23.9440
 23.9500
 24.0800
 24.1420
 26.3200
 26.5540
 26.5860
 26.6080
 27.2960
 27.3780
 27.8660
 28.2160
 28.3000
 28.5260
 28.8580
 28.9320
 28.9880
 29.8960
 31.3120
 31.8860
 32.0020
 32.0480
 32.2780
 32.6740
 32.6780
 33.7300
 34.1340
 34.1660
 34.6720
 34.7240
 35.0920
 36.6540
 37.0280
 37.7580
 38.5260
 39.5200
 39.8280
 40.5160
 40.9140
 41.2560
 41.5400
 44.4980
 44.7940
 44.9600
 45.3920
 48.0620
 48.4220
 49.0580
 49.3700
 51.2840
 51.9860
 53.3760
 53.5940
 55.6260
 55.9740
 56.2180
 63.7980
 70.1360
 74.9820
 82.4880


#Top pat = 48
  0.7920
  1.5640
  2.3760
  5.5240
  5.5980
  5.7180
  7.0920
  7.6720
  7.9880
  9.1420
  9.4840
 10.2820
 11.0060
 11.0600
 11.3640
 11.4220
 11.7220
 12.3020
 12.7380
 12.8960
 13.3720
 15.3860
 15.9680
 16.2220
 17.0840
 17.6940
 17.9760
 18.3820
 18.4420
 19.4420
 20.8400
 21.6120
 21.7560
 22.2300
 23.0520
 23.5800
 24.2220
 24.5000
 24.7920
 25.2740
 25.2760
 25.8860
 25.9940
 26.9480
 26.9660
 27.3480
 27.6000
 28.7220
 28.9760
 29.1960
 29.2260
 29.5480
 29.8060
 30.1480
 31.4280
 31.5180
 31.5940
 31.8520
 32.6200
 32.8560
 32.9120
 33.6700
 33.6860
 33.9520
 34.1200
 34.7220
 34.7520
 34.9540
 35.4500
 36.2940
 37.2480
 37.6580
 37.9280
 38.3120
 38.5720
 39.6520
 40.3620
 40.9620
 41.6320
 41.6440
 42.6380
 43.3400
 44.1980
 44.9980
 46.7580
 48.2820
 49.1020
 49.1720
 49.1940
 50.2440
 50.2500
 62.9620
 64.4100
 64.4380
 66.1820
 66.5120
 68.2160
 69.0700
 70.1200
 74.0880


#Top pat = 49
  0.1440
  0.4500
  2.2360
  2.6640
  6.8720
  7.0640
  8.0180
  9.0300
  9.0640
 10.8480
 11.6160
 12.5800
 13.5540
 14.0460
 14.3300
 14.9140
 15.6760
 16.5680
 16.9040
 17.4200
 18.1020
 18.5740
 18.5740
 18.9100
 19.8680
 21.2400
 22.2420
 22.7400
 23.0080
 23.6240
 24.0180
 24.8140
 24.8960
 25.4800
 25.8720
 26.3580
 26.9400
 27.2040
 27.2800
 28.9440
 28.9800
 29.3180
 29.4240
 29.5620
 30.4340
 30.5140
 31.9840
 32.4360
 33.0460
 33.7440
 33.9020
 34.7440
 35.1960
 36.1640
 36.3500
 36.5680
 37.0660
 37.7120
 37.9000
 37.9640
 38.2080
 38.7400
 38.9160
 38.9620
 39.0400
 39.5780
 39.6500
 39.8120
 40.5800
 40.8300
 40.8760
 41.3060
 41.3200
 41.5660
 42.3720
 42.5000
 42.7920
 42.9960
 43.0440
 43.6980
 46.4580
 46.5420
 47.1640
 47.6920
 48.2060
 49.2640
 49.7060
 50.6760
 52.4760
 52.6380
 52.9840
 53.0080
 53.8140
 55.4140
 57.3560
 60.1100
 60.5840
 70.1940
 70.5900
 71.7780


#Top pat = 50
  0.4260
  1.6300
  2.2840
  2.9980
  3.3760
  5.2440
  5.2960
  5.3520
  5.7460
  7.2540
  8.0560
  9.6260
 10.0280
 10.7040
 10.7460
 10.9540
 11.8260
 12.2280
 12.3880
 12.7640
 13.0260
 13.2620
 13.8680
 14.0700
 15.6760
 16.1020
 16.2040
 16.8000
 16.9760
 17.1960
 19.3540
 19.4520
 19.5380
 19.7460
 19.8560
 20.9680
 21.3060
 21.3960
 22.4620
 22.7260
 22.7320
 22.9380
 23.4200
 23.8500
 24.0480
 24.7620
 24.9720
 26.1700
 26.5780
 27.3060
 27.3160
 27.6500
 28.1620
 28.4720
 28.8900
 29.8820
 29.9540
 31.0460
 31.4120
 31.6880
 33.1320
 33.1660
 35.0520
 36.0000
 36.0120
 36.3520
 36.5540
 36.8860
 36.8920
 37.0440
 37.5320
 37.7840
 37.8360
 39.8960
 39.9920
 40.0580
 40.1700
 41.3380
 41.3560
 42.4340
 42.9820
 43.2860
 44.0940
 46.2860
 47.1340
 47.9560
 49.3100
 50.0760
 51.3400
 53.4140
 56.9080
 57.2600
 57.9180
 61.3060
 62.8520
 63.5980
 64.3500
 69.3520
 77.3440
 77.3900


