#..\..\Net100seed42.net EP02delta0.1Input0.5.train 42
#Top pat = 1
 -5.7980
 -5.7720
 -5.4600
 -4.6540
 -4.6540
 -4.6280
 -4.6020
 -4.5760
 -4.5760
 -4.5500
 -4.5500
 -4.5500
 -4.5500
 -4.5500
 -4.5500
 -4.5500
 -4.5500
 -4.5500
 -4.5240
 -4.4720
 -4.4720
 -4.4460
 -4.4460
 -4.4460
 -4.4200
 -4.4200
 -4.4200
 -4.4200
 -4.4200
 -4.4200
 -4.3940
 -4.3940
 -4.3940
 -4.3680
 -4.3680
 -4.3680
 -4.3420
 -4.3420
 -4.3420
 -4.3420
 -4.3160
 -4.3160
 -4.3160
 -4.2380
  3.5860
  3.6300
  3.6520
  3.6520
  3.6740
  3.6740
  3.6960
  3.6960
  3.6960
  3.6960
  3.6960
  3.7180
  3.7180
  3.7180
  3.7180
  3.7180
  3.7180
  3.7180
  3.7400
  3.7400
  3.7400
  3.7400
  3.7620
  3.7840
  3.7840
  3.7840
  3.7840
  3.7840
  3.7840
  3.7840
  3.7840
  3.7840
  3.8060
  3.8060
  3.8060
  3.8280
  3.8280
  3.8280
  3.8280
  3.8280
  3.8500
  3.8720
  3.8720
  3.8720
  3.8940
  3.8940
  3.8940
  3.8940
  3.9160
  3.9380
  3.9600
  3.9600
  3.9820
  4.5100
  5.4120
  5.6100


#Top pat = 2
 -6.7980
 -6.4920
 -6.0980
 -5.6940
 -5.6920
 -5.6600
 -5.6320
 -5.6100
 -5.6080
 -5.5760
 -5.5340
 -5.4780
 -5.4580
 -5.4420
 -5.4380
 -5.4340
 -5.4100
 -5.4040
 -5.3980
 -5.3760
 -5.3480
 -5.2880
 -4.3240
 -4.2820
 -4.2600
 -4.2140
 -4.2140
 -4.2120
 -4.2100
 -4.2080
 -4.2000
 -4.1320
 -4.1000
 -4.1000
 -4.0880
 -4.0740
 -4.0720
 -4.0720
 -4.0660
 -4.0660
 -4.0460
 -4.0060
 -3.9720
 -3.9700
  2.0840
  2.2300
  2.4620
  2.5600
  2.6680
  2.6700
  2.6700
  2.6740
  2.6800
  2.6800
  2.7440
  2.7640
  2.7700
  2.7860
  2.7980
  2.8020
  2.8180
  2.8180
  2.8320
  2.8340
  2.8580
  2.8740
  2.8740
  2.9020
  2.9100
  2.9220
  2.9780
  3.9780
  3.9900
  4.0240
  4.0540
  4.0580
  4.0600
  4.0640
  4.0720
  4.0920
  4.1020
  4.1180
  4.1220
  4.1280
  4.1360
  4.1380
  4.1460
  4.1540
  4.1680
  4.1740
  4.1760
  4.1960
  4.2480
  4.2540
  4.2560
  4.3100
  4.3380
  4.3440
  4.8680
  5.9640


#Top pat = 3
-11.1660
-10.0360
 -9.8780
 -9.8580
 -9.7680
 -9.7520
 -9.7400
 -9.7160
 -9.6560
 -9.4720
 -8.8940
 -8.8640
 -8.8240
 -8.8120
 -8.8060
 -8.8040
 -8.7940
 -8.6600
 -8.5960
 -4.2260
 -2.5840
 -2.5320
 -2.0860
 -1.9840
 -1.7840
 -1.7660
 -1.7580
 -1.7040
 -1.7000
 -1.6360
 -1.6120
 -1.5760
 -1.5620
 -1.5460
 -1.5400
 -1.5300
 -1.5260
 -1.5240
 -1.5000
 -1.4960
 -1.4420
 -1.4420
 -1.4320
 -1.3940
 -1.1880
 -0.7540
 -0.6860
 -0.6720
 -0.6560
 -0.6080
 -0.6040
 -0.5560
 -0.5380
 -0.5340
 -0.5180
 -0.5120
 -0.5020
 -0.4840
 -0.4220
 -0.4200
 -0.4140
 -0.4040
 -0.3500
 -0.2960
 -0.2440
 -0.2320
  0.2400
  0.8220
  1.2060
  6.0660
  6.5180
  6.5460
  6.6520
  6.7700
  6.8180
  6.8240
  6.8280
  6.8340
  6.9040
  7.0480
  7.5960
  7.5980
  7.6660
  7.7160
  7.7320
  7.7340
  7.7440
  7.7480
  7.7600
  7.8400
  7.8480
  7.8520
  7.8640
  7.8780
  7.9860
  8.0280
  8.1260
  8.7280
  8.9420
  9.1160


#Top pat = 4
-14.3700
-13.2040
-13.1160
-12.9160
-12.8660
-12.8600
-12.3320
-12.2120
 -7.4700
 -7.4080
 -7.2900
 -7.2100
 -7.0640
 -6.6660
 -6.6080
 -6.6000
 -6.5280
 -6.3640
 -6.2840
 -5.8800
 -5.4980
 -5.1240
 -5.0440
 -4.9320
 -4.8880
 -4.7320
 -4.5060
 -4.4740
 -4.3540
 -4.2960
 -4.1100
 -4.0700
 -3.9680
 -3.7880
 -3.6880
 -3.5800
 -3.5560
 -3.5160
 -3.4680
 -3.3440
 -2.5500
 -1.0060
  0.2600
  0.5780
  0.6380
  0.7000
  0.7500
  0.7980
  0.8320
  0.8420
  1.0280
  1.1480
  1.2980
  1.4640
  1.4840
  1.6520
  1.6520
  1.7060
  1.7200
  1.7420
  1.7940
  1.9060
  1.9340
  1.9660
  2.0340
  2.1140
  2.4860
  2.5080
  3.0420
  3.7640
  3.8940
  3.9440
  3.9660
  3.9740
  4.0060
  4.4300
  4.4800
  4.5360
  4.6020
  4.6280
  4.6380
  4.6840
  4.8420
  5.4340
  6.1880
  9.0940
  9.3120
  9.4380
  9.5420
 10.0740
 10.2500
 10.2520
 10.2540
 10.2900
 10.3420
 10.3840
 10.6740
 10.8100
 10.9220
 11.5800


#Top pat = 5
-15.3440
-14.7780
-14.4920
-14.1200
-14.0600
-11.6700
-10.5460
 -9.8920
 -9.8220
 -9.8120
 -9.6840
 -9.6320
 -9.2140
 -8.9920
 -7.6260
 -7.1980
 -6.8580
 -6.5800
 -6.5060
 -6.4680
 -6.2620
 -6.0820
 -6.0580
 -6.0260
 -6.0060
 -5.6920
 -5.6080
 -5.3360
 -4.8700
 -4.8680
 -4.6140
 -4.6040
 -3.8900
 -3.1340
 -2.8780
 -2.8220
 -2.6340
 -2.4260
 -2.2180
 -1.9280
 -1.7240
 -1.6700
 -1.6580
 -1.5260
 -1.4940
 -1.4940
 -1.1200
 -0.8660
 -0.7600
 -0.7260
 -0.6520
  0.4040
  0.4220
  0.6340
  0.8360
  1.3980
  1.4540
  1.4800
  2.0300
  2.0940
  2.3180
  2.4200
  2.5000
  2.5180
  2.5220
  2.7380
  2.7780
  2.8740
  2.9820
  3.1040
  3.2200
  3.2720
  3.3620
  3.3620
  3.4260
  3.4380
  3.7440
  5.2160
  5.7460
  5.8360
  6.1200
  6.1700
  6.2380
  6.3680
  6.3740
  6.5420
  6.5420
  7.1540
  7.1560
 10.4820
 10.7420
 10.9480
 11.1500
 11.1600
 11.2440
 11.2620
 11.6140
 11.9740
 12.3220
 12.4500


#Top pat = 6
-20.7140
-19.9680
-19.7720
-14.4820
-14.3720
-14.2760
-12.0860
-11.8780
-11.8420
-11.6920
-11.3900
-10.4980
 -9.6560
 -9.6140
 -9.5700
 -9.4740
 -9.3980
 -7.5580
 -7.2740
 -7.2240
 -6.7460
 -6.5660
 -6.4300
 -5.9200
 -5.8660
 -5.4820
 -5.4660
 -5.1840
 -4.8040
 -4.6660
 -4.4340
 -4.3660
 -4.0920
 -3.2960
 -3.2580
 -3.1320
 -2.7260
 -2.6980
 -2.6000
 -2.3320
 -2.2640
 -2.1260
 -2.0260
 -2.0220
 -1.7640
 -1.7000
 -1.6500
 -1.5320
 -1.4820
 -1.1680
 -0.4220
 -0.0940
  0.5180
  0.6440
  0.7220
  1.0260
  1.1380
  1.2860
  1.5260
  1.5520
  2.5940
  2.6700
  2.7100
  3.0040
  3.0120
  3.2680
  3.9440
  4.6840
  5.1120
  5.4580
  5.5300
  5.8400
  5.9740
  6.2020
  6.2460
  6.2680
  6.5440
  7.0480
  7.0500
  7.1720
  7.4580
  7.7880
  8.0160
  8.0300
  8.3020
  8.6320
  9.7020
  9.8800
  9.9180
 10.2260
 10.5360
 11.4040
 11.7840
 15.1880
 15.3940
 15.7360
 15.8980
 15.9940
 16.9480
 17.0540


#Top pat = 7
-24.4100
-23.5520
-22.2500
-16.6520
-14.8580
-13.3460
-11.5020
-11.0860
-10.9980
-10.4820
-10.4260
-10.0520
 -9.9220
 -9.3380
 -8.7600
 -8.7540
 -8.6100
 -8.1160
 -8.0420
 -6.8560
 -6.5640
 -6.0740
 -6.0020
 -5.9560
 -5.9000
 -5.8580
 -5.8480
 -5.7040
 -5.4640
 -5.2960
 -4.8340
 -4.7260
 -4.2800
 -4.1560
 -3.9660
 -3.8820
 -3.7620
 -3.5940
 -3.2940
 -2.8960
 -2.8000
 -2.7780
 -2.4820
 -2.4700
 -2.2860
 -1.9600
 -1.8060
 -1.4020
 -0.9120
 -0.9120
 -0.5320
 -0.2920
  0.0600
  0.1520
  0.3280
  0.6640
  1.4180
  1.7560
  2.5620
  2.6180
  2.8580
  2.9260
  3.2160
  3.4240
  3.6000
  4.1500
  4.3320
  4.4100
  4.9440
  4.9480
  5.4780
  5.5340
  5.8020
  5.8320
  5.9680
  6.1580
  6.2100
  6.2280
  6.2820
  6.3560
  6.4400
  6.6940
  6.8260
  6.9920
  7.1260
  7.1460
  8.3540
  9.7700
 11.6300
 11.6780
 11.8760
 12.1840
 12.8460
 13.4760
 13.5300
 13.8580
 14.9400
 17.5560
 18.6040
 18.7680


#Top pat = 8
-27.5880
-19.5680
-19.1300
-16.9400
-16.5340
-16.4440
-16.0220
-15.7700
-14.3660
-14.1540
-12.5080
-12.4320
-12.0540
-11.4320
-11.1780
-11.1520
-10.0700
 -9.9500
 -9.6980
 -9.1300
 -9.1080
 -9.0320
 -7.8280
 -7.4880
 -7.1960
 -6.8460
 -5.8080
 -5.6860
 -5.5960
 -5.5020
 -5.4580
 -5.4520
 -4.8380
 -4.5660
 -4.0620
 -3.9160
 -3.5980
 -3.2280
 -2.0940
 -1.3740
 -1.2100
 -1.1260
 -1.0740
 -1.0200
 -0.8400
 -0.8260
 -0.5540
 -0.4540
 -0.3760
  0.0040
  0.0520
  0.1760
  0.1920
  1.0980
  1.3760
  1.4660
  1.6220
  2.0000
  2.3660
  2.9220
  3.3380
  3.4680
  3.7000
  3.7380
  3.9480
  4.4760
  4.9280
  5.1980
  5.4080
  6.0200
  6.0340
  6.1240
  6.5340
  7.1380
  7.7380
  8.1120
  8.5800
  8.5960
  8.7340
  8.8300
  9.6960
 10.3980
 10.4160
 10.6940
 11.2980
 11.4420
 11.7200
 11.7880
 11.8820
 11.9060
 12.0640
 14.3260
 15.2300
 17.0440
 17.3960
 18.5460
 19.8300
 21.7080
 21.8460
 23.6140


#Top pat = 9
-26.4560
-24.0920
-18.5280
-18.1440
-16.7980
-16.7520
-16.3300
-15.1420
-14.7960
-14.2940
-13.0620
-11.9620
-11.6220
-11.5160
-10.7700
-10.2580
 -9.7340
 -9.7140
 -9.5800
 -9.5660
 -9.5240
 -9.4620
 -9.3100
 -9.0600
 -8.7720
 -8.2620
 -7.8880
 -7.4720
 -7.1080
 -6.8740
 -6.7600
 -6.6120
 -6.2260
 -6.0580
 -5.7860
 -5.5780
 -5.5560
 -3.3520
 -2.8060
 -2.3060
 -2.1380
 -0.9880
 -0.2940
  0.0820
  0.3820
  0.4900
  0.7540
  0.8360
  0.8560
  1.4480
  1.4580
  1.6500
  1.8540
  2.2360
  2.7560
  2.7840
  2.9660
  2.9960
  4.5460
  4.7180
  4.9280
  5.1080
  5.2400
  5.7820
  5.7900
  5.9180
  5.9940
  6.2520
  7.2800
  7.3080
  7.4940
  8.5000
  8.6120
  8.8640
  9.7760
  9.9880
 10.4840
 11.1980
 11.5480
 12.2320
 12.7840
 12.9120
 14.4640
 14.5900
 15.9660
 16.3520
 16.6480
 16.9180
 17.1380
 17.4460
 17.5420
 17.9400
 19.7360
 21.1440
 26.5160
 27.0880
 27.6840
 28.1600
 31.8920
 34.1020


#Top pat = 10
-27.9280
-24.6660
-21.7620
-19.9200
-16.8980
-16.3140
-15.7080
-14.8720
-14.6000
-13.8960
-13.4580
-13.2220
-13.1640
-13.1160
-12.7920
-12.4080
-12.3640
-12.0440
-11.6600
-10.3220
 -9.8720
 -9.8520
 -9.2860
 -8.3620
 -8.1560
 -7.9580
 -7.8540
 -7.6300
 -7.1920
 -6.1580
 -6.0260
 -5.6620
 -5.5520
 -5.3260
 -5.0540
 -5.0500
 -4.6760
 -4.1680
 -3.9460
 -2.3820
 -1.9700
 -1.7920
 -1.4560
 -0.9540
 -0.8000
 -0.6380
 -0.5360
  0.7520
  2.1980
  2.2660
  2.2920
  2.3640
  2.7960
  2.9340
  3.1640
  3.2980
  3.8160
  3.9080
  4.0820
  4.5240
  4.7360
  5.1360
  5.5860
  6.0480
  6.7980
  7.5500
  7.6080
  7.6500
  7.7840
  8.6780
  8.9840
  9.6720
  9.9200
 10.0120
 10.1100
 10.1320
 10.4040
 10.6040
 11.6360
 12.1120
 12.3940
 13.0880
 13.5580
 14.0420
 14.5600
 14.6880
 14.8420
 16.1540
 17.2440
 18.6180
 18.7080
 18.7780
 19.2760
 20.6200
 24.5280
 25.4160
 25.7520
 29.0280
 29.7640
 31.9880


#Top pat = 11
-29.6580
-26.2360
-23.5220
-21.6900
-18.5480
-17.9180
-17.1840
-15.4920
-14.5660
-14.0880
-13.9440
-13.4000
-12.9240
-12.8340
-12.4800
-12.0300
-11.9860
-11.8920
-11.7820
-11.7360
-11.7340
-11.1380
 -9.4880
 -9.0720
 -8.9120
 -8.6340
 -7.3820
 -7.3660
 -6.9680
 -6.8420
 -6.7280
 -6.1460
 -6.0820
 -5.0960
 -4.9340
 -4.5100
 -4.0780
 -3.6680
 -3.6320
 -3.5780
 -3.1080
 -2.8300
 -1.5840
 -1.4760
 -0.5140
  0.1900
  0.1920
  0.8660
  1.0760
  1.2580
  2.1860
  2.6060
  2.9040
  3.1800
  3.2940
  3.3320
  3.4560
  4.2440
  4.4920
  4.8420
  4.9940
  5.2820
  5.5180
  5.9500
  6.2940
  6.5940
  6.8040
  7.1500
  7.6380
  8.0520
  8.2440
  8.4820
  8.4840
  9.1820
  9.7460
  9.8540
 10.5340
 10.5540
 11.2100
 11.2760
 11.4060
 11.6780
 13.0020
 13.2160
 14.1320
 14.9640
 14.9660
 16.3380
 16.4960
 16.6040
 18.1380
 19.2880
 19.5600
 21.5020
 22.6760
 22.8120
 25.6320
 29.4960
 30.2740
 32.3060


#Top pat = 12
-28.6980
-25.7620
-22.4000
-21.8780
-20.5280
-20.1380
-17.2300
-16.7340
-15.8080
-14.4060
-14.1960
-14.0600
-13.7040
-13.1280
-13.0600
-11.7900
-11.4360
-11.3280
-11.3020
-11.1880
-10.9780
-10.0340
 -9.0060
 -8.5920
 -8.4780
 -8.2200
 -7.8620
 -7.8200
 -6.4100
 -5.9240
 -5.7620
 -5.7320
 -5.3400
 -4.6700
 -4.5260
 -4.3120
 -4.0880
 -3.7940
 -3.3560
 -3.1360
 -3.0840
 -3.0140
 -2.6940
 -1.6900
 -1.5580
 -1.2720
 -0.8940
 -0.5840
 -0.2040
 -0.0140
  0.0960
  0.2240
  1.6920
  1.9040
  2.3940
  2.4920
  2.5620
  3.2400
  3.5740
  4.1140
  4.3320
  4.5580
  4.9640
  5.6280
  6.8040
  6.9160
  7.1760
  7.2940
  7.3520
  7.6140
  7.6520
  8.0340
  8.1340
  9.6720
  9.7620
  9.8380
 10.7780
 11.0280
 11.6860
 12.2060
 12.2120
 12.8060
 13.5960
 14.7660
 14.7820
 14.8240
 15.2900
 15.5680
 16.4180
 16.8360
 19.6000
 19.6680
 19.8120
 20.2660
 21.7860
 21.9420
 25.7520
 27.7360
 31.9660
 32.4220


#Top pat = 13
-30.1440
-25.4360
-23.3900
-21.5460
-21.1880
-20.2080
-17.2920
-16.8800
-15.7740
-15.4220
-14.9280
-14.1780
-13.8820
-13.6480
-13.4300
-13.1700
-12.2280
-10.8580
-10.7920
-10.7800
-10.5420
-10.3820
-10.3460
 -9.0180
 -8.8460
 -8.4520
 -7.9660
 -7.5280
 -6.8000
 -6.7700
 -5.9120
 -5.7900
 -5.4160
 -5.3740
 -4.9940
 -4.5380
 -4.3640
 -4.0260
 -3.6780
 -3.6120
 -3.4960
 -3.0780
 -2.8120
 -2.4240
 -2.1780
 -2.1620
 -1.3460
 -1.0560
 -0.7060
 -0.0080
  0.1620
  0.4780
  1.4820
  1.5120
  1.8760
  2.2340
  2.8060
  3.5260
  3.6200
  3.9500
  4.4820
  4.6560
  4.7800
  5.2660
  5.5360
  5.9940
  6.2340
  7.1460
  7.6420
  7.6640
  7.9900
  8.2220
  8.5920
  8.6380
  9.1520
  9.8640
 10.2680
 10.3460
 10.6480
 12.3500
 12.5260
 12.5900
 13.8100
 14.1380
 14.8940
 15.1580
 15.1600
 15.8860
 15.9140
 16.3080
 17.9020
 18.6660
 19.3000
 20.2940
 20.6580
 21.3600
 24.6540
 28.1240
 30.9040
 31.9420


#Top pat = 14
-31.8740
-27.3460
-25.1900
-24.0860
-20.1320
-19.5900
-19.2300
-17.7240
-16.6480
-16.1880
-15.9700
-15.5380
-14.7600
-14.3840
-12.8860
-12.7920
-12.5760
-11.6380
-10.9980
 -9.8380
 -9.7060
 -9.6940
 -9.3480
 -9.3380
 -9.3260
 -7.8520
 -7.4600
 -7.4080
 -7.1040
 -6.8560
 -6.6260
 -6.4040
 -6.3080
 -5.5880
 -5.4680
 -5.1200
 -4.6740
 -4.1040
 -3.8980
 -3.2900
 -3.1960
 -2.5000
 -2.4720
 -2.0700
 -1.7480
 -1.7440
 -1.1520
 -1.1420
 -0.6680
 -0.5180
 -0.0360
  0.4340
  1.0360
  2.1300
  2.6280
  2.8960
  2.9560
  3.2420
  3.7360
  4.2140
  4.5340
  4.6700
  5.0320
  5.2860
  5.4900
  5.8840
  5.8920
  5.9640
  6.2680
  6.2720
  6.6280
  6.7080
  7.5220
  7.9960
  8.1840
  9.4420
 10.1760
 10.8260
 11.4020
 11.7760
 12.0100
 12.4780
 13.2100
 13.3780
 13.6820
 13.8800
 13.9760
 14.6780
 16.4960
 16.9420
 17.0540
 19.0380
 20.3040
 20.7100
 21.2240
 22.5360
 25.7040
 26.7540
 29.2440
 30.3820


#Top pat = 15
-32.9480
-27.9220
-26.1620
-23.3860
-19.8060
-19.6680
-19.0620
-17.5680
-16.7460
-16.0880
-15.5880
-15.2460
-14.8940
-14.3980
-13.9900
-13.8540
-12.1900
-11.8740
-11.3760
-11.2360
-10.8800
-10.4920
-10.1980
 -9.0140
 -8.8420
 -8.7660
 -8.3920
 -8.3920
 -8.1920
 -8.0820
 -7.9280
 -6.9920
 -6.9800
 -6.9320
 -5.7900
 -5.0360
 -4.7060
 -4.5980
 -4.2900
 -3.5260
 -3.5060
 -3.2780
 -3.2100
 -2.8140
 -2.7420
 -2.7160
 -2.1380
 -2.1260
 -1.8380
 -0.3220
  0.3100
  0.7520
  1.5740
  1.5840
  2.0820
  2.1320
  2.4220
  3.3820
  3.4280
  3.7460
  4.0600
  4.3740
  4.3920
  4.7380
  4.8420
  5.3680
  5.8000
  6.3020
  6.4500
  6.6100
  6.9200
  7.0000
  7.0280
  7.8600
  8.3500
  8.5380
  9.8100
 10.0480
 11.0060
 11.7700
 11.9140
 11.9360
 11.9520
 12.6920
 13.5100
 14.0480
 14.3340
 15.0300
 15.6320
 16.6720
 17.1100
 19.1260
 19.1600
 20.6240
 21.5840
 22.6580
 25.8440
 27.1440
 27.7320
 28.7440


#Top pat = 16
-35.3000
-28.2620
-25.8640
-25.0720
-21.6520
-18.9720
-18.2860
-18.2480
-17.9560
-17.6120
-17.1480
-16.9880
-15.9080
-15.7680
-14.6460
-14.1480
-13.1620
-13.0960
-12.8640
-12.4200
-12.0000
-11.9980
-10.8700
-10.3700
-10.2660
-10.1140
 -9.5160
 -8.2380
 -8.0840
 -8.0580
 -8.0540
 -7.0060
 -6.8760
 -6.0020
 -5.9940
 -5.5820
 -5.5760
 -5.1020
 -5.0820
 -4.6160
 -4.5540
 -4.4400
 -3.3020
 -2.3760
 -1.3140
 -1.0160
 -0.9320
 -0.9060
 -0.7460
 -0.4960
 -0.4640
 -0.3460
  0.0540
  0.1260
  0.6120
  1.3280
  2.3720
  2.4000
  2.6800
  2.7420
  3.5140
  3.5580
  4.1020
  4.2100
  5.0220
  5.5220
  5.6600
  6.0340
  6.3060
  6.7600
  7.8480
  7.9100
  8.2760
  8.5900
  9.0200
  9.6500
 10.0740
 10.3880
 10.6100
 10.9980
 11.4600
 13.2520
 13.5620
 13.6700
 13.6760
 13.7040
 15.1600
 15.1680
 15.3040
 15.4220
 18.1420
 18.4200
 18.8120
 19.7700
 21.2540
 22.9160
 23.1960
 23.6080
 26.6940
 29.4740


#Top pat = 17
-35.4580
-28.6180
-26.4100
-25.3680
-21.9620
-19.3480
-18.5780
-18.5440
-18.4760
-17.9580
-17.5400
-17.4920
-16.4460
-15.9480
-15.1480
-14.4680
-13.6080
-13.5620
-13.2600
-12.8820
-12.5140
-12.1520
-11.1840
-10.7320
-10.6060
-10.5020
 -9.8520
 -8.7160
 -8.5540
 -8.4460
 -8.3960
 -7.5100
 -7.2220
 -6.3420
 -6.1960
 -6.0960
 -5.9420
 -5.6320
 -5.4720
 -5.0660
 -4.9800
 -4.9680
 -3.4680
 -2.7360
 -1.8400
 -1.5540
 -1.4160
 -1.2000
 -1.0760
 -0.9920
 -0.8620
 -0.7900
 -0.3060
 -0.0320
  0.0320
  0.7900
  2.0120
  2.1520
  2.3180
  2.4360
  3.1620
  3.1640
  3.8460
  3.9460
  4.2800
  5.3260
  5.3360
  5.4660
  6.1560
  6.4240
  7.4300
  7.5060
  7.9580
  8.2220
  8.6580
  9.1140
  9.5540
 10.0760
 10.2220
 10.6440
 11.0820
 12.9860
 13.1120
 13.1480
 13.1960
 13.2060
 14.6040
 14.8300
 14.9460
 15.2360
 17.8220
 17.9140
 18.6340
 19.2700
 20.7180
 22.3820
 23.0400
 23.0560
 26.3380
 29.1020


#Top pat = 18
-36.5860
-28.4340
-26.0660
-25.0120
-23.0360
-20.5940
-19.0620
-18.8460
-18.6200
-18.1920
-18.1880
-18.1800
-17.0120
-16.9560
-16.2280
-15.6200
-13.0900
-13.0220
-12.9860
-12.9520
-12.5860
-11.7660
-10.9280
-10.6360
-10.4260
-10.0960
-10.0960
 -9.7420
 -9.4760
 -8.4220
 -8.3620
 -8.0100
 -7.4100
 -6.6940
 -6.6760
 -6.3620
 -6.2600
 -5.9440
 -5.8500
 -5.8220
 -5.1340
 -4.8460
 -3.3700
 -2.9180
 -2.6280
 -2.5800
 -2.5700
 -2.4460
 -2.4240
 -1.9560
 -1.4900
 -0.8860
 -0.5960
 -0.2280
  0.1340
  0.2400
  0.6800
  1.0880
  1.7440
  2.0760
  3.3080
  3.5360
  4.2660
  4.3420
  4.4180
  4.7960
  4.9000
  5.7120
  5.9060
  6.5260
  6.6380
  7.0080
  7.5260
  7.8680
  7.9060
  7.9860
  8.4440
  9.7600
 10.1080
 10.8340
 11.4460
 11.9540
 12.0420
 12.1820
 12.4880
 13.3340
 13.6520
 14.5500
 15.0100
 15.3660
 18.0900
 18.1440
 19.1820
 19.4440
 21.0940
 21.2540
 21.9540
 23.3640
 25.1920
 29.3960


#Top pat = 19
-39.9300
-36.6300
-29.5720
-26.2940
-25.6480
-23.7780
-22.2160
-20.2560
-19.7300
-19.6780
-19.2500
-18.9640
-18.3480
-17.3160
-16.8860
-16.4040
-16.2540
-15.7780
-14.8220
-13.9180
-13.7060
-13.3260
-13.3160
-12.6380
-12.1600
-11.0640
-10.5980
-10.0660
 -9.4860
 -9.3720
 -7.8180
 -7.4560
 -6.7140
 -6.4220
 -5.7360
 -5.3560
 -5.2680
 -5.1280
 -4.9300
 -4.6120
 -4.2100
 -3.9060
 -3.1260
 -2.9140
 -2.4340
 -2.4120
 -1.8140
 -0.6440
 -0.4120
 -0.0680
 -0.0120
  0.0580
  0.4400
  0.7640
  1.2060
  2.1120
  2.8520
  2.9740
  3.0280
  3.2300
  4.3520
  4.6840
  5.3400
  5.9120
  5.9220
  6.5980
  6.7140
  6.8000
  7.4780
  7.9760
  8.1300
  8.2420
  9.1380
  9.5520
 10.2720
 10.9640
 11.0040
 11.5840
 11.5940
 11.6720
 13.3060
 13.5320
 13.5840
 14.2420
 14.5380
 15.2080
 15.5060
 16.7040
 17.3380
 17.6440
 17.6920
 18.0700
 19.9120
 22.4120
 23.2780
 24.1420
 24.1800
 28.7360
 30.2500
 31.1760


#Top pat = 20
-40.2400
-36.7060
-29.8900
-26.4740
-26.0880
-24.2640
-22.1960
-20.5900
-20.3000
-20.2400
-19.7440
-19.3880
-19.0840
-17.3100
-17.0040
-16.6180
-16.5140
-15.9160
-15.1840
-14.0620
-13.9980
-13.7500
-13.4780
-12.9080
-12.8440
-11.4280
-10.7580
-10.5980
 -9.8420
 -9.5640
 -8.0060
 -7.7920
 -6.8820
 -6.6100
 -6.1300
 -5.6820
 -5.6360
 -5.3060
 -5.2620
 -4.9220
 -4.5700
 -4.4920
 -3.2640
 -3.1860
 -2.9240
 -2.6880
 -2.3080
 -1.0280
 -0.7860
 -0.5700
 -0.3980
 -0.1260
  0.1100
  0.4360
  0.4740
  1.7920
  2.1300
  2.4680
  2.7100
  3.1560
  4.2160
  4.5740
  4.8740
  5.6020
  5.7300
  6.2060
  6.3340
  6.4600
  6.9500
  7.6620
  7.7740
  8.1000
  8.5820
  9.4420
 10.1240
 10.3300
 10.4200
 11.0560
 11.1060
 11.2020
 12.7280
 13.5640
 13.6260
 13.9560
 14.4000
 15.2860
 15.3280
 16.5300
 17.0240
 17.3160
 17.3880
 17.9840
 19.3840
 21.9240
 22.9420
 23.6120
 24.0500
 28.5880
 30.2540
 30.8460


#Top pat = 21
-40.7980
-36.4720
-29.3900
-28.0400
-25.9880
-25.4160
-22.5740
-20.2320
-20.2000
-20.1400
-19.8520
-19.5520
-18.7440
-18.1800
-17.4760
-17.2880
-16.9580
-15.7380
-15.5200
-15.0500
-14.9940
-14.5360
-14.4420
-13.4340
-12.5660
-11.1420
-10.6260
-10.2280
 -9.5420
 -9.4940
 -9.2520
 -7.6200
 -7.4640
 -7.1980
 -6.1180
 -6.1100
 -5.9600
 -5.3640
 -5.2940
 -5.1280
 -4.4540
 -3.8760
 -3.1440
 -2.9180
 -2.7640
 -2.4780
 -2.4420
 -2.4400
 -1.7360
 -1.0000
 -0.6800
 -0.6620
 -0.5980
 -0.4640
  0.8460
  1.4960
  1.6980
  2.1340
  2.3620
  2.4740
  4.1040
  4.2920
  4.7540
  5.4340
  6.1340
  6.5280
  6.5520
  6.7300
  7.1360
  7.1960
  7.4560
  8.4240
  8.5300
  9.1320
  9.4140
  9.8260
 10.0000
 10.3020
 10.8840
 11.7260
 12.3200
 12.9420
 13.1500
 13.1760
 13.5880
 14.7560
 14.9740
 15.5880
 16.2660
 17.6820
 17.7420
 18.1480
 18.5460
 21.4440
 22.9600
 23.1680
 24.1600
 28.1080
 30.4860
 30.5760


#Top pat = 22
-39.8860
-35.0020
-29.8000
-28.3700
-26.2860
-25.4840
-24.3640
-23.0100
-22.7500
-22.5220
-22.4720
-21.9220
-19.6800
-18.8700
-17.8680
-16.8920
-15.9820
-15.9560
-15.0020
-14.7960
-14.7700
-14.3340
-13.9320
-13.2360
-12.8320
-12.8280
-10.9340
-10.3840
 -9.5900
 -9.4440
 -8.6700
 -7.6100
 -7.3940
 -7.0780
 -7.0740
 -6.9120
 -6.8080
 -6.0540
 -5.3320
 -5.0360
 -4.3760
 -4.3520
 -4.1400
 -3.9140
 -3.6580
 -1.9540
 -1.8400
 -1.5420
 -0.6880
 -0.4580
 -0.2880
 -0.1100
 -0.0740
  0.1700
  0.3160
  0.6140
  0.6240
  2.0540
  2.2980
  3.0680
  3.4720
  4.5940
  4.6260
  5.4080
  5.5920
  5.7500
  5.8900
  6.4300
  6.6160
  7.4100
  8.3020
  8.3900
  8.4660
  8.8640
  9.4140
  9.5900
  9.6620
  9.7020
 10.1080
 10.3540
 11.3440
 12.8380
 12.8960
 13.0360
 13.4920
 14.0940
 14.5320
 15.3880
 15.7120
 16.7100
 17.6460
 17.9120
 18.9000
 21.6480
 22.9680
 24.1060
 25.1680
 27.7860
 28.9760
 30.0220


#Top pat = 23
-39.5500
-33.8980
-29.2360
-28.1140
-27.0080
-25.7700
-24.4460
-24.3720
-24.2420
-22.1560
-22.1220
-21.7200
-21.4220
-19.5020
-18.8520
-18.1560
-16.6700
-16.6420
-16.4860
-16.1700
-14.8760
-14.7620
-13.9400
-13.7520
-13.7380
-13.3500
-10.9140
-10.3040
 -8.5520
 -8.4780
 -8.0600
 -7.1040
 -7.0520
 -6.9320
 -6.2800
 -6.0540
 -6.0380
 -5.8280
 -5.5000
 -4.4980
 -4.4820
 -4.4400
 -4.0820
 -3.3860
 -3.1860
 -2.8520
 -2.4140
 -2.0480
 -1.7760
 -1.5400
 -1.3480
 -1.1480
 -0.4840
 -0.3900
 -0.1700
  0.2700
  1.5440
  1.5540
  2.8940
  3.2820
  3.7960
  3.8080
  3.9660
  4.0200
  4.0480
  4.7100
  4.7660
  5.7940
  7.0840
  7.7520
  8.0040
  8.3280
  8.7400
  8.8120
  9.0000
  9.0820
  9.4720
 10.5380
 11.0160
 11.4460
 12.0360
 12.2460
 12.8780
 12.9400
 13.0620
 13.8580
 14.9160
 14.9220
 15.0960
 15.1900
 17.2120
 17.7300
 20.4840
 20.6560
 22.5300
 24.5580
 25.2660
 25.5260
 28.2360
 30.6040


#Top pat = 24
-36.4720
-32.2060
-31.1660
-30.3880
-28.0620
-28.0540
-27.8720
-27.6280
-26.4240
-25.1560
-24.3400
-23.0660
-22.8740
-22.6740
-20.0100
-18.0400
-16.6520
-16.1700
-13.2740
-13.0800
-12.9040
-11.8440
-11.5820
-11.5040
-11.3720
-10.6560
-10.5560
-10.5500
-10.2120
 -9.7800
 -8.8000
 -8.6800
 -8.4540
 -8.4120
 -8.0200
 -7.0940
 -7.0660
 -6.5960
 -5.7800
 -5.0780
 -5.0120
 -3.4700
 -3.4360
 -2.9360
 -1.3080
 -1.1480
 -1.0980
 -1.0060
 -0.8360
 -0.0080
  0.1660
  0.8620
  0.9140
  0.9160
  1.1240
  1.2760
  1.3540
  1.6920
  1.7660
  2.2960
  3.0860
  3.7260
  4.5540
  4.8440
  4.8580
  4.8840
  5.2480
  5.4800
  5.7980
  6.4500
  6.7020
  6.8280
  8.4880
  8.7820
  8.8600
  9.2620
  9.7500
 10.5400
 10.5520
 11.6920
 12.0880
 13.3620
 15.3160
 15.4380
 15.5120
 15.8940
 15.9920
 16.0180
 16.2880
 16.5020
 17.9280
 18.3360
 18.6460
 19.8840
 20.7720
 21.1920
 24.0340
 25.2460
 27.7260
 33.6640


#Top pat = 25
-37.6240
-31.8400
-30.7400
-30.0580
-28.8080
-27.8880
-27.6280
-27.2540
-26.2940
-26.1940
-24.6740
-23.8000
-23.6460
-23.3000
-19.8780
-17.7380
-17.7120
-15.8280
-14.5060
-13.0960
-12.6920
-12.5480
-12.4040
-11.6820
-11.4480
-11.2320
-11.1900
-10.1620
 -9.9660
 -9.8680
 -9.3480
 -9.1600
 -9.1060
 -8.5020
 -8.4720
 -7.6420
 -6.7720
 -6.4820
 -5.8880
 -5.7440
 -5.2360
 -4.0040
 -3.0840
 -3.0680
 -2.9520
 -2.7660
 -2.5600
 -1.2040
 -0.7220
 -0.4000
 -0.0380
  0.3120
  0.5180
  0.7560
  1.1140
  1.2020
  1.2960
  1.3700
  1.7180
  1.9280
  3.3260
  3.3900
  3.4080
  3.5480
  3.6360
  3.7280
  3.8200
  4.2040
  4.3900
  5.2020
  5.7120
  6.7820
  8.8200
  9.0440
  9.1880
  9.3140
  9.5020
  9.8080
 11.0780
 11.2060
 12.2220
 13.7360
 14.2240
 14.3460
 14.9280
 15.0800
 16.0580
 16.4640
 16.5700
 16.8240
 16.8440
 17.2800
 18.1480
 20.2200
 20.3820
 20.8080
 23.1700
 25.5880
 28.1240
 34.2480


#Top pat = 26
-37.4540
-31.2660
-31.0060
-30.4340
-29.9980
-29.5680
-27.2480
-26.9240
-26.0080
-25.9480
-25.8420
-25.5620
-25.1220
-24.9020
-20.3880
-17.4100
-17.3760
-16.8600
-13.8140
-13.6340
-13.5620
-12.8540
-12.2700
-12.2440
-11.3800
-11.3220
-11.0980
-10.9960
-10.3480
 -9.8020
 -9.6680
 -9.3700
 -8.8960
 -8.6220
 -8.0860
 -7.9720
 -7.8040
 -6.8600
 -6.3080
 -5.5020
 -5.0920
 -4.2760
 -3.8620
 -3.8040
 -3.5940
 -2.7560
 -2.3240
 -2.2300
 -2.0440
 -1.5100
 -0.4660
 -0.2040
 -0.0740
  0.3740
  0.6440
  0.7380
  1.0740
  1.3640
  1.4500
  1.9520
  2.2720
  2.2920
  2.5680
  3.3580
  3.5380
  3.6420
  3.8960
  3.9640
  4.0560
  4.1520
  6.2800
  6.8800
  8.0840
  9.1700
  9.6060
  9.6580
  9.8620
 10.0040
 10.1460
 11.7400
 12.0860
 12.6040
 12.7660
 13.1580
 13.4480
 13.9500
 15.1820
 15.4720
 15.9260
 16.7760
 17.1500
 17.6320
 18.3340
 19.7760
 20.6500
 20.6980
 22.1440
 26.1040
 28.9080
 32.6880


#Top pat = 27
-31.5580
-30.2540
-28.6580
-28.6040
-26.0460
-25.9260
-25.1240
-25.0580
-24.8840
-24.6880
-22.5780
-21.3180
-21.2380
-20.7600
-20.3260
-20.2520
-20.2320
-20.1520
-18.9840
-17.8380
-17.2720
-16.9600
-16.8620
-16.3380
-15.5900
-15.5280
-15.4480
-15.1980
-14.4460
-11.9600
-11.3500
-11.2040
-11.1040
-10.6220
 -8.4780
 -8.3960
 -8.3620
 -7.7660
 -6.1160
 -5.9680
 -5.7840
 -5.2820
 -4.4900
 -4.0340
 -3.9820
 -3.8880
 -3.7140
 -3.6580
 -2.7160
 -2.2340
 -1.2940
 -0.3220
  0.2480
  0.2900
  0.7060
  2.5680
  2.6860
  2.7340
  2.8700
  3.4340
  3.5260
  4.2000
  4.7480
  5.4360
  6.3000
  6.3060
  6.3600
  6.6440
  6.9160
  7.0040
  8.5900
  9.1940
  9.3420
 10.7880
 10.8320
 10.8740
 10.8820
 11.3060
 11.7420
 11.9820
 12.3700
 14.4040
 15.1840
 15.5920
 15.6140
 16.9660
 17.7220
 17.7740
 18.4160
 18.8020
 19.0560
 22.6520
 24.2580
 24.8460
 25.3600
 26.2180
 27.7580
 27.8440
 28.6540
 36.5580


#Top pat = 28
-33.6500
-31.7800
-30.2580
-28.9260
-28.8040
-27.3620
-26.8000
-25.4220
-25.0180
-24.5400
-24.0560
-22.3720
-21.6660
-21.5840
-21.5160
-21.2560
-20.4400
-19.8140
-18.3620
-17.5520
-17.2880
-17.1160
-16.6000
-15.7040
-15.0020
-13.3260
-12.2440
-12.0780
-12.0700
-11.2720
-11.1780
-10.3880
-10.0240
 -9.3520
 -8.8960
 -8.5500
 -8.2080
 -7.9000
 -7.5000
 -7.4320
 -6.7320
 -6.1080
 -6.0520
 -5.1000
 -4.4000
 -3.7620
 -3.3240
 -2.8700
 -2.8200
 -2.5320
 -2.5160
 -2.4220
 -2.3100
 -1.9780
 -1.6280
 -0.4520
  0.0440
  0.2940
  3.7800
  4.4860
  4.6660
  5.5460
  6.0760
  6.3940
  6.6060
  6.6460
  6.7780
  6.9140
  6.9480
  8.1640
 10.5160
 10.6420
 10.7220
 10.8980
 12.4660
 12.8080
 12.8600
 13.2800
 13.5720
 13.9100
 13.9240
 14.0280
 15.2840
 15.7100
 16.4180
 18.3180
 18.8040
 18.8180
 20.6080
 20.7060
 21.1680
 21.2140
 23.4160
 23.7960
 24.0060
 25.8200
 26.6720
 28.2200
 29.7760
 42.8500


#Top pat = 29
-37.3400
-32.4600
-30.7460
-29.7180
-29.1920
-27.7360
-26.8060
-25.7020
-25.4600
-24.4620
-24.0780
-23.2760
-23.0100
-21.3760
-21.0500
-20.7460
-20.7320
-20.3620
-18.6980
-16.5320
-15.9500
-14.9920
-14.7380
-14.3560
-14.0720
-12.2340
-11.6600
-11.2960
-11.2580
-11.1240
-10.8000
-10.7240
-10.2960
 -9.9180
 -9.6280
 -9.4500
 -9.4480
 -9.0220
 -8.2920
 -8.1100
 -6.4600
 -6.1740
 -5.8200
 -4.9800
 -4.5820
 -4.3160
 -4.1640
 -4.0500
 -3.4900
 -3.3200
 -3.2580
 -3.0720
 -3.0120
 -2.9180
 -2.9080
 -2.6040
 -0.6460
  0.6300
  1.3100
  2.5260
  4.7640
  4.8660
  4.9960
  5.2460
  5.4520
  6.0840
  6.3080
  6.4120
  6.6340
  7.7960
  8.6520
  9.4580
 10.3780
 12.2220
 12.8740
 13.2460
 13.3400
 13.4200
 13.9640
 14.4380
 14.6580
 14.7100
 15.1040
 17.2580
 17.3900
 18.2080
 18.9000
 19.0980
 19.3640
 20.6340
 21.8340
 22.0980
 23.8600
 24.6460
 24.6720
 26.3240
 27.5000
 27.6920
 28.1860
 40.2200


#Top pat = 30
-46.1120
-41.4020
-32.6420
-32.0080
-31.6740
-31.0060
-27.1720
-25.5560
-25.1520
-23.9600
-23.2180
-21.1180
-19.7220
-19.4260
-18.7100
-17.9000
-17.4500
-17.3820
-17.1740
-16.9980
-16.6820
-16.2260
-15.4720
-13.4600
-13.3880
-11.5120
-11.1320
-10.1040
-10.0420
 -9.4140
 -9.3100
 -8.6560
 -6.7700
 -6.7580
 -6.1660
 -6.0100
 -5.9000
 -5.1300
 -4.6480
 -4.6260
 -4.5280
 -3.9480
 -3.4300
 -3.2680
 -3.2640
 -2.7140
 -1.9480
 -1.5220
 -0.8500
 -0.8400
 -0.5060
 -0.4260
 -0.1140
 -0.0900
  0.9660
  1.2100
  1.3160
  1.4000
  1.4740
  1.9300
  2.1420
  2.4260
  2.5820
  2.8380
  3.2760
  3.3300
  4.3380
  6.2100
  6.6500
  6.8280
  8.1360
  8.2840
  8.5280
  8.6100
  9.1160
  9.2740
  9.5340
 10.8860
 11.8840
 15.2280
 15.4340
 15.9340
 16.0040
 17.0480
 17.8940
 17.9140
 18.4880
 20.2920
 20.5380
 21.3740
 22.2360
 23.0480
 25.5800
 25.6440
 29.5740
 29.8800
 31.3640
 32.9420
 38.2100
 45.6500


#Top pat = 31
-42.5820
-39.6420
-34.6120
-31.9140
-31.2060
-30.7420
-30.1060
-29.5380
-27.2940
-22.4700
-21.4680
-21.4420
-20.4480
-20.2280
-19.9580
-18.7620
-17.9920
-17.8700
-16.7780
-16.6500
-16.5400
-16.2140
-15.8800
-15.7260
-14.5180
-14.1420
-13.8980
 -8.5420
 -8.3520
 -7.9740
 -7.6960
 -7.6600
 -7.4820
 -7.3840
 -7.1740
 -6.7740
 -5.6980
 -5.4300
 -5.2460
 -5.1640
 -4.9980
 -4.2500
 -2.7720
 -2.7540
 -2.5580
 -2.3080
 -1.8400
 -1.7660
 -1.5400
 -1.4640
 -1.2140
 -0.8600
 -0.3220
  0.0940
  0.2040
  1.0360
  1.0800
  1.3040
  1.5400
  1.5760
  2.4080
  2.7360
  4.1100
  4.2840
  4.3260
  4.6200
  6.3520
  6.3720
  6.4920
  6.5480
  6.6500
  7.0640
  7.4900
  7.8560
  8.2800
  8.3780
  8.9000
  9.1980
 13.1800
 13.7080
 14.0800
 14.6740
 14.7660
 17.2560
 17.8240
 19.3340
 20.7140
 21.3840
 21.8120
 22.2740
 23.8020
 24.0080
 24.7360
 25.8220
 27.3880
 28.3040
 30.3660
 32.6840
 34.4300
 49.4500


#Top pat = 32
-42.1560
-38.0520
-34.6460
-34.0720
-32.3160
-30.7620
-29.8120
-28.6020
-28.2040
-25.3080
-24.1900
-22.2280
-22.1580
-20.3020
-18.6140
-18.5300
-18.1100
-17.8440
-17.8420
-17.6460
-17.5880
-17.4700
-17.2820
-17.2500
-15.7380
-14.0560
-13.1640
-11.3020
-11.0720
 -8.6340
 -8.5160
 -7.5300
 -6.9420
 -6.4860
 -6.4360
 -5.6620
 -5.4920
 -4.7020
 -4.4820
 -4.3140
 -4.0720
 -3.5060
 -3.3840
 -3.2360
 -2.4700
 -2.3800
 -1.4420
 -1.4060
 -1.3460
 -1.0940
 -0.6220
 -0.5440
 -0.2600
 -0.0620
  0.3060
  0.7100
  0.8180
  1.2540
  1.6540
  2.5900
  3.3140
  3.4060
  3.7140
  4.0320
  4.0600
  4.0880
  4.2040
  4.7820
  4.9200
  5.0200
  5.8200
  6.6600
  7.5560
  7.9480
  8.9120
 10.0280
 10.1180
 10.2900
 11.3000
 13.2240
 14.2000
 14.8240
 15.3260
 15.7980
 18.9580
 19.0740
 20.3420
 20.5840
 20.9760
 21.0740
 22.2840
 22.7180
 24.0280
 27.3640
 28.4140
 28.9960
 29.0240
 32.0220
 32.5800
 48.6300


#Top pat = 33
-43.8360
-39.6020
-36.5060
-36.0020
-31.4720
-30.7920
-29.8640
-28.0180
-27.5140
-26.8380
-25.7780
-23.7040
-21.6480
-21.5240
-21.0420
-20.4400
-18.7700
-18.6840
-18.0920
-17.5880
-17.3660
-16.6680
-16.3660
-16.1480
-14.1300
-13.8320
-13.1200
-13.0920
-12.1320
-10.2340
 -9.6320
 -8.1960
 -7.7660
 -7.1920
 -7.1460
 -6.7340
 -6.6540
 -6.4020
 -6.2440
 -4.7600
 -4.4860
 -4.1200
 -4.1200
 -3.7360
 -2.7180
 -2.5040
 -2.3120
 -2.2320
 -2.1560
 -2.1500
 -1.3260
 -0.9020
 -0.5240
 -0.5240
  0.4220
  0.8140
  1.0840
  1.2080
  1.2280
  1.3800
  2.0920
  2.4300
  2.6140
  2.9380
  3.1520
  3.7760
  3.9860
  4.2100
  4.5280
  5.0880
  5.4760
  5.6680
  6.0660
  7.6600
  8.4580
  9.3140
  9.7460
 10.8240
 11.1320
 11.5820
 14.6560
 15.3040
 15.6240
 16.8740
 17.2140
 19.5360
 20.0680
 20.1880
 20.2880
 21.4680
 22.1060
 22.7520
 23.7380
 24.7040
 25.7540
 27.1360
 30.5600
 32.4540
 32.7420
 48.9840


#Top pat = 34
-46.0700
-38.5260
-34.5620
-34.4880
-33.4280
-31.9320
-29.9740
-26.9880
-26.9800
-25.3800
-25.0280
-24.7420
-23.6980
-22.2940
-20.6440
-20.5360
-20.1280
-19.0720
-18.0900
-16.7400
-16.6980
-15.5700
-14.7640
-14.1120
-13.4480
-13.1960
-12.8000
-12.2120
-12.0560
-11.8140
-11.4480
-10.2200
 -9.5660
 -9.1700
 -8.6980
 -8.3820
 -8.2600
 -8.1060
 -6.7540
 -6.4360
 -6.0120
 -5.1400
 -4.7960
 -4.7540
 -4.4240
 -3.6120
 -3.5980
 -2.5480
 -2.0760
 -1.6760
 -1.5880
 -1.4380
 -0.8580
 -0.3700
  0.1240
  1.8060
  2.5380
  2.6320
  2.7520
  2.9260
  3.4820
  4.2060
  4.6480
  4.8500
  5.1040
  5.3860
  5.6860
  5.8120
  5.9500
  6.2500
  7.3200
  7.5160
  7.6500
  8.2320
  8.2420
  8.3900
  8.7020
  8.8920
  9.9580
 10.7360
 12.5900
 13.1560
 17.2840
 17.8460
 18.0760
 18.4040
 18.6160
 20.6160
 21.5920
 21.8140
 22.3540
 22.6600
 23.0700
 24.9140
 25.0760
 27.9440
 28.6700
 35.6760
 35.7120
 45.0460


#Top pat = 35
-54.8320
-40.1900
-37.7180
-32.9700
-30.4500
-29.0840
-28.4840
-27.9940
-27.6640
-27.5560
-26.5540
-25.9040
-24.7120
-22.2260
-21.2000
-21.0040
-19.1580
-18.7740
-18.0880
-16.5500
-16.0040
-15.8540
-14.6920
-14.2980
-14.2920
-13.3560
-12.4960
-11.8380
-11.6580
-11.1920
-11.1900
-11.1880
-10.4580
-10.1840
-10.0060
 -9.9060
 -6.6340
 -6.1400
 -6.1360
 -6.0280
 -5.6500
 -4.4980
 -4.2280
 -3.9780
 -3.2200
 -3.1140
 -2.9460
 -2.7360
 -2.3240
 -2.2900
 -1.6400
 -0.8580
 -0.6800
 -0.6260
 -0.4480
 -0.3380
  0.1880
  1.2140
  1.3640
  2.5260
  2.7860
  3.7840
  3.7860
  4.1980
  4.4660
  5.3040
  5.8760
  7.0400
  7.9460
  8.2380
  8.4760
  8.6860
  9.0140
  9.5940
 10.9520
 11.0600
 11.3000
 11.5720
 11.7140
 12.2140
 12.4200
 12.9620
 14.2480
 16.1160
 16.6160
 16.7760
 16.8300
 17.4060
 18.6120
 18.6560
 21.2800
 21.8060
 23.7840
 25.9060
 26.3140
 29.7700
 31.2660
 37.7000
 39.6500
 46.7620


#Top pat = 36
-56.4520
-39.8100
-37.3300
-32.3200
-30.1160
-28.7760
-28.4920
-28.3680
-28.2040
-28.1320
-27.6360
-25.5120
-24.3460
-23.6060
-21.3160
-20.8600
-19.3560
-18.7740
-18.6280
-17.8280
-17.6780
-16.9040
-15.6000
-14.5420
-13.9200
-13.9100
-12.4580
-12.4180
-11.7140
-11.3640
-11.2240
-11.0660
-10.6420
-10.3920
-10.3720
-10.0920
 -7.3600
 -7.1600
 -6.9700
 -6.5160
 -5.9760
 -5.6500
 -4.2900
 -3.8240
 -3.6880
 -3.6340
 -3.5160
 -2.9260
 -2.8320
 -2.7660
 -2.1180
 -1.3540
 -1.2960
 -0.4800
 -0.3400
 -0.3260
  0.1720
  0.5200
  1.8720
  1.9260
  2.2360
  2.9580
  3.6640
  3.9120
  3.9860
  4.9040
  4.9440
  5.4560
  6.3020
  7.4680
  8.5340
  8.8140
  9.5160
  9.9060
 10.3700
 10.7000
 10.8980
 11.3220
 11.8540
 11.9540
 12.0500
 12.0820
 14.5280
 14.5800
 14.9940
 15.8880
 16.9700
 17.1200
 18.2340
 18.8240
 19.2940
 20.7320
 22.1580
 26.1020
 26.8400
 29.4700
 31.9240
 38.4220
 40.2080
 47.1440


#Top pat = 37
-52.8820
-37.3600
-33.6000
-31.7520
-31.4600
-30.5560
-28.6120
-28.4760
-27.7380
-26.2020
-26.1460
-25.7780
-24.7820
-23.4920
-23.3320
-20.8860
-20.8400
-20.7540
-20.6660
-18.5200
-16.6360
-16.0480
-16.0440
-15.6760
-14.9280
-14.2760
-13.2840
-13.1400
-12.5960
-11.9700
 -9.6440
 -9.5400
 -9.1520
 -9.0020
 -8.9460
 -7.7720
 -7.7420
 -7.6640
 -6.8220
 -6.7520
 -6.2320
 -5.5720
 -5.5380
 -4.7340
 -4.6600
 -4.4880
 -4.3860
 -4.3500
 -4.1660
 -3.9660
 -3.9300
 -2.5420
 -2.1940
 -0.4880
 -0.2880
 -0.2380
  0.3000
  0.4800
  2.2980
  2.5420
  2.6560
  2.7400
  3.7400
  4.2060
  4.5360
  4.9080
  5.1480
  5.3640
  5.6440
  6.9960
  8.4140
  8.4620
  9.5280
  9.7760
 10.1380
 10.2640
 10.3420
 10.5380
 10.7380
 10.7840
 11.6300
 12.9140
 13.3800
 15.9340
 16.1400
 16.2400
 16.6760
 16.7880
 16.8140
 20.1240
 20.2840
 21.1220
 23.3120
 24.5300
 28.5880
 28.6020
 34.5440
 34.8100
 43.4880
 50.4840


#Top pat = 38
-55.5620
-40.0100
-33.3620
-31.8840
-30.5000
-29.8260
-29.0020
-28.6360
-27.5280
-26.6740
-26.3280
-25.1520
-24.5300
-23.3720
-23.1540
-23.1200
-22.5260
-22.3180
-19.4520
-18.8340
-17.1360
-17.0440
-15.7240
-15.1300
-14.9380
-14.8400
-14.2540
-13.8420
-11.8220
-11.5300
-11.4980
-10.8160
-10.3500
 -9.5320
 -9.2220
 -8.5880
 -8.1260
 -7.2920
 -7.2780
 -7.2200
 -7.1060
 -6.8680
 -6.8160
 -6.7500
 -5.6180
 -5.2560
 -4.8660
 -4.7640
 -4.6420
 -2.6940
 -2.2920
 -1.5100
 -1.2400
 -1.0360
 -0.2200
  0.4280
  0.6680
  0.8220
  1.5460
  1.9260
  2.3780
  3.0900
  3.1660
  3.2980
  3.7780
  3.9740
  5.6640
  5.8620
  6.4640
  7.0140
  7.8940
  8.0880
  8.2180
  8.6760
  9.1040
  9.4220
 10.3460
 10.4280
 11.3620
 11.6360
 13.5400
 13.5980
 14.6240
 15.1380
 15.9240
 17.3740
 17.6520
 17.7160
 17.7860
 18.1220
 18.4660
 19.9420
 21.8160
 21.9500
 25.7080
 29.6280
 33.1500
 36.6380
 41.2080
 50.9460


#Top pat = 39
-58.9280
-41.1440
-33.3160
-32.8980
-29.7860
-29.2460
-28.4260
-27.7540
-27.7160
-26.7360
-26.1800
-25.2880
-25.1380
-24.9920
-24.9260
-23.2360
-21.5460
-20.8200
-20.8020
-20.3220
-19.4920
-18.3140
-16.7140
-16.1740
-15.3360
-15.2240
-14.9280
-14.5240
-12.8240
-12.7000
-12.2960
-11.2040
-10.6840
 -9.1180
 -8.5280
 -8.4380
 -8.0940
 -8.0460
 -8.0440
 -7.9900
 -7.1760
 -7.0740
 -6.1160
 -5.9380
 -4.7820
 -4.4960
 -4.2600
 -4.2280
 -3.6920
 -3.2680
 -3.1360
 -2.6960
 -2.0140
 -1.4060
 -0.4740
 -0.4120
  0.2460
  1.3440
  1.4320
  1.5140
  1.5820
  1.8380
  2.2840
  2.8500
  2.8720
  3.2820
  4.5300
  5.6460
  6.2840
  6.3820
  6.3960
  6.4060
  6.7980
  6.8120
  7.0780
  9.6980
 10.3440
 10.4020
 11.1900
 11.2040
 14.5360
 14.7580
 15.3220
 15.7500
 17.6340
 18.9060
 20.0380
 20.6840
 20.8660
 21.4260
 21.8960
 23.1120
 23.9520
 24.4200
 24.9120
 28.2600
 31.6700
 35.7120
 36.0960
 52.9480


#Top pat = 40
-59.3660
-40.6080
-33.7540
-32.9560
-29.4340
-29.3260
-28.7900
-27.6060
-27.4120
-26.4140
-26.2080
-26.0500
-26.0360
-24.9660
-24.3040
-22.4940
-22.4520
-21.9000
-21.4020
-20.0280
-19.5320
-18.3340
-17.2420
-16.1760
-15.4300
-15.4260
-14.8840
-14.8360
-14.2760
-13.7200
-12.3180
-12.1340
-10.7780
-10.6540
 -9.1920
 -8.7560
 -8.4880
 -8.1120
 -7.9500
 -7.8420
 -7.2980
 -7.2820
 -6.8700
 -5.4680
 -5.3700
 -4.6820
 -4.4520
 -4.0520
 -3.8500
 -3.6140
 -3.5880
 -2.5800
 -2.4140
 -2.3260
 -2.1240
 -0.8980
  0.7940
  1.0580
  1.0900
  1.1420
  1.7240
  1.9660
  2.0340
  2.6060
  2.9160
  3.2740
  4.8540
  5.1840
  5.4180
  5.6900
  5.9980
  6.3440
  6.5680
  6.7380
  6.9860
  9.2060
 10.2600
 10.4500
 10.7140
 11.3640
 14.6560
 15.0660
 15.8660
 16.3060
 17.7180
 17.8980
 19.6120
 19.9240
 20.1020
 21.7620
 21.8480
 23.0040
 24.0620
 24.9500
 25.4880
 26.5560
 30.5240
 34.9500
 36.0660
 53.2780


#Top pat = 41
-57.8360
-40.3280
-32.7640
-30.7480
-30.1160
-29.8680
-29.0140
-28.2880
-28.2560
-27.6960
-27.6440
-25.8400
-24.5860
-24.4740
-24.3700
-23.9240
-22.2740
-21.8640
-20.9280
-20.6580
-20.1820
-19.0320
-18.3680
-17.4200
-15.5800
-15.1380
-14.8260
-13.2200
-13.2160
-12.5020
-11.1320
-10.8180
-10.7920
-10.6040
-10.5620
-10.5260
-10.5140
 -9.8420
 -7.9600
 -7.5100
 -7.3720
 -6.3880
 -5.9460
 -5.8520
 -5.8320
 -5.6960
 -5.6440
 -5.3680
 -5.2140
 -4.4940
 -3.9400
 -2.8300
 -2.6920
 -2.3160
 -1.6800
 -1.3640
 -1.3540
 -1.3480
 -1.0560
 -0.4240
  1.0440
  1.3160
  2.0840
  2.5740
  3.2340
  3.7740
  3.8300
  3.8580
  4.1780
  4.6700
  5.0520
  5.1780
  5.6140
  7.0680
  8.0120
  8.2800
  8.9840
  9.5200
 10.8560
 10.9340
 12.5960
 13.0960
 13.6560
 16.9700
 18.1820
 18.7500
 18.9840
 20.0800
 20.4940
 21.1420
 23.8700
 24.0780
 25.0860
 26.5760
 27.9660
 28.4880
 31.5740
 34.2500
 37.1520
 52.5380


#Top pat = 42
-55.9560
-42.7360
-31.3360
-31.0140
-30.8380
-29.9260
-28.5860
-28.2080
-28.1140
-27.2600
-26.6080
-25.4960
-24.8640
-23.7600
-23.0140
-22.4600
-22.4400
-22.3660
-21.8380
-21.7540
-20.2980
-20.2840
-19.7260
-17.9460
-15.6020
-14.9800
-14.1360
-13.2080
-13.1140
-12.9920
-12.8300
-12.2680
-11.5360
-11.3940
 -9.7600
 -9.5960
 -9.4020
 -9.1620
 -8.0620
 -7.9120
 -7.7060
 -7.4720
 -6.2360
 -5.7680
 -5.5740
 -5.5000
 -5.4240
 -5.1420
 -4.9560
 -4.7580
 -3.7120
 -3.5980
 -3.2120
 -3.0660
 -3.0460
 -1.8820
 -1.4420
 -0.4540
 -0.4100
 -0.0700
  0.3580
  0.4860
  2.1860
  2.5740
  2.7280
  3.5240
  4.1040
  4.4980
  4.5760
  4.9740
  5.1020
  5.7920
  6.2240
  6.8980
  6.9480
  8.3540
  8.4700
  8.6580
  8.6820
 10.1740
 10.6880
 12.2500
 15.5160
 16.2260
 16.6500
 17.3200
 18.0300
 19.0300
 20.8720
 21.4320
 22.2340
 26.3960
 26.8000
 27.7760
 27.7960
 28.9560
 30.3580
 31.3780
 40.5920
 49.8360


#Top pat = 43
-53.9980
-49.9120
-35.7780
-31.3400
-29.5540
-29.4280
-28.8680
-28.6960
-27.4800
-27.2960
-27.2300
-27.1340
-26.9680
-26.9420
-26.5820
-25.7700
-24.3640
-24.0720
-22.7540
-22.2280
-22.1480
-21.1060
-19.7100
-19.4600
-18.1400
-17.7020
-17.6980
-16.6760
-16.4320
-15.4840
-11.1080
-10.9460
-10.8440
-10.3640
-10.1260
 -9.2700
 -8.8860
 -8.4820
 -8.3700
 -8.0120
 -7.9720
 -7.2400
 -6.2220
 -4.2780
 -3.9520
 -3.6020
 -3.5560
 -3.4820
 -2.7300
 -1.7000
 -1.4780
 -1.4160
 -1.2320
 -1.1320
 -0.1660
 -0.0540
  0.3720
  0.6260
  0.7560
  0.9820
  1.1280
  1.6520
  1.7440
  1.9100
  2.4180
  3.2040
  3.4860
  3.8060
  4.2200
  5.3980
  5.4220
  6.6060
  7.1260
  7.5700
  8.5360
  8.5800
  8.7560
 10.2940
 10.3520
 10.8580
 11.1000
 11.3140
 11.5820
 12.4640
 12.8840
 18.2780
 18.4280
 20.1740
 20.4960
 21.2580
 23.1040
 23.5100
 23.7280
 30.5760
 30.8700
 31.1180
 35.2700
 35.3380
 36.3020
 53.1580


#Top pat = 44
-56.1760
-50.1820
-35.6000
-32.4140
-30.8960
-30.5020
-30.3280
-28.8420
-27.7100
-27.6500
-27.5840
-27.4900
-26.9420
-26.4860
-26.4060
-25.4000
-25.0320
-24.1840
-23.0900
-22.2820
-21.8680
-21.6580
-21.3000
-19.3000
-17.5820
-17.2520
-17.1860
-17.0720
-16.5120
-14.7460
-12.3020
-11.9000
-10.6280
-10.4580
-10.0360
 -9.9700
 -9.6080
 -8.8320
 -8.3580
 -7.8680
 -7.8160
 -7.1040
 -5.8700
 -4.9120
 -4.2240
 -4.1360
 -3.9900
 -3.5680
 -2.9480
 -2.5180
 -2.4180
 -1.5200
 -1.3120
 -1.1400
 -0.9360
 -0.9120
  0.3160
  0.9780
  1.0780
  1.1000
  1.2660
  1.5040
  1.9020
  2.2040
  2.5920
  2.7900
  3.2600
  3.3100
  4.0320
  4.6060
  5.8060
  6.7940
  6.9520
  6.9540
  7.7100
  7.9240
  8.1480
  8.7500
  8.8800
  9.9200
  9.9760
 10.6520
 10.7000
 11.4100
 11.8400
 16.9340
 18.4640
 20.6680
 20.6680
 20.8500
 23.3840
 23.6960
 24.2660
 29.8260
 30.9620
 31.6420
 33.6260
 33.9920
 34.9540
 51.4900


#Top pat = 45
-52.5640
-50.2660
-38.8400
-37.1660
-33.9180
-31.6800
-29.4660
-28.4600
-28.1580
-28.1300
-25.7980
-25.4980
-25.2880
-24.7560
-23.7160
-22.9020
-22.6140
-22.2900
-22.0000
-21.7880
-21.6160
-19.8600
-19.3940
-18.3560
-16.9340
-16.4220
-16.2800
-15.9160
-15.1820
-14.4800
-13.2040
-12.5120
-10.7320
 -9.5200
 -9.0320
 -8.3320
 -8.1340
 -7.9520
 -7.7560
 -6.9760
 -6.6100
 -6.4140
 -6.1380
 -5.8380
 -5.6560
 -5.2240
 -4.1980
 -3.6240
 -3.5100
 -3.3220
 -3.2960
 -2.8940
 -2.1000
 -1.2500
 -1.1420
 -0.8520
 -0.4600
 -0.3440
 -0.2940
 -0.2000
  0.3420
  1.5500
  1.6140
  1.8700
  2.2760
  2.3940
  2.4960
  2.5040
  3.6200
  4.2900
  4.9820
  5.0980
  5.5640
  5.6020
  6.7720
  7.3700
  8.0820
  8.1420
  8.8720
  9.0860
  9.1220
  9.8500
 10.7620
 11.6100
 14.2140
 14.4500
 20.1820
 22.0680
 22.0760
 22.8620
 23.8820
 24.4060
 26.2820
 28.1320
 29.0180
 33.2420
 36.4560
 37.0260
 37.3880
 48.6280


#Top pat = 46
-52.2580
-51.8500
-36.2700
-34.9620
-34.8840
-33.9880
-30.9960
-29.7600
-29.6480
-29.6320
-25.8900
-25.5820
-25.3720
-24.9200
-24.7300
-24.1260
-22.3440
-21.2280
-21.1540
-20.5000
-19.5560
-18.9500
-18.8740
-18.2880
-16.2460
-15.8180
-14.8720
-14.7920
-14.5900
-14.2520
-14.0560
-13.6540
-13.2560
-12.9420
-11.3080
-10.9680
 -9.3740
 -9.1960
 -9.1620
 -8.4100
 -7.8160
 -7.7300
 -7.3360
 -6.3580
 -4.5740
 -4.4300
 -3.9360
 -3.3000
 -3.0400
 -1.9200
 -1.6940
 -1.3240
 -1.0520
 -0.8500
 -0.7260
 -0.6820
  0.1320
  0.2180
  0.3660
  0.3920
  0.6540
  0.9740
  1.0920
  2.2840
  2.8420
  2.9900
  3.2200
  3.2220
  4.2160
  4.2740
  4.9260
  5.0180
  5.3540
  6.1820
  6.1880
  8.5560
  8.6340
  9.2040
  9.5140
 11.2440
 11.3640
 12.3820
 13.2260
 13.3920
 15.5980
 16.5520
 18.5620
 21.2200
 22.4960
 23.9580
 26.7680
 27.1720
 27.6320
 28.9160
 29.9080
 30.5060
 31.1640
 34.3100
 39.2240
 45.1360


#Top pat = 47
-52.6160
-52.1860
-36.8120
-35.2560
-35.1120
-34.1700
-31.1660
-30.2180
-30.0500
-29.6160
-26.2560
-26.1200
-25.6900
-25.4380
-25.1220
-24.4260
-22.8980
-21.6940
-21.4020
-21.0560
-20.0100
-19.3120
-19.2500
-18.3680
-16.8280
-16.2940
-15.4220
-15.1420
-15.0800
-14.6360
-14.3100
-13.8340
-13.8220
-13.4480
-11.8560
-11.3260
 -9.5480
 -9.3440
 -9.3160
 -9.1100
 -8.3780
 -8.0900
 -8.0160
 -6.5340
 -4.9180
 -4.8060
 -4.0860
 -4.0720
 -3.5600
 -2.2120
 -2.1640
 -1.8280
 -1.6500
 -1.4220
 -1.0580
 -0.7600
 -0.5680
 -0.3120
 -0.1540
 -0.1100
  0.5320
  0.6640
  0.7500
  1.5120
  2.6400
  2.6580
  3.0600
  3.0660
  3.7160
  4.1420
  4.1780
  4.4320
  5.0900
  5.5980
  5.8120
  8.0760
  8.4060
  8.7120
  9.3300
 10.6900
 11.0640
 11.7920
 12.8900
 13.2600
 15.0500
 16.2520
 17.9740
 21.2460
 22.1340
 23.6520
 26.5840
 26.6860
 27.0680
 28.5840
 29.3720
 30.0000
 30.4480
 34.1720
 39.2800
 44.7940


#Top pat = 48
-52.2520
-52.0600
-38.4800
-37.1760
-34.9460
-33.4220
-31.1720
-30.9920
-29.8740
-29.2400
-26.2120
-26.1640
-26.0820
-25.7420
-24.9400
-24.8120
-24.0260
-23.0220
-22.1920
-21.5900
-20.8840
-19.9340
-18.5080
-17.8380
-17.6960
-17.3200
-16.5140
-16.2780
-16.2680
-15.4880
-15.1600
-13.7740
-13.2680
-12.9720
-12.9140
-11.3680
-11.0840
 -9.8240
 -9.6080
 -9.2720
 -9.2360
 -7.8340
 -7.6300
 -6.4860
 -6.2500
 -6.0820
 -4.5400
 -4.3420
 -3.7100
 -3.0480
 -2.7480
 -2.1280
 -1.5020
 -1.1320
 -1.0520
 -0.6540
 -0.4660
 -0.3560
 -0.0780
 -0.0740
  0.6540
  0.7780
  1.0520
  1.7140
  2.7620
  2.7640
  3.1620
  3.2620
  3.4240
  3.7040
  4.1940
  4.2800
  4.6280
  5.8880
  6.3240
  6.7020
  7.7340
  8.1600
  8.5440
 10.1860
 11.2280
 11.3660
 11.6540
 13.8240
 15.2220
 16.3700
 18.0940
 21.3880
 22.1520
 23.9380
 24.9400
 26.7400
 27.6140
 28.0020
 29.4280
 29.9540
 30.8740
 33.8060
 37.6780
 43.6840


#Top pat = 49
 25.6880
 26.2900
 27.8320
 28.1500
 29.9900
 30.0380
 30.1760
 30.2800
 30.7440
 30.7760
 30.8520
 31.2220
 31.2560
 31.2820
 31.4060
 31.7280
 32.2820
 32.2880
 32.3320
 32.4080
 32.6840
 32.7520
 32.7740
 32.8000
 32.8520
 32.9200
 33.0060
 33.1160
 33.4860
 33.7000
 33.7800
 33.8040
 33.8480
 34.1920
 34.3780
 34.5160
 34.5280
 34.5560
 34.6360
 34.6420
 34.6420
 34.7740
 34.7780
 34.8520
 34.9100
 35.1060
 35.3680
 35.4240
 35.5420
 35.5460
 35.5960
 35.7700
 35.8860
 35.8960
 36.0160
 36.0340
 36.1300
 36.2440
 36.3080
 36.3560
 36.3740
 36.6000
 36.6540
 36.7860
 36.8580
 36.8980
 37.0200
 37.2360
 37.2880
 37.5080
 37.7360
 38.0520
 38.0720
 38.2280
 38.2980
 38.4040
 38.4980
 38.8840
 38.9540
 39.1020
 39.1720
 39.7180
 39.8540
 40.0360
 40.0880
 40.0900
 40.1200
 40.4120
 40.4480
 40.5620
 40.7760
 40.9900
 41.1600
 42.4580
 43.8000
 44.2840
 47.0140
 47.2440
 48.2080
 49.2780


#Top pat = 50
 22.9840
 26.1180
 26.8800
 27.2580
 27.3620
 27.9140
 28.0700
 28.2280
 28.8560
 29.1500
 29.2860
 29.6340
 29.8220
 29.9580
 30.2340
 30.3880
 30.6540
 30.7560
 30.9880
 31.1480
 31.1760
 31.3260
 31.5040
 31.5600
 31.6360
 31.9060
 32.1160
 32.1260
 32.1680
 32.1780
 32.5760
 32.7060
 32.7960
 32.8280
 32.8740
 32.9420
 33.1320
 33.3280
 33.4820
 33.5640
 33.9020
 34.0640
 34.1360
 34.1400
 34.1820
 34.2900
 34.6360
 34.6560
 34.7140
 34.8840
 35.0240
 35.2060
 35.5400
 35.5880
 35.7500
 36.1400
 36.1780
 36.2480
 36.3660
 36.3960
 36.4920
 36.5020
 36.5860
 36.7940
 36.9020
 37.0100
 37.1960
 37.4220
 37.4460
 37.5000
 37.7500
 37.7740
 37.8840
 37.9220
 38.2760
 38.7060
 38.9660
 39.0840
 39.1980
 39.4060
 39.8360
 39.9780
 40.0320
 40.1740
 40.1980
 40.6520
 40.7020
 41.0720
 41.4980
 41.6600
 42.5340
 42.5600
 42.6160
 43.5220
 45.2840
 47.5000
 48.6240
 48.7640
 50.9780
 51.1080


