#..\..\Net100seed42.net EP02delta0.1Input0.5.train 42
#Top pat = 1
 -0.5100
 -0.4920
 -0.4460
 -0.4440
 -0.4200
 -0.4100
 -0.3620
 -0.3600
 -0.3600
 -0.3580
 -0.3580
 -0.3580
 -0.3560
 -0.3560
 -0.3540
 -0.3540
 -0.3540
 -0.3540
 -0.3540
 -0.3520
 -0.3520
 -0.3520
 -0.3520
 -0.3520
 -0.3500
 -0.3500
 -0.3500
 -0.3500
 -0.3500
 -0.3500
 -0.3500
 -0.3500
 -0.3500
 -0.3500
 -0.3480
 -0.3480
 -0.3480
 -0.3480
 -0.3480
 -0.3480
 -0.3460
 -0.3460
 -0.3460
 -0.3440
 -0.3440
 -0.3440
 -0.3440
 -0.3440
 -0.3440
 -0.3440
 -0.3440
 -0.3440
 -0.3440
 -0.3440
 -0.3420
 -0.3420
 -0.3420
 -0.3420
 -0.3400
 -0.3400
 -0.3400
 -0.3400
 -0.3400
 -0.3400
 -0.3400
 -0.3400
 -0.3400
 -0.3400
 -0.3380
 -0.3380
 -0.3380
 -0.3380
 -0.3380
 -0.3380
 -0.3380
 -0.3380
 -0.3380
 -0.3380
 -0.3360
 -0.3360
 -0.3360
 -0.3360
 -0.3360
 -0.3360
 -0.3360
 -0.3360
 -0.3340
 -0.3340
 -0.3340
 -0.3340
 -0.3340
 -0.3340
 -0.3320
 -0.3320
 -0.3320
 -0.3320
 -0.3320
 -0.3300
 -0.3260
 -0.3260


#Top pat = 2
 -1.8980
 -1.8360
 -1.6180
 -1.5720
 -1.4840
 -1.4700
 -1.4400
 -1.4220
 -1.4100
 -1.4080
 -1.4060
 -1.4060
 -1.4020
 -1.4000
 -1.3980
 -1.3960
 -1.3960
 -1.3940
 -1.3920
 -1.3900
 -1.3900
 -1.3860
 -1.3840
 -1.3820
 -1.3820
 -1.3800
 -1.3760
 -1.3760
 -1.3760
 -1.3740
 -1.3740
 -1.3740
 -1.3740
 -1.3740
 -1.3700
 -1.3700
 -1.3680
 -1.3640
 -1.3640
 -1.3620
 -1.3580
 -1.3540
 -1.3520
 -1.3440
 -1.3440
 -1.3420
 -1.3180
 -1.3160
 -1.3100
 -0.1360
 -0.1060
 -0.0760
 -0.0280
 -0.0260
 -0.0140
 -0.0140
 -0.0120
 -0.0120
 -0.0100
 -0.0100
 -0.0100
 -0.0080
 -0.0080
 -0.0080
 -0.0080
 -0.0080
 -0.0060
 -0.0060
 -0.0060
 -0.0060
 -0.0060
 -0.0040
 -0.0020
 -0.0020
  0.0000
 -0.0000
  0.0020
  0.0040
  0.0040
  0.0060
  0.0060
  0.0060
  0.0080
  0.0100
  0.0120
  0.0120
  0.0140
  0.0140
  0.0160
  0.0160
  0.0180
  0.0200
  0.0220
  0.0220
  0.0240
  0.0300
  0.1060
  0.1580
  0.1680
  0.1960


#Top pat = 3
 -8.1380
 -7.0800
 -6.6400
 -6.1520
 -6.0640
 -5.9500
 -5.8380
 -5.8360
 -5.8260
 -5.8220
 -5.8020
 -5.7640
 -5.7360
 -5.7120
 -5.7060
 -5.7040
 -5.6960
 -5.6920
 -5.6920
 -5.6900
 -5.6900
 -5.6640
 -5.6280
 -5.6240
 -5.5960
 -5.5700
 -5.5160
 -5.2120
 -4.8080
 -4.7900
 -4.7640
 -4.7560
 -4.7320
 -4.7140
 -4.7000
 -4.6840
 -4.6620
 -4.6600
 -4.6560
 -4.5840
 -4.5660
 -4.5640
 -4.5580
 -4.5100
  2.4320
  2.4340
  2.4540
  2.4680
  2.5060
  2.5340
  2.5460
  2.5640
  2.5680
  2.5840
  2.5860
  2.5940
  2.5960
  2.5980
  2.6020
  2.6120
  2.6140
  2.6200
  2.6240
  2.6300
  2.6520
  2.6720
  2.7520
  3.4320
  3.5140
  3.5300
  3.5620
  3.5680
  3.6140
  3.6200
  3.6240
  3.6420
  3.6460
  3.6480
  3.6580
  3.6620
  3.6680
  3.6820
  3.6880
  3.6880
  3.6960
  3.7000
  3.7080
  3.7080
  3.7120
  3.7200
  3.7260
  3.7520
  3.7800
  3.8100
  3.8360
  3.8440
  3.8500
  4.0940
  4.8300
  4.8920


#Top pat = 4
-10.4380
 -9.0800
 -8.9100
 -8.3120
 -8.2060
 -7.9920
 -7.8100
 -7.5520
 -7.5400
 -7.4460
 -7.3640
 -7.2660
 -7.1000
 -6.6580
 -6.6160
 -6.5740
 -6.4280
 -6.2640
 -6.2340
 -6.1900
 -5.1140
 -5.0440
 -4.8140
 -4.7860
 -4.7700
 -4.7520
 -4.7380
 -4.6840
 -4.6740
 -4.6380
 -4.6260
 -4.5480
 -4.5340
 -4.3180
 -3.9340
 -3.7480
 -3.6840
 -3.6740
 -3.6580
 -3.6540
 -3.6060
 -3.5600
 -3.5320
 -3.2820
 -0.2060
  0.0680
  0.6920
  0.6940
  0.7080
  0.8460
  0.8820
  0.8840
  0.9640
  1.0000
  1.8300
  1.8440
  1.9400
  1.9620
  1.9660
  2.0200
  2.0500
  2.1020
  2.1080
  2.1280
  2.1820
  2.2320
  2.2520
  2.2740
  2.3400
  2.4200
  2.7360
  3.1320
  3.3760
  3.4940
  3.5800
  3.5960
  3.6060
  3.6060
  3.6080
  3.6320
  3.7000
  3.7220
  3.7320
  3.7660
  3.8760
  4.4640
  4.5620
  4.6240
  4.6700
  4.7700
  4.7700
  4.7820
  4.8180
  4.8400
  4.8520
  4.9000
  5.3500
  5.3740
  5.3840
  6.2760


#Top pat = 5
-10.6700
-10.1560
 -9.9420
 -9.6760
 -8.8480
 -8.6860
 -8.2920
 -8.0120
 -7.8100
 -7.6340
 -7.3260
 -7.1920
 -7.0020
 -6.9080
 -6.6420
 -6.4700
 -6.2480
 -6.2360
 -6.1640
 -5.9180
 -5.8580
 -5.8460
 -5.7400
 -5.6340
 -5.2680
 -5.2260
 -5.1840
 -5.1580
 -4.7980
 -4.6660
 -4.6620
 -4.6620
 -4.5940
 -4.5800
 -4.4180
 -4.3700
 -4.2300
 -4.1540
 -4.0340
 -3.9860
 -3.8460
 -3.5540
 -3.3220
 -3.2480
 -1.7720
 -0.9680
 -0.8200
 -0.1920
  0.3340
  0.9220
  0.9720
  1.0060
  1.0460
  1.0600
  1.1360
  1.1900
  1.1940
  1.2260
  1.3080
  1.3420
  1.6260
  2.1200
  2.1340
  2.1740
  2.1860
  2.2040
  2.3200
  2.3320
  2.4140
  2.4260
  2.4620
  2.5300
  2.5600
  2.5760
  2.5820
  2.6920
  2.7440
  3.1620
  3.3060
  3.3180
  3.9300
  3.9580
  3.9600
  3.9620
  4.0360
  4.1020
  4.1320
  4.2260
  4.3940
  4.4380
  4.8100
  4.8580
  4.9080
  4.9620
  5.0080
  5.1100
  5.1280
  5.2380
  5.2580
  5.4960


#Top pat = 6
-12.8540
-12.5220
-11.3140
-11.0380
-10.3080
 -9.9160
 -9.4740
 -9.2140
 -8.6300
 -8.4620
 -8.0140
 -7.7740
 -7.7740
 -7.7560
 -7.7060
 -7.6480
 -7.3100
 -7.2140
 -6.9740
 -6.8980
 -6.8120
 -6.7720
 -6.1440
 -5.9080
 -5.7720
 -5.3560
 -5.3100
 -5.0280
 -4.5800
 -4.4640
 -4.3680
 -4.0800
 -3.8140
 -3.4580
 -3.4460
 -3.3860
 -3.3120
 -3.0620
 -3.0580
 -2.9220
 -2.7600
 -2.6820
 -2.5200
 -2.2860
 -2.2340
 -2.0560
 -1.6420
 -1.2900
 -1.1940
 -1.1400
 -1.1080
 -1.1040
 -1.0180
 -0.7960
 -0.7720
 -0.5040
 -0.3600
 -0.3440
 -0.3300
 -0.3020
  0.0080
  0.1080
  0.1660
  0.6280
  0.9660
  1.3440
  1.3820
  1.4100
  1.6980
  2.0640
  2.3940
  2.5640
  2.9260
  2.9800
  3.0880
  3.4160
  3.8420
  3.9640
  3.9760
  4.1060
  4.1100
  4.1500
  4.3260
  4.3420
  4.3620
  4.5740
  4.9100
  5.0360
  5.2060
  5.5520
  5.7020
  5.7760
  6.1140
  6.1180
  6.4380
  6.5220
  6.5400
  6.7080
  6.8980
  7.3860


#Top pat = 7
-12.8640
-12.5120
-10.9460
-10.6700
-10.6380
 -9.8920
 -9.7260
 -9.6880
 -9.6500
 -8.9000
 -8.8460
 -8.7400
 -8.5600
 -8.0760
 -7.4280
 -7.4220
 -7.4200
 -7.4040
 -7.2400
 -7.1340
 -7.0980
 -6.8880
 -6.6220
 -6.5440
 -5.6820
 -5.5700
 -5.5060
 -5.4360
 -5.4260
 -5.4060
 -5.0340
 -5.0100
 -4.4460
 -4.3400
 -4.2980
 -4.2560
 -3.4260
 -3.3600
 -3.1740
 -3.1080
 -3.0760
 -2.9440
 -2.7940
 -2.6820
 -2.3940
 -2.1760
 -1.9600
 -1.8900
 -1.8540
 -1.7340
 -1.4800
 -1.4620
 -1.3120
 -1.3080
 -1.3040
 -1.3020
 -0.9060
 -0.8740
 -0.7760
 -0.3900
 -0.0080
  0.2940
  0.3080
  0.4260
  0.7040
  0.9820
  1.5140
  1.5780
  1.7180
  1.7240
  1.7360
  2.0300
  2.4640
  2.5540
  2.5760
  2.7620
  3.2220
  3.4660
  3.4920
  3.6320
  3.8320
  3.8360
  4.2460
  4.2860
  4.3180
  4.4860
  4.4860
  4.6380
  4.9860
  5.4000
  5.7320
  5.8120
  5.9020
  6.0540
  6.2020
  6.2140
  6.6880
  6.7480
  6.8520
  7.5360


#Top pat = 8
-20.6160
-15.9480
-15.7060
-15.6000
-15.4980
-15.0620
-13.8140
-13.0160
-12.7420
-11.7800
-11.7620
-11.3060
-11.1460
-11.0360
-10.7980
-10.5280
-10.2600
-10.1380
 -9.1080
 -8.2140
 -8.1140
 -7.9380
 -7.8200
 -7.3300
 -6.9480
 -6.5780
 -6.5180
 -5.4840
 -5.2420
 -5.0340
 -4.8480
 -4.8220
 -4.7980
 -4.4500
 -4.2940
 -4.1320
 -3.8900
 -3.5280
 -3.3860
 -3.2800
 -2.7980
 -2.5140
 -2.3800
 -2.3580
 -2.0820
 -1.9380
 -1.7320
 -1.6000
 -1.5660
 -1.0200
 -0.6960
 -0.3840
 -0.3420
 -0.2460
 -0.0000
  0.0540
  0.4740
  0.5300
  0.5960
  0.8520
  1.5900
  2.0680
  2.0820
  2.6160
  2.9320
  2.9760
  3.1860
  3.2480
  3.3800
  3.4260
  4.3620
  4.4780
  4.5140
  4.8900
  5.0240
  5.2760
  5.7840
  6.1420
  6.3220
  6.4840
  6.7380
  6.8540
  6.8580
  6.8640
  7.4660
  7.5040
  8.7320
  9.6760
  9.7100
  9.9320
 10.1060
 10.8520
 10.8820
 10.9860
 11.0340
 11.0920
 11.4880
 11.9680
 12.1080
 12.6360


#Top pat = 9
-20.9380
-16.1300
-16.0480
-15.9040
-15.8320
-15.2180
-14.1500
-13.1900
-13.0960
-12.2840
-12.1180
-11.5220
-11.4820
-11.1940
-11.1480
-10.8580
-10.6240
-10.4880
 -9.4940
 -8.4820
 -8.4060
 -8.3620
 -8.1460
 -7.7100
 -7.2780
 -7.0120
 -6.7680
 -6.0020
 -5.7720
 -5.2020
 -5.1820
 -5.0820
 -5.0120
 -4.6360
 -4.6000
 -4.4420
 -4.4020
 -3.8680
 -3.8260
 -3.7760
 -3.2960
 -2.9400
 -2.8960
 -2.8640
 -2.6560
 -2.3160
 -2.0940
 -1.9580
 -1.9320
 -1.2040
 -0.9600
 -0.8380
 -0.7360
 -0.6840
 -0.4820
 -0.2740
  0.1160
  0.1200
  0.1700
  0.5500
  1.0500
  1.5320
  1.7540
  2.4260
  2.6000
  2.8040
  2.8120
  2.9000
  2.9800
  3.0500
  3.9960
  4.0440
  4.1160
  4.5320
  4.6960
  4.7480
  5.4560
  5.8020
  5.8440
  6.3020
  6.3440
  6.4220
  6.5440
  6.6640
  6.9820
  7.1020
  8.2760
  9.3200
  9.3380
  9.6300
  9.7740
 10.4960
 10.5060
 10.6260
 10.6360
 10.6720
 11.1400
 11.6940
 11.8460
 12.3040


#Top pat = 10
-20.0340
-19.8760
-18.2560
-16.8140
-16.6440
-16.2080
-16.0240
-14.8880
-14.7600
-13.4300
-13.0800
-12.8260
-12.2560
-12.0400
-11.9420
-11.3700
-11.1540
-10.9820
-10.7940
-10.5320
 -9.7860
 -9.0320
 -8.7700
 -8.5420
 -8.1700
 -8.1700
 -7.4560
 -7.1640
 -6.5720
 -6.3300
 -5.5000
 -5.1960
 -5.1160
 -5.0400
 -4.6400
 -4.0360
 -3.9660
 -3.8560
 -3.7980
 -3.7860
 -3.6720
 -3.5740
 -3.3920
 -3.0080
 -1.8120
 -1.7240
 -1.5240
 -1.5080
 -1.4920
 -1.0540
 -0.9100
 -0.6440
 -0.3400
 -0.0240
  0.1520
  0.2320
  0.3620
  0.9800
  1.1320
  1.2420
  2.0100
  2.2140
  2.3960
  2.6760
  2.7580
  2.7860
  3.2300
  3.2340
  3.3200
  3.7280
  3.7900
  4.3160
  5.3920
  5.4000
  5.6020
  5.6820
  5.8820
  5.9240
  6.7560
  6.8880
  7.0140
  7.3760
  7.8480
  8.0600
  8.1860
  8.2380
  8.2840
  8.4800
  8.6780
  8.8260
  8.9760
  9.4160
  9.7100
 11.2720
 12.7760
 12.8880
 13.8180
 14.0280
 14.1460
 15.7960


#Top pat = 11
-20.9460
-19.5580
-18.9420
-18.4600
-17.5640
-17.4640
-15.9000
-14.9620
-14.9200
-14.3880
-14.0120
-13.1140
-12.9500
-12.3120
-12.0020
-11.8540
-11.6660
-11.1520
-10.4660
-10.2720
-10.2240
-10.2220
 -9.8300
 -8.7560
 -7.9440
 -7.7800
 -7.5760
 -6.9160
 -6.7200
 -6.6460
 -6.4120
 -6.0420
 -5.6860
 -5.6780
 -5.6260
 -5.4140
 -5.2740
 -5.1980
 -4.6120
 -3.4380
 -3.2640
 -3.2580
 -2.9600
 -2.7300
 -2.2540
 -2.0640
 -1.9040
 -1.8900
 -1.7300
 -1.5180
 -1.3020
 -0.6400
 -0.5760
 -0.5440
 -0.3580
  0.4700
  0.5100
  0.7860
  1.5080
  1.6200
  1.7300
  1.9000
  1.9960
  2.2620
  3.2920
  3.3300
  3.7040
  4.0540
  4.0640
  4.0820
  4.2800
  4.2960
  4.4740
  4.7660
  5.0080
  5.2220
  5.3180
  5.9880
  6.1500
  6.3640
  6.6040
  7.1080
  7.1900
  7.3700
  7.5400
  7.7580
  8.4020
  8.4300
  9.1800
  9.6220
  9.8060
 10.3740
 10.4100
 10.6160
 10.9460
 11.1280
 12.3060
 14.0760
 15.0120
 15.3540


#Top pat = 12
-25.0380
-21.5720
-19.0940
-18.3800
-17.7120
-17.2240
-16.6880
-16.4500
-14.8560
-14.7740
-14.7620
-14.6420
-14.3820
-13.7060
-13.6480
-12.3980
-12.2220
-11.1920
 -9.7740
 -9.1100
 -9.0120
 -8.9540
 -8.4000
 -8.3980
 -8.2840
 -8.0960
 -7.9380
 -7.8440
 -7.4840
 -7.4720
 -6.8120
 -6.4060
 -6.2220
 -5.8220
 -5.4420
 -5.4100
 -4.8200
 -4.4560
 -4.2820
 -4.1120
 -4.0720
 -3.6760
 -3.5620
 -3.3420
 -3.2400
 -2.2560
 -2.1660
 -2.1520
 -1.8920
 -1.6780
 -1.5920
 -1.5060
 -1.4940
 -1.4540
 -0.0680
 -0.0520
 -0.0240
  0.0900
  0.6060
  0.6580
  2.1980
  3.0420
  3.4240
  3.5780
  3.8480
  3.9100
  4.1960
  4.2100
  4.3560
  4.9180
  5.2520
  5.4380
  5.5080
  5.8680
  5.9340
  6.0180
  6.5740
  7.1860
  7.2040
  7.4500
  7.6620
  7.8700
  7.9040
  7.9920
  8.2840
  8.8460
  9.2700
  9.3720
  9.7600
  9.9940
  9.9960
 10.0360
 10.2520
 11.2840
 13.3040
 13.7580
 15.7880
 16.5400
 16.9960
 21.0960


#Top pat = 13
-26.5560
-21.3940
-18.9200
-18.8940
-18.0380
-17.7500
-16.9500
-15.9420
-15.3660
-14.5800
-14.4960
-14.2720
-14.1820
-14.1620
-13.3940
-13.3100
-12.0360
-11.3040
-10.8060
-10.4480
 -9.9220
 -9.7300
 -9.6740
 -9.0080
 -9.0020
 -8.6980
 -8.4620
 -8.0760
 -7.7540
 -7.5920
 -7.5060
 -6.5700
 -5.8640
 -5.7100
 -5.3140
 -5.2360
 -5.0340
 -4.8400
 -4.6700
 -4.6060
 -4.3440
 -4.0760
 -3.9320
 -3.9000
 -3.7620
 -2.9100
 -2.6900
 -2.4200
 -1.5860
 -1.5700
 -1.3180
 -1.2340
 -1.1520
 -1.1480
 -1.0700
 -0.9540
  0.3840
  0.3960
  1.0080
  1.0880
  2.0760
  2.3860
  2.5440
  3.5420
  3.5940
  3.7420
  3.9540
  3.9880
  4.1040
  4.3920
  4.4180
  4.9020
  4.9140
  4.9560
  5.2380
  6.0940
  6.3280
  6.6460
  6.6880
  6.9680
  7.0120
  7.2580
  7.7820
  8.1660
  8.1820
  8.5840
  8.9140
  8.9220
  9.1300
  9.1720
  9.4080
  9.7680
 10.3120
 10.6300
 12.7260
 13.6860
 15.9580
 16.3300
 17.0660
 20.1360


#Top pat = 14
-25.4220
-23.0540
-20.6400
-17.8260
-16.9220
-16.7120
-16.7120
-16.4800
-15.9720
-15.9340
-15.8820
-15.4260
-15.1100
-14.5320
-14.2920
-12.9120
-12.5360
-12.3880
-11.6240
-11.2980
-10.9320
-10.7120
-10.2960
 -9.9260
 -9.8560
 -8.8600
 -8.8000
 -8.3900
 -7.6560
 -7.4940
 -7.4900
 -7.3820
 -6.8240
 -6.3560
 -6.1900
 -6.1540
 -5.9120
 -5.8260
 -4.5900
 -4.5160
 -3.9660
 -3.8320
 -3.8000
 -3.7120
 -3.5540
 -2.9380
 -2.9340
 -2.8760
 -2.8540
 -2.8260
 -2.8120
 -2.5460
 -2.1600
 -1.4440
 -1.4420
 -0.6420
 -0.4240
 -0.2740
 -0.1720
  1.5000
  2.2480
  2.3340
  2.3920
  2.6340
  2.6520
  3.5260
  3.6720
  4.5620
  4.5880
  4.7040
  4.7380
  4.9480
  4.9620
  5.2680
  5.2800
  5.4260
  5.6920
  5.9220
  6.0360
  6.1920
  6.2580
  6.9240
  7.0300
  7.4200
  7.9380
  8.2180
  8.8100
  9.3240
 10.1140
 10.1320
 10.3180
 10.3680
 10.5420
 10.8760
 11.3680
 13.9880
 14.6580
 15.1160
 17.3260
 21.1140


#Top pat = 15
-24.9200
-24.6320
-21.6420
-21.4900
-21.1620
-21.1560
-21.1020
-20.2260
-19.2320
-19.1280
-18.4800
-18.2700
-17.3380
-15.4460
-13.8640
-13.7220
-13.3600
-12.4740
-12.0400
-11.6060
-11.1200
-10.3720
-10.3260
-10.2160
 -8.6000
 -7.6880
 -7.6240
 -7.2300
 -6.8340
 -6.7560
 -6.7220
 -6.3220
 -6.0120
 -5.8360
 -5.7940
 -5.6440
 -5.4180
 -5.2860
 -4.1200
 -3.8220
 -3.5840
 -3.1700
 -3.1000
 -2.9900
 -2.9760
 -2.9720
 -2.6480
 -2.6120
 -2.3940
 -1.8400
 -1.8220
 -1.4240
 -1.2300
 -0.3620
 -0.2740
 -0.1740
  0.2200
  0.4320
  0.8740
  1.3620
  1.4380
  2.8580
  3.0020
  3.1240
  3.1980
  3.3660
  3.3880
  3.5220
  3.5580
  3.9200
  4.2880
  4.5240
  5.7080
  5.9600
  6.1620
  6.4580
  6.5120
  6.5900
  6.8660
  7.0840
  7.1740
  8.6380
  8.7580
  9.6620
 10.1220
 10.7620
 10.8980
 11.2160
 11.3700
 11.8420
 12.4980
 12.8140
 13.1000
 14.1280
 14.9700
 15.8420
 17.1440
 18.9220
 18.9240
 19.7700


#Top pat = 16
-25.4900
-24.4400
-22.7100
-22.5520
-22.2960
-22.2120
-21.0880
-19.8940
-19.5240
-19.0420
-19.0320
-19.0080
-18.5240
-15.1160
-13.7320
-13.5380
-13.4040
-13.0460
-12.2780
-11.9740
-11.3060
-11.2920
 -9.8980
 -9.6840
 -8.8460
 -8.6760
 -8.4740
 -7.3900
 -7.3060
 -7.3000
 -6.5280
 -6.4800
 -6.3960
 -6.3840
 -6.3460
 -6.0620
 -5.6760
 -5.0900
 -4.0700
 -3.9620
 -3.9540
 -3.8000
 -3.7240
 -3.5720
 -3.4600
 -3.2440
 -2.8420
 -2.7660
 -2.7300
 -2.6060
 -2.4420
 -2.3060
 -1.3100
 -1.1480
 -0.7500
  0.0640
  0.2520
  0.7980
  0.9720
  1.2180
  1.7200
  1.7660
  1.9800
  2.2680
  2.3880
  2.5200
  3.1000
  3.3820
  3.4680
  3.5540
  3.6940
  4.6880
  4.9520
  4.9940
  5.1480
  5.2940
  5.4500
  6.2400
  6.2960
  7.5040
  7.5700
  7.5920
  7.6480
  9.4580
  9.5980
 10.0540
 10.5140
 10.6220
 11.9260
 12.3040
 12.8180
 13.3840
 13.6460
 14.2740
 14.9420
 15.1680
 16.1480
 17.3160
 19.2780
 20.1280


#Top pat = 17
-26.1200
-24.4280
-23.9460
-23.7720
-23.5680
-22.3440
-22.2120
-21.8280
-21.4960
-20.8340
-18.4920
-18.4600
-18.1900
-15.7680
-15.2840
-14.5440
-13.9820
-13.2640
-12.2720
-11.2220
-11.1540
-10.4860
-10.3880
-10.2600
 -9.3300
 -9.2180
 -9.2100
 -9.1000
 -8.7940
 -8.0820
 -7.9460
 -7.2860
 -5.8500
 -5.6560
 -5.6520
 -5.2780
 -5.2020
 -5.1920
 -4.9860
 -4.6140
 -4.5740
 -4.5420
 -4.4540
 -4.0100
 -3.9060
 -3.2220
 -2.9120
 -2.7140
 -2.6560
 -2.4240
 -2.1780
 -1.7660
 -1.5660
 -1.4960
 -0.8600
  0.0900
  0.1700
  0.3700
  0.7500
  0.7980
  1.0540
  1.0620
  1.5000
  1.8120
  2.7120
  2.7300
  2.8520
  2.9040
  2.9780
  3.1640
  3.2640
  3.3060
  3.4180
  3.5540
  4.4760
  5.0600
  6.0260
  6.3920
  7.0380
  7.3200
  7.9520
  8.0840
  8.1240
  8.6380
  9.1180
  9.2120
  9.9200
 10.9980
 11.9040
 12.0620
 12.3120
 12.4140
 12.9160
 13.4580
 13.8460
 14.2040
 16.3560
 17.3480
 18.9720
 20.8260


#Top pat = 18
-27.6440
-24.9980
-23.5480
-23.4020
-23.2280
-22.3780
-21.9580
-21.7220
-21.6620
-21.4220
-19.5820
-19.5000
-17.7500
-17.3220
-16.7900
-14.3920
-14.3500
-13.6180
-13.3400
-11.6600
-10.9780
-10.7780
-10.3780
-10.2680
-10.2440
-10.2420
 -9.9360
 -9.7920
 -9.7800
 -9.0200
 -7.7060
 -6.7320
 -6.7180
 -6.6060
 -6.3200
 -6.2580
 -5.6660
 -5.5820
 -5.2660
 -4.8960
 -4.8720
 -4.8260
 -4.4080
 -4.3520
 -4.1820
 -4.0840
 -4.0320
 -3.4640
 -2.3960
 -2.2440
 -1.8500
 -1.6600
 -1.4240
 -1.1580
 -0.4900
 -0.1580
 -0.1020
  0.1740
  0.3480
  0.3660
  0.5320
  0.6520
  0.7200
  1.9340
  2.3140
  2.4860
  2.5180
  2.8560
  3.0180
  3.0340
  3.0920
  3.3400
  3.5020
  3.8520
  3.9800
  4.8520
  5.6300
  5.7420
  6.9400
  6.9680
  7.0280
  7.0300
  7.0980
  7.6320
  8.7620
  9.2820
  9.3460
  9.4160
 10.6340
 11.4220
 12.2600
 12.6200
 12.7080
 12.8220
 13.9920
 14.0400
 16.6300
 17.5340
 19.2420
 19.3320


#Top pat = 19
-28.7360
-27.0360
-26.6940
-23.9080
-23.0220
-21.9180
-21.8320
-20.8820
-20.6820
-20.5280
-20.5220
-19.0620
-17.6300
-17.1080
-16.0800
-15.0000
-14.7260
-13.7480
-13.5640
-13.0020
-12.8280
-11.9100
-11.6120
-11.4280
-11.2800
 -9.3800
 -8.8700
 -8.7420
 -8.3160
 -8.2080
 -8.1020
 -7.4620
 -7.3600
 -7.1920
 -6.9400
 -6.7560
 -5.7160
 -5.6020
 -5.5280
 -5.4120
 -5.2220
 -4.7920
 -4.1280
 -4.0460
 -3.9460
 -3.7420
 -3.6260
 -3.5460
 -3.2720
 -3.1060
 -2.6500
 -2.5020
 -2.2760
 -1.6300
 -1.5940
 -1.5020
 -1.4480
 -1.2680
 -0.8840
 -0.4600
 -0.4260
 -0.2300
 -0.0680
  0.3320
  0.7660
  1.9280
  2.0660
  2.4960
  3.2080
  3.8820
  4.0180
  4.4660
  4.4760
  4.7020
  4.8160
  5.1520
  5.1640
  5.7760
  6.2180
  6.7820
  7.0940
  7.4920
  8.2960
  8.3620
  8.6860
  8.8300
  8.8740
 10.4540
 10.9960
 11.0960
 11.5120
 12.5020
 14.2200
 15.4260
 15.5100
 15.5420
 15.7620
 16.6720
 20.2040
 20.8520


#Top pat = 20
-27.1520
-26.1240
-25.6260
-24.4580
-24.2120
-23.2680
-22.6080
-22.1780
-20.8240
-20.4680
-20.2640
-20.0220
-19.2780
-18.7200
-18.4300
-16.5360
-13.9420
-13.6800
-13.6600
-11.8900
-11.7260
-11.6700
-11.4060
-10.8360
-10.7020
-10.4740
 -9.6600
 -9.5900
 -9.0100
 -8.5320
 -8.4020
 -7.9260
 -7.8780
 -7.5680
 -7.2340
 -6.2660
 -6.1000
 -5.7720
 -5.7620
 -5.6620
 -5.4960
 -5.3000
 -4.7840
 -4.7660
 -4.7360
 -4.2600
 -3.9520
 -3.6560
 -3.1680
 -3.0660
 -2.8840
 -2.1780
 -2.1560
 -1.3960
 -1.3500
 -1.2860
 -1.0760
 -1.0660
 -0.9140
 -0.8340
 -0.8240
 -0.4180
 -0.2500
 -0.0420
 -0.0380
  0.0760
  1.2520
  1.6380
  2.5560
  3.1180
  3.4980
  3.6020
  4.0760
  4.6480
  4.8200
  5.0220
  5.2060
  5.6220
  5.7400
  7.0940
  7.3160
  7.4420
  7.4740
  7.5980
  8.5060
  9.3560
  9.3960
 10.5400
 10.9660
 11.2180
 11.4620
 11.6120
 13.0660
 13.0800
 16.4180
 16.5180
 17.4480
 17.7640
 18.7240
 19.2620


#Top pat = 21
-31.6840
-27.0300
-26.4460
-24.6720
-23.7980
-23.4780
-22.7540
-21.1340
-19.8820
-19.4040
-19.2760
-18.8660
-18.8480
-15.9740
-15.5520
-15.4760
-15.4320
-15.1440
-14.8260
-13.7320
-13.5940
-12.7800
-10.8780
-10.3300
-10.2140
 -9.6220
 -9.4380
 -9.2460
 -9.2340
 -9.1040
 -8.9020
 -8.5420
 -7.8240
 -7.5420
 -6.9360
 -6.9280
 -6.8960
 -6.5060
 -5.9860
 -5.4840
 -5.3280
 -5.2160
 -5.1420
 -5.1280
 -4.7880
 -4.2240
 -3.9160
 -3.9100
 -3.6540
 -3.4160
 -3.1560
 -2.8360
 -2.6240
 -2.2040
 -2.0480
 -1.8700
 -1.2720
 -0.8520
 -0.6080
 -0.4400
 -0.0500
  0.1580
  0.4000
  0.6980
  1.4880
  1.4980
  1.9600
  1.9700
  1.9980
  2.3080
  2.3160
  3.0720
  3.2660
  4.1160
  5.0400
  5.8180
  5.8720
  5.9960
  6.4000
  6.8560
  7.4340
  7.4340
  8.3480
  8.3900
  8.5860
  8.8560
 10.2260
 10.6980
 11.1100
 11.4080
 12.0560
 12.5200
 12.5500
 13.8880
 14.3900
 14.7900
 19.0920
 19.2040
 20.9400
 20.9900


#Top pat = 22
-34.4440
-29.7500
-25.9060
-24.1680
-23.2480
-22.8020
-22.2140
-21.1240
-20.7980
-20.1920
-18.3160
-17.9240
-17.7100
-17.6740
-17.2720
-16.0140
-14.4720
-13.9980
-13.9160
-13.7640
-13.2520
-13.0300
-12.2760
-12.0760
-11.7980
-11.2880
 -9.8740
 -9.3980
 -9.1780
 -8.7080
 -8.4480
 -8.0980
 -7.9060
 -7.7720
 -7.2660
 -6.6480
 -6.6300
 -6.4660
 -6.0980
 -6.0140
 -5.9280
 -5.5800
 -5.4560
 -5.3660
 -5.1440
 -4.9640
 -4.8160
 -4.3840
 -4.3280
 -3.9140
 -3.6980
 -3.6580
 -3.6480
 -2.4920
 -2.2820
 -1.8160
 -1.4340
 -1.1860
 -0.9200
 -0.2920
 -0.1620
  0.0480
  0.3420
  0.4120
  0.5740
  1.3380
  1.4680
  2.0380
  2.2420
  2.5700
  3.2860
  3.6240
  3.8000
  4.2300
  5.4960
  6.7480
  6.8500
  7.1160
  7.3860
  7.5820
  7.6780
  7.7460
  7.7740
  7.9860
  8.4360
  8.5500
  9.1380
  9.2480
  9.4980
 10.8000
 12.0700
 12.2680
 12.9500
 14.2240
 14.2300
 15.4180
 16.6020
 16.6640
 18.2700
 21.8960


#Top pat = 23
-38.9620
-29.7780
-25.9160
-25.1660
-24.8360
-24.5080
-22.5460
-22.3360
-21.7600
-20.9380
-20.4580
-18.6420
-17.0980
-16.0200
-15.7800
-15.4880
-14.9740
-14.8520
-14.0420
-13.5620
-13.4360
-13.0160
-12.6420
-12.2360
-11.6180
-11.4040
-11.0020
-11.0000
-10.1280
 -9.8540
 -9.2900
 -9.1160
 -8.5040
 -8.2940
 -8.1840
 -7.0260
 -6.9220
 -6.7980
 -6.3900
 -6.3640
 -5.8460
 -5.2800
 -4.8380
 -4.4080
 -4.2460
 -4.0980
 -3.8060
 -3.6440
 -3.6200
 -3.4660
 -3.3600
 -3.1540
 -3.0680
 -2.5560
 -2.4500
 -1.8160
 -1.6840
 -1.5360
 -1.5340
 -1.0820
 -0.8920
  0.0280
  0.6720
  0.9940
  1.5720
  1.6860
  2.0220
  2.8840
  3.2280
  3.5060
  3.6880
  3.7900
  4.0040
  4.6760
  4.8660
  5.3540
  5.5880
  5.6820
  6.0160
  6.2320
  6.4360
  7.5220
  7.8060
  9.1900
  9.7060
  9.7700
 10.7100
 10.7500
 10.9560
 11.7080
 11.8960
 12.9380
 13.2640
 13.6360
 14.3280
 15.1740
 15.9640
 16.7080
 19.1060
 21.5300


#Top pat = 24
-40.0000
-29.6520
-26.8520
-26.1680
-24.6220
-24.1580
-22.8940
-22.3920
-21.8040
-20.7800
-20.1540
-18.0580
-16.7040
-16.5200
-15.6540
-15.5860
-15.1700
-14.9560
-14.7340
-14.7080
-14.5820
-13.1300
-12.5180
-12.4900
-12.0800
-11.9600
-11.2260
-11.0800
-10.6760
-10.4420
 -9.5260
 -8.7740
 -8.0820
 -7.9620
 -7.8120
 -7.7640
 -7.6300
 -7.5880
 -7.4980
 -7.3020
 -6.8720
 -5.8420
 -5.7180
 -5.4980
 -5.1860
 -5.0800
 -4.7000
 -4.5680
 -4.5240
 -4.4400
 -4.2280
 -4.0840
 -3.8880
 -3.5100
 -3.3800
 -2.2520
 -1.7480
 -1.4680
 -1.3840
 -1.2200
 -1.1560
 -0.5460
 -0.4860
  0.9720
  1.3580
  1.7720
  1.9560
  2.0580
  3.1160
  3.2680
  3.4040
  3.5560
  4.0380
  4.2120
  4.3320
  4.5680
  5.2400
  5.8980
  6.2520
  6.3500
  6.4220
  6.9740
  7.8400
  7.8800
  8.1580
  8.7040
  9.6640
 10.8800
 11.4300
 12.1060
 12.2220
 12.4720
 13.2720
 13.6420
 14.8380
 15.5040
 15.5800
 16.4160
 19.6500
 19.9880


#Top pat = 25
-36.0480
-32.1820
-29.7680
-28.7180
-25.1040
-22.7600
-20.8900
-20.8100
-20.7200
-20.2360
-19.8060
-19.6360
-18.9020
-18.2600
-17.8420
-17.4360
-17.3560
-17.0740
-15.1880
-15.0400
-14.0520
-13.1940
-12.8000
-12.7920
-12.4500
-12.0740
-12.0160
-11.1040
-11.0900
-10.9720
-10.4440
-10.0040
 -9.9280
 -9.7660
 -9.6880
 -9.6840
 -9.5440
 -9.3680
 -9.2820
 -8.2840
 -7.7200
 -7.6280
 -7.2020
 -6.5560
 -6.3040
 -6.1220
 -5.5740
 -4.8120
 -4.4160
 -4.1920
 -4.0720
 -3.7980
 -3.4440
 -3.4320
 -2.7660
 -1.8980
 -1.8800
 -1.5980
 -0.0760
  1.5340
  1.5600
  1.9120
  2.6000
  2.6760
  2.7000
  3.0240
  3.0820
  3.3400
  3.3560
  4.3360
  4.8300
  5.0320
  5.2600
  5.9600
  7.3620
  7.9620
  7.9780
  8.1380
  8.2260
  8.4160
  8.8620
  8.9500
  9.4700
  9.7400
 10.4460
 10.9420
 11.2840
 11.4440
 12.3700
 12.9620
 13.4880
 14.1620
 14.1880
 14.7980
 16.1000
 16.4080
 18.3740
 19.2840
 19.5600
 23.9660


#Top pat = 26
-39.5480
-30.0500
-28.9760
-25.8120
-24.0320
-23.2420
-22.6180
-21.6420
-19.9220
-19.8400
-19.2040
-17.7440
-17.7200
-17.6440
-17.4740
-16.4560
-16.2940
-15.9640
-15.8680
-15.7580
-15.6860
-15.6380
-15.4740
-15.2560
-14.2320
-13.9480
-13.8680
-13.8040
-13.7880
-13.3420
-12.4000
-12.0420
-11.2220
-11.0740
-10.5680
-10.3660
-10.1420
 -8.9300
 -8.6040
 -7.7100
 -7.2420
 -7.0880
 -6.9940
 -4.7360
 -4.4300
 -4.2660
 -4.2440
 -3.4920
 -3.4540
 -3.0940
 -2.8900
 -2.7660
 -2.4540
 -2.0540
 -1.2600
 -1.1020
 -1.0500
 -0.6520
  0.0900
  0.1720
  0.3640
  0.4200
  0.7380
  0.8060
  0.9200
  2.5680
  2.9820
  3.5800
  4.8640
  5.5880
  6.3060
  6.7640
  6.7820
  7.1760
  7.9220
  7.9560
  8.1780
  8.5980
  9.6280
 10.6460
 10.8800
 11.3940
 11.8120
 12.0220
 12.2680
 12.9660
 13.0040
 13.1560
 14.3680
 14.5900
 15.7000
 15.8040
 17.5180
 17.8800
 18.0980
 18.7660
 19.3740
 25.2400
 25.9920
 26.6060


#Top pat = 27
-36.2480
-34.4820
-29.7360
-28.7820
-24.5040
-24.2300
-23.8580
-22.7460
-22.5040
-21.6560
-21.3300
-18.4700
-18.3320
-18.0940
-17.8320
-17.5660
-17.5180
-17.3660
-17.1380
-16.3140
-16.2600
-15.4800
-15.4100
-15.1980
-15.0640
-14.9840
-14.0860
-13.7500
-13.3620
-13.2600
-13.1740
-12.5900
-12.2240
-10.5420
 -9.8160
 -9.2120
 -9.1340
 -8.9180
 -8.7640
 -8.6740
 -8.4380
 -7.5980
 -7.1940
 -7.0440
 -6.3700
 -5.7020
 -5.3520
 -4.8380
 -4.7320
 -4.4000
 -3.3780
 -2.7820
 -2.4000
 -1.5060
 -0.5500
  0.5420
  0.6860
  1.4580
  1.7400
  2.1760
  2.3940
  2.4820
  2.6460
  3.0760
  3.4660
  3.5560
  4.0200
  4.9200
  5.2400
  5.5100
  6.1240
  6.1640
  6.2580
  6.3260
  6.9180
  7.0540
  7.8700
  8.1620
  8.3460
  9.8280
 10.3640
 10.4480
 10.5880
 11.3500
 11.8020
 12.6320
 13.1580
 16.9180
 18.0960
 18.4960
 18.5560
 19.2240
 19.5520
 20.5880
 20.9500
 21.7180
 22.6500
 24.9840
 28.5420
 30.7300


#Top pat = 28
-35.2100
-32.7660
-28.3680
-28.3260
-26.3140
-26.0600
-22.8920
-22.1320
-21.7080
-21.1500
-21.0280
-20.5120
-20.1680
-19.8540
-19.0780
-17.9900
-17.7160
-17.2700
-17.1580
-16.8020
-16.5940
-16.2600
-15.8160
-15.7880
-14.5540
-14.3000
-13.6340
-13.4440
-12.9400
-12.8060
-12.2640
-11.7420
-11.6480
-11.4480
-11.2520
-11.0520
-10.7640
-10.5620
 -9.8540
 -9.2840
 -8.9820
 -8.0840
 -6.8120
 -6.6780
 -6.6120
 -6.5840
 -5.7320
 -5.2980
 -5.2960
 -4.6120
 -3.7040
 -3.3060
 -2.8280
 -1.4220
  0.0500
  0.5300
  0.8860
  1.3460
  1.6520
  1.6820
  2.2600
  2.4240
  2.5060
  3.1960
  3.3280
  3.5040
  3.6700
  3.6840
  5.1740
  5.2480
  5.4440
  6.0760
  6.5160
  7.0520
  7.1860
  7.3500
  7.4480
  8.9580
  8.9920
  9.8120
 10.1320
 10.2800
 10.5280
 11.2320
 11.7500
 12.4840
 14.8860
 15.6060
 16.0680
 17.4140
 18.0280
 19.2000
 19.4560
 19.7940
 19.8080
 21.7540
 24.1340
 24.3960
 28.0320
 28.8900


#Top pat = 29
-34.6520
-31.1880
-27.2100
-26.9280
-26.7500
-26.0500
-23.2680
-22.5920
-22.3120
-22.0500
-20.6260
-20.5060
-19.9020
-19.7300
-19.1500
-18.7580
-18.6680
-18.5660
-17.5160
-17.3820
-17.1640
-16.8440
-16.7700
-16.5260
-16.4800
-16.3480
-16.0540
-16.0040
-15.3240
-15.0440
-14.0180
-13.8520
-13.4780
-12.1480
-12.0320
-11.3880
-10.9340
-10.7480
-10.4700
 -8.4360
 -7.6100
 -7.3320
 -7.2260
 -7.0940
 -6.3960
 -5.7320
 -5.6900
 -5.4480
 -4.7060
 -4.0280
 -3.2660
 -3.2420
 -3.0840
 -2.8300
 -1.6940
 -1.2480
 -0.4600
 -0.3500
 -0.3160
  0.7580
  1.8140
  1.8260
  2.0540
  2.1800
  2.8460
  3.1720
  4.5080
  4.6360
  4.7680
  5.1540
  5.5840
  6.1400
  6.9520
  7.8420
  8.0000
  8.0500
  8.2340
  8.6600
  8.8960
  9.8980
 10.6540
 10.8980
 11.9880
 12.0860
 12.1600
 12.9640
 13.9160
 13.9960
 16.1880
 18.3800
 18.4360
 18.5660
 20.1640
 20.2260
 20.7380
 20.8860
 21.7640
 25.4640
 26.4420
 29.8620


#Top pat = 30
-36.2360
-30.8380
-30.3960
-30.2760
-28.6540
-27.2160
-25.6720
-21.6020
-21.2900
-21.1400
-20.3880
-20.0520
-19.9740
-19.8620
-19.7060
-19.1020
-19.0040
-18.4020
-18.3440
-17.8600
-17.2700
-16.9540
-16.5460
-16.4380
-16.2860
-15.5380
-15.0660
-14.8500
-14.1740
-14.1700
-13.7720
-13.7580
-13.4260
-12.1820
-11.3880
-11.3340
-11.1780
-10.4840
-10.0600
 -9.6420
 -9.3860
 -8.7360
 -8.6580
 -8.6240
 -8.0900
 -8.0300
 -7.7280
 -6.3560
 -5.3600
 -4.6500
 -3.0300
 -2.2040
 -1.9960
 -1.5060
 -1.1860
 -0.2900
  0.4020
  0.6700
  0.7220
  0.8820
  1.0080
  1.6400
  1.6640
  2.0640
  2.4000
  3.4540
  4.0380
  4.1240
  4.3960
  4.4320
  4.6640
  5.4260
  5.6500
  6.6480
  7.0860
  7.3860
  7.5220
  8.7380
  8.7480
 10.5060
 10.5500
 11.2780
 11.5920
 12.9840
 13.1800
 13.7020
 14.9900
 15.9260
 17.1080
 19.0400
 19.3340
 19.6080
 19.6580
 20.4780
 20.9620
 21.6700
 23.0120
 23.4820
 24.9480
 28.8920


#Top pat = 31
-36.1180
-34.3560
-31.9460
-31.0720
-28.3680
-25.7680
-23.5780
-23.0220
-22.2200
-22.0340
-21.4640
-20.5860
-20.5500
-19.3660
-19.1080
-18.7740
-17.7320
-16.8060
-16.5800
-16.0380
-15.9100
-15.8320
-15.5800
-15.2960
-14.9780
-14.5380
-14.3240
-14.0500
-13.4660
-12.7980
-12.4040
-12.3420
-12.2160
-11.4600
-11.0600
-10.2700
 -9.7940
 -9.7900
 -9.0980
 -8.7900
 -8.1360
 -7.5900
 -6.8940
 -6.7380
 -6.5760
 -6.5560
 -6.2280
 -4.7560
 -3.9440
 -3.6180
 -3.1800
 -2.1800
 -1.9700
 -1.7900
 -1.3920
 -1.2480
 -0.9920
 -0.9760
 -0.2820
  0.4080
  0.6520
  0.6560
  0.6680
  0.8060
  0.8680
  1.4500
  1.6860
  2.0940
  2.1780
  2.7500
  2.8300
  3.5040
  3.6800
  4.0580
  5.6180
  6.6140
  6.7020
  7.1860
  8.5940
  8.8560
 10.0180
 10.6760
 11.2520
 11.7140
 13.7000
 14.6840
 15.2900
 15.4800
 15.5200
 18.2780
 18.7200
 21.3920
 21.8420
 22.3760
 22.9700
 26.6540
 27.2760
 27.6680
 27.8260
 28.2500


#Top pat = 32
-37.6660
-36.3820
-31.8360
-29.5800
-28.5220
-28.2140
-26.4680
-25.6320
-23.5420
-23.3400
-22.9980
-22.4620
-21.2580
-20.2500
-19.9800
-19.3740
-18.7520
-17.5880
-16.7220
-16.4060
-16.2740
-15.2380
-14.3180
-14.2220
-13.8860
-13.8440
-13.7900
-13.5500
-13.0840
-12.6080
-12.3120
-10.8980
-10.7540
-10.5240
-10.5220
-10.1160
 -9.9760
 -9.8460
 -9.2740
 -9.2520
 -9.2380
 -8.8020
 -7.7440
 -7.6520
 -7.1340
 -5.7300
 -5.3300
 -4.4500
 -4.1640
 -4.1540
 -4.1480
 -3.7940
 -3.1760
 -3.1040
 -2.8380
 -2.7160
 -2.2100
 -2.0580
 -1.9200
 -1.1080
 -1.0700
 -1.0540
  1.4120
  1.7360
  2.3180
  2.4440
  2.9740
  3.0120
  3.4380
  3.5400
  4.5860
  4.7440
  5.1880
  5.5180
  6.7400
  6.8920
  7.0840
  8.3540
  8.7800
  9.1100
  9.7900
 11.1980
 11.2580
 11.3360
 11.5020
 12.3520
 13.6800
 14.0040
 16.0520
 17.4520
 19.5140
 21.9880
 23.2140
 24.6080
 24.8680
 26.6560
 28.4980
 29.2300
 31.2100
 33.0940


#Top pat = 33
-48.8020
-43.9500
-38.0640
-33.1320
-31.0820
-29.9580
-29.5220
-28.9600
-26.7160
-23.6820
-23.6720
-20.2940
-20.0340
-19.4140
-18.9320
-18.4440
-17.6300
-17.5120
-16.1480
-15.4160
-15.1320
-14.9320
-14.6400
-14.3120
-13.4480
-12.9540
-12.3920
-12.1320
-11.2640
-10.0860
-10.0640
 -9.2500
 -7.6400
 -6.8120
 -6.2320
 -6.2100
 -5.6200
 -5.6160
 -5.5720
 -5.2820
 -5.1880
 -5.1180
 -5.0960
 -5.0300
 -4.5180
 -4.2300
 -3.2220
 -3.1380
 -3.0240
 -2.7360
 -2.6580
 -1.9980
 -0.8840
 -0.6620
 -0.3980
 -0.0940
  0.3340
  0.6520
  0.7720
  0.9500
  1.2160
  1.3040
  2.2920
  3.4820
  4.2780
  5.2480
  5.8260
  6.5920
  6.6420
  6.8300
  8.5020
  8.9600
  9.0660
  9.1300
  9.3520
  9.7160
 10.7920
 11.2700
 11.5160
 11.6200
 12.3400
 13.0720
 14.0560
 15.6560
 17.2640
 18.0020
 18.0680
 18.9040
 19.8580
 24.2760
 25.0460
 27.4960
 27.5880
 28.7120
 30.3580
 31.0840
 32.6080
 37.7320
 40.3360
 43.7020


#Top pat = 34
-50.7820
-41.6280
-41.0340
-36.2780
-31.6880
-27.2680
-26.1200
-25.5800
-25.2420
-24.3680
-23.8900
-22.5280
-21.2840
-20.4500
-20.4100
-19.1580
-17.1620
-16.7160
-16.5200
-16.3300
-15.9160
-14.9400
-14.7320
-13.4220
-12.8680
-12.4360
-11.2560
-11.0760
 -9.5760
 -9.0920
 -8.9860
 -8.4980
 -8.3960
 -6.9900
 -6.9000
 -6.6360
 -6.6020
 -6.2720
 -6.2560
 -5.4180
 -4.8040
 -4.6240
 -4.2040
 -2.0600
 -2.0240
 -1.8060
 -1.7300
 -1.5520
 -1.4260
 -1.3620
 -1.2400
 -1.1880
 -1.1720
 -0.4140
 -0.1260
  0.1140
  0.1900
  0.4380
  1.0480
  1.0600
  1.2600
  1.4760
  1.8160
  2.6900
  3.0680
  3.9860
  4.0100
  4.3740
  4.6540
  5.0260
  5.1580
  5.3680
  5.5680
  5.6380
  6.7420
  6.8680
  7.2620
  7.8140
  8.2260
 10.1080
 10.3640
 15.0580
 15.2080
 16.0880
 16.8400
 17.6360
 18.8120
 20.6840
 22.7020
 22.9480
 26.0040
 29.9780
 31.0260
 32.0320
 32.6860
 35.6500
 37.2340
 39.3880
 39.7420
 42.0640


#Top pat = 35
-39.5340
-37.4920
-34.3060
-31.3380
-30.3960
-27.2920
-25.8840
-24.2580
-23.2400
-23.1020
-22.8280
-21.8000
-21.5360
-20.1720
-19.6880
-18.7900
-18.6440
-18.5800
-17.5240
-17.4760
-16.2500
-15.0400
-14.7100
-13.2760
-12.4840
-12.4020
-11.7660
-11.6120
-10.6520
-10.5380
 -8.8620
 -8.4200
 -8.1240
 -7.7380
 -7.6860
 -7.5480
 -7.0240
 -6.8420
 -6.7060
 -6.4080
 -6.3220
 -6.2160
 -5.7340
 -5.6340
 -5.5700
 -5.5640
 -4.8240
 -4.5440
 -4.4400
 -3.0320
 -2.7680
 -2.5260
 -2.0540
 -1.9420
 -1.5900
 -1.3620
 -0.0180
  0.4780
  0.4800
  0.8660
  1.0160
  1.5800
  3.3460
  3.4440
  4.2360
  4.4940
  5.8380
  6.2680
  6.6460
  6.9460
  8.2400
  9.2940
  9.5840
  9.7460
 11.0060
 11.2280
 12.3040
 12.5980
 13.2700
 13.3180
 13.8100
 13.8360
 15.4940
 15.7380
 17.2780
 17.7940
 21.9700
 23.9420
 24.5260
 26.5920
 26.9520
 28.1920
 28.4980
 33.8160
 34.2240
 36.8620
 38.7660
 41.8420
 44.5480
 45.7600


#Top pat = 36
-47.1440
-37.8340
-34.5500
-33.0440
-27.3720
-25.7720
-25.7500
-23.5360
-22.0820
-21.6480
-20.7840
-20.7840
-19.9180
-19.2040
-18.1220
-17.3200
-16.9680
-16.6080
-16.0840
-15.1300
-14.7900
-14.5840
-14.5760
-13.9500
-13.5460
-12.5860
-12.0680
-11.9160
-11.5840
-11.4160
-11.2520
 -9.7580
 -9.6000
 -9.4740
 -8.9480
 -8.6500
 -7.2560
 -6.1040
 -5.3140
 -5.1700
 -4.9820
 -4.3540
 -4.1360
 -3.8520
 -3.8160
 -3.6260
 -3.5240
 -3.2100
 -3.1260
 -3.1040
 -3.0660
 -3.0000
 -1.1300
 -0.5720
 -0.5340
  0.7920
  1.0680
  1.1220
  1.3400
  2.2460
  2.6220
  4.2300
  4.3360
  4.9280
  5.7080
  6.0680
  6.2760
  6.4780
  6.7540
  7.2240
  7.3940
  9.4000
 11.1760
 11.9800
 12.9960
 13.4060
 13.4200
 14.1080
 14.1220
 14.7180
 15.3640
 15.8220
 15.9980
 16.1600
 16.3300
 19.0160
 22.9060
 24.1120
 24.9960
 27.2480
 30.1640
 30.5380
 32.8000
 35.5000
 40.0240
 40.0380
 40.1940
 41.6900
 47.0980
 48.2340


#Top pat = 37
-47.0100
-38.2120
-34.2260
-34.1620
-27.1980
-26.8420
-25.4120
-23.2640
-22.8460
-22.4340
-21.1080
-21.0520
-20.9680
-20.2660
-18.6120
-18.0540
-17.6060
-16.9420
-15.9460
-15.7480
-14.9520
-14.5300
-14.3700
-14.2440
-14.1880
-13.2260
-13.0300
-12.5740
-12.5120
-12.2840
-11.5880
-10.8900
 -9.7560
 -9.3080
 -9.0040
 -8.4380
 -7.4080
 -6.6000
 -5.8540
 -5.8100
 -5.4020
 -5.0960
 -4.7920
 -4.7900
 -4.7640
 -4.7100
 -3.9840
 -3.4760
 -3.2600
 -2.9080
 -2.8780
 -2.7480
 -1.5680
 -1.1100
 -0.7840
 -0.1620
 -0.0640
  0.8000
  1.2320
  1.3140
  1.3500
  3.1080
  4.6800
  5.1000
  5.2920
  5.6840
  5.8800
  6.5840
  6.8680
  6.9220
  8.0680
  9.9240
 11.3320
 11.8420
 11.9360
 12.5140
 13.1260
 14.3580
 14.3880
 14.4160
 14.6760
 15.7160
 16.1660
 16.5200
 16.5760
 18.5960
 22.4620
 24.6280
 25.5760
 26.7080
 29.6000
 31.2840
 32.9780
 33.3580
 37.9620
 38.7820
 39.1500
 40.5920
 47.2600
 48.5600


#Top pat = 38
-43.2260
-41.1820
-31.8760
-29.1560
-28.1540
-27.6320
-27.3080
-26.7720
-21.9220
-21.8620
-21.8040
-19.8740
-19.4180
-19.2520
-18.8520
-18.7900
-17.4260
-17.1540
-16.9180
-16.4160
-15.6920
-15.4760
-14.8480
-12.7980
-12.6260
-12.1180
-11.9660
-11.4960
-10.6960
-10.6260
-10.0500
 -9.3760
 -8.6180
 -7.2200
 -6.8980
 -6.8700
 -6.7180
 -6.4300
 -6.3960
 -6.2720
 -6.0820
 -5.5760
 -5.4120
 -3.5120
 -2.9060
 -2.7140
 -2.0920
 -1.7020
 -1.6180
 -1.5840
 -1.1160
 -1.1120
 -0.6780
 -0.4640
  0.5900
  0.9400
  1.1180
  1.1480
  1.3740
  2.5820
  3.4100
  3.6020
  4.4300
  5.0160
  5.0460
  5.1600
  5.3480
  5.8040
  6.5940
  7.9940
  9.4320
 10.3880
 10.5100
 11.6320
 11.7640
 12.0440
 12.0920
 12.4340
 13.9980
 14.0360
 14.7400
 15.0720
 16.7380
 17.2180
 18.3940
 19.9220
 20.8700
 22.3700
 22.4180
 22.5340
 26.3900
 26.4740
 30.2540
 31.6680
 34.9900
 38.5000
 43.2200
 43.7500
 48.7100
 49.2620


#Top pat = 39
-45.0980
-39.2460
-38.8700
-31.5320
-30.6460
-29.1740
-26.6800
-24.9780
-24.3600
-23.9040
-23.3700
-22.6320
-21.1500
-20.6360
-19.6840
-17.7040
-17.4480
-17.2260
-17.0620
-15.7620
-15.5260
-14.4360
-13.4580
-13.0820
-12.8960
-12.6020
-12.3080
-11.5480
-10.9720
-10.9580
-10.2920
 -9.9320
 -9.8400
 -8.9680
 -8.7860
 -8.6600
 -8.3800
 -8.2620
 -7.4400
 -7.0980
 -6.8020
 -6.4180
 -5.8700
 -5.5400
 -3.7520
 -3.6720
 -2.9560
 -2.4040
 -2.3100
 -2.2980
 -1.7700
 -1.1040
 -0.4300
 -0.4200
  0.2240
  0.4180
  0.6680
  0.8260
  2.0620
  2.7240
  4.0180
  6.4320
  6.5140
  6.5380
  7.0440
  7.0780
  7.5120
  8.2800
  8.6540
  9.0160
  9.0380
 10.9580
 11.9020
 12.7980
 13.1720
 13.3180
 14.0720
 14.6020
 15.9500
 16.6100
 17.9320
 18.2400
 18.5720
 18.7120
 18.7580
 19.6840
 19.9740
 20.6240
 21.7880
 21.8080
 23.2440
 25.9120
 30.5040
 31.7280
 31.7640
 33.6380
 36.5300
 43.8740
 44.8920
 50.5380


#Top pat = 40
-43.2280
-40.1480
-36.0440
-30.0920
-29.7100
-29.0860
-27.2700
-26.7800
-24.4500
-23.4940
-23.4480
-22.9540
-21.6060
-20.5700
-17.6660
-16.4380
-15.1240
-14.9140
-14.6440
-14.0380
-13.9960
-13.0520
-12.4440
-12.3260
-12.0880
-11.9180
-11.8540
-10.9940
-10.9040
-10.2880
-10.1640
 -8.6500
 -8.2400
 -8.0180
 -7.9120
 -6.9620
 -6.9220
 -6.8940
 -6.7460
 -6.6680
 -6.3660
 -5.7080
 -5.5300
 -4.9620
 -4.5420
 -4.1560
 -3.8940
 -3.7180
 -1.8800
 -1.8100
 -1.3020
 -0.6580
 -0.4760
 -0.2300
 -0.2080
 -0.1220
  0.3220
  0.7080
  1.0680
  2.9300
  3.0780
  3.7480
  4.2100
  4.4520
  5.7860
  6.8820
  9.0060
  9.4840
 10.7780
 11.2560
 11.7340
 11.7560
 11.9020
 12.0100
 12.5620
 12.9200
 13.5780
 14.0220
 14.0560
 15.4720
 16.7220
 18.3260
 19.3540
 19.6340
 19.6540
 19.7460
 20.2640
 20.9740
 21.8120
 22.5960
 23.6020
 24.8280
 28.8280
 28.8980
 30.4080
 31.8340
 36.3860
 38.9080
 46.6220
 46.7900


#Top pat = 41
-39.2740
-39.0600
-37.9180
-35.2180
-33.5120
-32.9160
-32.7100
-31.5540
-27.6360
-26.9860
-20.5920
-20.1820
-20.0160
-19.9880
-19.2780
-19.2260
-18.8200
-18.1100
-18.0640
-17.0680
-16.6040
-16.4160
-15.8240
-15.6720
-15.2500
-14.7040
-13.3820
-13.2500
-12.8020
-11.0120
 -9.6080
 -8.3040
 -7.2380
 -6.7840
 -6.3040
 -6.2680
 -5.3980
 -3.4300
 -3.3940
 -2.6180
 -2.3320
 -2.2260
 -1.5280
 -1.4900
 -1.3480
 -0.2480
  0.0820
  0.3100
  0.3820
  0.4760
  0.8240
  1.1080
  1.6700
  1.7340
  2.1520
  2.6540
  3.7980
  4.3560
  4.9000
  5.0380
  5.1020
  5.3580
  5.7200
  6.1980
  7.3740
  8.7280
  9.1080
  9.2740
  9.4000
  9.7020
  9.9020
 10.0140
 11.1940
 12.2080
 12.5880
 13.3960
 13.4800
 13.6840
 13.7360
 14.0960
 14.1100
 16.6120
 18.6720
 18.7080
 19.2040
 19.4820
 19.9340
 19.9720
 22.4160
 24.7540
 25.7160
 27.8920
 28.5280
 29.1640
 35.0880
 36.5480
 36.6260
 37.3720
 39.1760
 41.8480


#Top pat = 42
-51.9400
-40.7700
-35.2880
-33.8880
-32.0800
-31.9660
-28.0140
-27.4900
-26.3180
-25.0540
-24.1620
-23.9780
-21.5340
-21.4960
-20.5600
-18.6620
-17.5220
-16.2180
-15.3480
-14.9540
-14.0320
-13.6580
-13.4880
-12.0760
-12.0540
-10.7740
-10.1060
 -9.5620
 -9.2540
 -8.7600
 -8.1100
 -7.8020
 -7.1600
 -5.9560
 -5.9120
 -5.7700
 -5.7060
 -5.2280
 -5.0780
 -4.7780
 -4.6640
 -4.5860
 -4.5500
 -3.5760
 -3.2320
 -3.0700
 -1.2480
 -1.0880
  0.8600
  1.2560
  1.8180
  2.0060
  4.4000
  4.4180
  4.6220
  5.1520
  5.2500
  6.5640
  7.0220
  7.7580
  9.1560
  9.1680
 10.0840
 10.5920
 10.6100
 11.3380
 11.8180
 11.8900
 12.0140
 13.0860
 13.0960
 15.6220
 15.9540
 16.4000
 16.4800
 17.0420
 17.1280
 17.2460
 17.2860
 17.5560
 18.0560
 18.6280
 19.4280
 19.4320
 20.3680
 21.3960
 21.5480
 24.0780
 27.1760
 27.9000
 31.1160
 31.1440
 31.7140
 32.2440
 32.9860
 34.5800
 35.9620
 35.9680
 43.1780
 50.6420


#Top pat = 43
-56.9980
-40.9240
-36.8580
-35.5000
-33.0100
-32.7960
-29.0540
-26.2840
-25.3540
-24.1260
-23.9640
-23.8780
-22.8640
-22.6900
-22.0460
-20.2240
-18.6040
-18.0440
-17.7980
-16.6440
-15.2940
-14.8200
-12.9320
-12.6480
-12.3940
-12.2960
-11.6020
-10.5160
-10.1860
 -9.9620
 -9.5000
 -8.0900
 -7.7060
 -5.6880
 -5.6060
 -5.3680
 -5.2620
 -5.0080
 -4.7960
 -4.6360
 -4.5280
 -3.7840
 -3.4300
 -3.3220
 -3.2960
 -3.0820
 -1.9900
 -1.0660
 -0.9860
  1.3000
  1.7820
  1.8680
  3.5140
  3.5780
  4.2240
  4.4920
  5.5020
  5.9100
  7.3700
  7.5120
  7.8240
  8.3340
  9.0620
  9.5980
 10.3460
 12.0160
 12.0840
 12.3740
 12.8960
 13.0980
 13.2040
 14.0440
 14.4640
 15.4600
 15.8260
 16.8240
 16.8500
 17.7160
 17.9740
 18.6780
 18.9380
 19.2860
 20.6060
 20.8920
 21.0540
 21.2600
 21.5740
 24.7480
 29.1460
 30.7820
 31.0540
 31.5740
 32.5060
 33.1320
 34.3160
 34.8680
 35.6320
 38.4880
 39.9920
 53.1620


#Top pat = 44
-55.1480
-40.7920
-39.8040
-33.0080
-32.0800
-31.6860
-31.4640
-30.5360
-27.8220
-26.7780
-24.8200
-24.4640
-24.0320
-22.1180
-21.4640
-20.6940
-19.4660
-17.3520
-15.7240
-15.1480
-15.1200
-14.6640
-14.0640
-13.3800
-12.5780
-10.9240
-10.5260
-10.5080
 -9.9580
 -9.2420
 -8.7460
 -7.1820
 -6.8200
 -6.7760
 -6.6700
 -5.9980
 -5.8880
 -5.8280
 -5.2980
 -5.1260
 -4.9880
 -4.6760
 -3.0240
 -2.9280
 -2.7480
 -2.5820
 -1.9100
 -1.2060
 -0.5500
  0.7540
  0.8600
  1.4140
  1.5280
  3.7020
  3.8240
  4.1040
  4.4240
  4.8480
  5.7520
  6.2320
  6.4740
  7.8160
  9.2000
  9.7160
 10.9120
 11.3380
 12.0640
 12.8060
 14.2300
 14.5160
 14.6640
 14.9140
 14.9340
 14.9940
 15.0780
 15.8720
 15.8980
 15.9500
 15.9740
 16.1220
 16.2600
 17.7340
 21.2980
 21.9640
 22.5500
 23.0200
 24.1660
 24.3140
 28.1920
 32.1660
 32.7540
 32.7760
 33.0560
 33.7840
 33.9340
 34.2660
 35.8000
 36.6180
 37.3020
 54.9320


#Top pat = 45
-54.0140
-42.7560
-38.1600
-34.9740
-34.5300
-33.3800
-30.8200
-30.5440
-30.1980
-26.8220
-25.3940
-25.3020
-22.0480
-21.9440
-21.0580
-19.4060
-18.6040
-18.5560
-15.4760
-15.4480
-14.5480
-14.3180
-13.9740
-13.5580
-12.9360
-12.5500
-10.7200
-10.0440
 -9.6020
 -8.8520
 -8.8040
 -8.3320
 -7.8740
 -7.3940
 -5.4260
 -5.3020
 -4.7560
 -4.2160
 -4.0520
 -3.6060
 -3.1880
 -3.1520
 -2.6700
 -1.5340
 -1.2500
 -0.5740
  0.4280
  0.4880
  0.5500
  0.7660
  1.7220
  2.1140
  2.4900
  3.0720
  3.1380
  3.5140
  3.5360
  3.8100
  4.1700
  6.1600
  6.5480
  7.6700
  8.2020
  9.0740
 11.5720
 11.6240
 12.6760
 13.2180
 14.0300
 14.3280
 14.3320
 14.6720
 14.8300
 14.9480
 16.0300
 16.1620
 16.3920
 17.4820
 17.5840
 17.7980
 18.1020
 18.4720
 19.6800
 19.7060
 20.2540
 24.0280
 25.1320
 26.7860
 28.1140
 29.1180
 30.8200
 31.0800
 32.7580
 33.3260
 34.0700
 35.0580
 36.0960
 36.3880
 40.2020
 56.7380


#Top pat = 46
 25.0520
 26.4660
 27.0740
 27.1240
 27.6680
 28.3260
 28.3680
 29.2880
 29.4040
 29.9560
 29.9860
 30.0380
 30.2020
 30.8380
 31.1000
 31.1060
 31.1280
 31.1480
 31.1580
 31.1920
 31.2640
 31.4780
 31.8500
 32.0880
 32.0920
 32.1740
 32.1780
 32.1940
 32.2540
 32.3980
 32.5320
 32.7280
 32.8600
 32.9020
 33.0220
 33.2260
 33.3660
 33.4200
 33.4360
 33.4400
 33.7380
 33.7880
 33.7940
 33.7960
 33.8140
 33.9160
 33.9420
 34.0540
 34.0640
 34.1840
 34.2660
 34.2860
 34.4220
 34.4240
 34.4720
 34.6720
 34.7060
 34.7420
 34.7640
 34.8960
 34.9060
 34.9200
 34.9520
 35.0420
 35.1160
 35.2980
 35.3480
 35.7880
 35.9200
 36.0040
 36.1200
 36.1560
 36.4400
 36.7360
 37.1360
 37.3540
 37.6140
 37.8580
 37.9060
 38.1120
 38.2000
 38.4680
 38.5680
 38.7320
 38.8920
 39.0500
 39.3420
 40.0100
 40.4380
 40.7300
 41.0620
 41.2520
 43.5120
 43.6900
 45.1100
 46.7000
 46.7400
 47.5700
 48.9100
 56.5660


#Top pat = 47
 21.5940
 22.1180
 24.0860
 24.1640
 25.5840
 26.5420
 26.5580
 26.6020
 27.0660
 27.4660
 27.4940
 27.5020
 28.1480
 28.3040
 28.3620
 28.3680
 28.3980
 28.4880
 29.2400
 29.3920
 29.4700
 29.6140
 29.7020
 29.7120
 29.8000
 30.2320
 30.2960
 30.7620
 31.1520
 31.2180
 31.3300
 31.5760
 31.6920
 31.7860
 31.9540
 32.1280
 32.2200
 32.5280
 32.5580
 32.5960
 32.6360
 32.6800
 33.0160
 33.0440
 33.1180
 33.1220
 33.3300
 33.6340
 33.8300
 33.9080
 33.9520
 34.0000
 34.0300
 34.5040
 34.5300
 34.6060
 34.7320
 34.8920
 35.3000
 35.3600
 35.7280
 36.0000
 36.1200
 36.1460
 36.3100
 36.3920
 36.3980
 36.4740
 37.0440
 37.0540
 37.3140
 37.3460
 37.3680
 37.4860
 37.6980
 37.9420
 38.4560
 38.7120
 38.8360
 38.9000
 39.7060
 39.8200
 39.9180
 40.3380
 41.3060
 41.4560
 41.5800
 41.8120
 42.1900
 43.0700
 43.2040
 44.0500
 44.0840
 44.6540
 45.3540
 45.9620
 46.2240
 47.6720
 47.9180
 51.2560


#Top pat = 48
 21.6960
 22.4840
 23.1860
 24.6520
 25.1080
 25.7400
 25.8460
 26.0200
 26.5180
 26.7660
 27.0900
 27.2040
 27.2320
 27.3720
 27.6380
 27.9820
 28.4260
 28.6600
 28.6900
 28.7080
 29.0980
 29.1460
 29.4640
 29.4740
 29.7740
 29.8880
 29.9820
 30.1080
 30.3660
 30.6180
 30.8080
 30.8840
 31.0240
 31.1320
 31.3760
 31.5040
 31.5460
 32.0360
 32.3040
 32.3380
 32.5440
 32.6800
 32.9020
 32.9080
 33.0060
 33.0200
 33.1140
 33.1660
 33.1760
 33.3020
 33.4180
 33.4980
 33.6040
 34.1180
 34.2280
 34.3640
 34.4900
 34.5020
 34.5300
 35.4420
 35.4480
 35.5760
 36.2400
 36.3540
 36.4580
 36.4940
 36.5140
 36.5340
 36.5360
 36.5560
 37.2620
 37.3280
 37.4580
 37.4820
 37.6080
 37.9060
 38.3180
 38.3540
 39.0060
 39.0480
 39.2440
 39.3920
 39.8080
 39.9480
 40.4380
 40.8420
 41.5960
 42.0120
 42.5080
 43.1420
 43.4900
 43.5520
 43.8120
 44.6520
 44.7080
 45.5500
 45.9440
 46.2980
 47.3960
 50.6920


#Top pat = 49
 19.1900
 19.9060
 20.0720
 20.2840
 21.9760
 22.3560
 23.4100
 23.9140
 23.9640
 24.1260
 24.3460
 24.5240
 25.0240
 26.0200
 26.9980
 27.0000
 27.1440
 27.2540
 27.7200
 28.1380
 28.1740
 28.5520
 28.7480
 28.8520
 28.9400
 29.4720
 29.5480
 29.8640
 30.0940
 30.1700
 30.8200
 31.0540
 31.0960
 31.1120
 31.2800
 31.3500
 31.4620
 31.7060
 31.8360
 31.9420
 32.0260
 32.0480
 32.1120
 32.2740
 32.3800
 32.5200
 32.5240
 32.5460
 32.6000
 32.6420
 32.6980
 33.1520
 33.4720
 33.5000
 33.5300
 33.5440
 34.0220
 34.1340
 34.3360
 34.3400
 34.4320
 34.5940
 34.9900
 35.2320
 35.5080
 35.9720
 36.0880
 36.1280
 36.6040
 36.9380
 37.1440
 37.2480
 38.0300
 38.2960
 38.5380
 38.7120
 38.8120
 38.8440
 38.9300
 39.1020
 39.1140
 39.7000
 39.8380
 40.6140
 41.4840
 41.4980
 42.1760
 42.5520
 43.2360
 43.8680
 44.3440
 44.4940
 45.3800
 47.4440
 47.6340
 47.8740
 48.4460
 49.6680
 50.3160
 52.0220


#Top pat = 50
 12.9940
 13.6900
 15.5140
 17.1060
 19.4140
 19.4400
 19.5960
 21.1280
 21.6220
 21.7040
 22.0740
 22.4440
 23.1460
 23.6620
 23.9660
 24.3620
 24.8460
 25.2720
 25.5760
 25.6220
 25.6400
 25.7000
 25.8620
 26.2540
 26.9320
 27.6680
 27.6840
 27.7100
 28.4280
 28.4860
 28.8360
 29.1780
 29.2360
 29.4120
 29.4960
 29.5680
 29.5740
 29.7960
 30.7840
 30.9160
 31.1420
 31.1900
 31.7560
 31.8000
 31.9780
 32.1480
 32.2140
 33.1600
 33.4440
 33.4560
 33.4920
 33.6360
 33.7240
 34.0220
 34.9400
 35.0200
 35.4540
 35.5540
 35.5600
 35.8580
 35.8700
 36.4540
 36.6440
 37.0400
 37.4460
 37.4880
 37.9400
 38.1680
 38.4300
 38.6840
 39.1700
 39.2280
 40.3240
 40.5560
 40.5940
 41.0740
 41.3300
 41.8020
 42.0180
 42.3180
 42.6260
 42.6580
 43.0140
 43.0140
 43.6160
 43.9500
 43.9580
 44.0420
 44.4120
 44.7000
 45.0340
 46.5800
 47.1280
 49.3360
 49.6920
 51.5260
 51.7240
 52.1380
 52.4700
 59.3020


