#..\..\Net100seed42.net EP02delta0.1Input0.5.train 42
#Top pat = 1
 -3.1080
 -2.5060
 -2.4780
 -2.4780
 -2.4780
 -2.4640
 -2.4640
 -2.4640
 -2.4640
 -2.4500
 -2.4500
 -2.4500
 -2.4500
 -2.4360
 -2.4360
 -2.4360
 -2.4360
 -2.4220
 -2.4220
 -2.4080
 -2.4080
 -2.4080
 -2.4080
 -2.4080
 -2.3940
 -2.3940
 -2.3800
 -2.3800
 -2.3800
 -2.3800
 -2.3800
 -2.3800
 -2.3660
 -2.3520
 -2.3520
 -2.3520
 -2.3520
 -2.3520
 -2.3380
 -2.3380
 -2.3380
 -2.3240
 -2.3240
 -2.3240
 -2.3100
 -2.2820
 -2.2820
  1.6600
  1.6600
  1.6700
  1.6700
  1.6700
  1.6800
  1.6800
  1.6800
  1.6900
  1.6900
  1.6900
  1.6900
  1.6900
  1.6900
  1.6900
  1.6900
  1.6900
  1.7000
  1.7000
  1.7000
  1.7000
  1.7100
  1.7100
  1.7200
  1.7200
  1.7200
  1.7200
  1.7200
  1.7200
  1.7300
  1.7400
  1.7400
  1.7500
  1.7500
  1.7500
  1.7500
  1.7500
  1.7500
  1.7600
  1.7700
  1.7700
  1.7800
  1.7800
  1.7900
  1.7900
  1.8000
  1.8000
  1.8100
  2.0500
  2.1000
  2.2300
  2.4600
  2.5500


#Top pat = 2
 -4.9880
 -4.5100
 -4.1940
 -4.1880
 -4.1780
 -4.1700
 -4.1560
 -4.1540
 -4.1500
 -4.1400
 -4.1300
 -4.1240
 -4.1220
 -4.1200
 -4.1100
 -4.1080
 -4.0980
 -4.0960
 -4.0620
 -4.0400
 -4.0180
 -3.9920
 -3.9640
 -2.0820
 -1.4320
 -1.4240
 -1.4160
 -1.4080
 -1.3980
 -1.3920
 -1.3780
 -1.3740
 -1.3520
 -1.3500
 -1.3440
 -1.3220
 -1.3220
 -1.3100
 -1.2920
 -1.2880
 -1.2780
 -1.2780
 -1.2700
 -1.2660
 -1.2660
 -1.2320
 -0.8560
 -0.8300
 -0.8200
 -0.5300
 -0.1500
 -0.1000
 -0.1000
 -0.0900
 -0.0800
 -0.0600
 -0.0500
 -0.0500
 -0.0400
 -0.0200
 -0.0100
 -0.0000
 -0.0000
  0.0100
  0.0300
  0.0300
  0.0500
  0.0500
  0.0600
  0.2600
  0.3800
  0.7800
  2.6740
  2.6780
  2.6920
  2.6960
  2.6980
  2.7060
  2.7280
  2.7280
  2.7340
  2.7340
  2.7380
  2.7400
  2.7440
  2.7480
  2.7500
  2.7540
  2.7580
  2.7660
  2.7700
  2.7760
  2.7900
  2.7940
  2.8000
  2.8180
  2.8380
  3.1780
  3.2500
  3.5280


#Top pat = 3
 -6.0740
 -5.5500
 -5.4320
 -5.2480
 -5.2260
 -5.1700
 -5.1260
 -5.0140
 -4.1680
 -3.8560
 -3.8520
 -3.8460
 -3.8360
 -3.8240
 -3.8140
 -3.8060
 -3.7940
 -3.7800
 -3.7780
 -3.7720
 -3.7660
 -3.6800
 -3.4700
 -3.0900
 -2.4240
 -2.4020
 -2.3760
 -2.3560
 -2.3460
 -2.3420
 -2.3320
 -2.3060
 -2.3000
 -2.2940
 -2.2720
 -2.2680
 -2.2440
 -2.2400
 -2.2080
 -1.7980
 -1.6160
 -1.1820
 -1.1800
 -1.1420
 -1.0920
 -1.0920
 -1.0840
 -1.0820
 -1.0720
 -1.0680
 -1.0640
 -1.0260
 -1.0080
 -0.9940
 -0.9620
 -0.9480
 -0.9020
 -0.8080
 -0.7000
 -0.4920
 -0.4880
 -0.3180
 -0.1960
  0.2720
  0.2900
  0.2920
  0.2920
  0.3140
  0.3680
  0.3800
  0.3820
  0.3880
  1.6720
  1.6780
  1.6960
  1.7020
  1.7320
  1.7400
  1.7500
  1.7520
  1.7680
  1.7940
  2.1820
  2.2480
  3.0360
  3.0680
  3.0840
  3.0860
  3.1000
  3.1040
  3.1080
  3.1180
  3.1200
  3.1280
  3.1320
  3.1500
  3.1660
  3.2000
  3.2400
  3.9460


#Top pat = 4
 -8.0980
 -8.0360
 -7.8300
 -7.7980
 -7.7260
 -7.5900
 -7.3840
 -7.1700
 -6.6900
 -6.4980
 -5.5820
 -4.9020
 -4.7880
 -4.7320
 -4.7220
 -4.6940
 -4.6440
 -4.3940
 -4.0360
 -3.7000
 -3.6080
 -3.6060
 -3.6040
 -3.5980
 -3.5180
 -3.5000
 -3.4020
 -3.3880
 -3.3240
 -3.0640
 -2.9780
 -2.8860
 -2.8240
 -2.4680
 -2.3860
 -2.3760
 -2.3640
 -2.2960
 -2.1220
 -2.1100
 -2.0900
 -2.0700
 -2.0260
 -0.6360
 -0.6060
 -0.5920
 -0.5760
 -0.5720
 -0.5700
 -0.5420
 -0.5340
 -0.5260
 -0.5100
 -0.4880
 -0.4780
 -0.3820
 -0.2520
  0.1240
  0.2040
  0.5580
  0.5880
  0.6120
  0.6660
  0.6680
  0.6780
  0.7280
  0.7400
  0.7420
  0.7480
  0.7540
  0.7580
  0.8240
  0.8640
  0.8880
  0.9060
  0.9380
  0.9680
  1.1600
  1.1820
  1.2280
  1.5640
  1.6020
  1.8040
  2.0520
  2.0620
  2.0800
  2.1180
  2.1700
  2.5820
  3.6360
  3.6440
  3.6880
  3.7020
  4.1920
  4.9680
  4.9880
  5.0280
  5.2260
  5.4840
  5.9900


#Top pat = 5
-12.6620
-12.5760
-11.5800
-10.8900
-10.4420
 -9.6540
 -9.5580
 -7.4900
 -6.7820
 -6.5420
 -6.4820
 -6.2000
 -6.0360
 -5.7160
 -5.5980
 -5.5180
 -5.3280
 -5.1500
 -5.1400
 -5.1340
 -5.0740
 -4.7160
 -3.9540
 -3.8940
 -3.8920
 -3.8320
 -3.6140
 -3.4720
 -3.3140
 -2.9820
 -2.7340
 -2.5400
 -2.4300
 -2.4180
 -2.3560
 -2.3500
 -2.2980
 -2.2820
 -2.2500
 -2.2160
 -2.1920
 -1.9580
 -1.7280
 -1.2100
 -1.1660
 -1.1440
 -1.0580
 -1.0500
 -0.9620
 -0.9380
 -0.9260
 -0.9160
 -0.5580
 -0.2340
 -0.0920
  0.0620
  0.2060
  0.2400
  0.3220
  0.4240
  0.4860
  0.5060
  0.5320
  0.5700
  1.0380
  1.0420
  1.1880
  1.4920
  1.6440
  1.7880
  1.7900
  1.7900
  1.7940
  1.8320
  1.8440
  1.8800
  1.9120
  2.0160
  2.2700
  2.3940
  2.6120
  2.9400
  3.0640
  3.0900
  3.1900
  3.2020
  3.3100
  3.3280
  3.4040
  3.4580
  3.5340
  3.8420
  3.9460
  4.2860
  4.5340
  5.0100
  5.0740
  6.3180
  8.5560
  9.6440


#Top pat = 6
-16.5720
-14.4200
-11.1180
-11.1140
-10.4560
-10.1940
-10.1620
 -9.8660
 -9.8320
 -9.7740
 -8.7020
 -8.6820
 -8.3460
 -8.0700
 -8.0020
 -7.8700
 -7.2820
 -7.1960
 -6.9040
 -6.9000
 -6.8700
 -6.6800
 -6.6420
 -5.9140
 -5.8980
 -5.6320
 -5.5440
 -4.7320
 -4.1740
 -4.0320
 -3.9540
 -3.9200
 -3.6800
 -3.6140
 -3.3360
 -3.2440
 -3.1500
 -3.0860
 -2.7720
 -2.7420
 -2.6760
 -2.2660
 -2.1960
 -2.0780
 -1.9020
 -1.7740
 -1.7000
 -1.5860
 -1.4260
 -1.2900
 -1.1660
 -1.1200
 -0.9980
 -0.4780
 -0.3500
 -0.2620
  0.1620
  0.3780
  0.4780
  0.9140
  1.2000
  1.4060
  1.5080
  1.7380
  1.9440
  1.9500
  2.3100
  2.5080
  2.7780
  2.8900
  3.0200
  3.0280
  3.2760
  3.7800
  3.9280
  4.0660
  4.2920
  4.2960
  4.4700
  4.9980
  5.4960
  5.6240
  5.9960
  6.1560
  6.1700
  6.6140
  6.6940
  6.7260
  6.7540
  6.8960
  7.0920
  7.1660
  7.2440
  7.3320
  7.5300
  7.7920
  7.9120
  9.4460
 10.0020
 13.5600


#Top pat = 7
-16.9080
-14.5760
-11.4460
-11.2620
-10.8040
-10.6220
-10.5620
-10.4300
-10.3120
-10.2940
 -9.0820
 -9.0520
 -8.6980
 -8.1660
 -8.1600
 -8.1540
 -7.6440
 -7.5260
 -7.3980
 -7.0740
 -7.0240
 -6.9820
 -6.7920
 -6.4420
 -6.2100
 -5.9480
 -5.7220
 -5.1200
 -4.3520
 -4.3340
 -4.3160
 -4.2480
 -3.9840
 -3.9720
 -3.8800
 -3.4280
 -3.3800
 -3.2380
 -3.0560
 -2.8820
 -2.8240
 -2.7700
 -2.5960
 -2.3680
 -2.0840
 -1.9980
 -1.8800
 -1.8800
 -1.8220
 -1.5060
 -1.4420
 -1.3780
 -1.1120
 -0.8460
 -0.6700
 -0.6300
 -0.2240
  0.1360
  0.1860
  0.5620
  0.8500
  0.8520
  1.2120
  1.3360
  1.5820
  1.5980
  1.7580
  2.1340
  2.6500
  2.6660
  2.7760
  2.9540
  3.0360
  3.4260
  3.5500
  3.7640
  3.9280
  3.9320
  4.1240
  4.8300
  4.9620
  5.0640
  5.6460
  5.8160
  5.9660
  6.0180
  6.3840
  6.4900
  6.5540
  6.6180
  6.7720
  6.9060
  6.9840
  6.9860
  7.1720
  7.4120
  7.5940
  8.9200
  9.8220
 13.0700


#Top pat = 8
-16.3780
-15.5480
-12.3360
-11.8060
-11.5340
-10.9340
-10.1920
-10.1400
-10.1380
 -9.9480
 -9.7560
 -9.1380
 -9.1020
 -8.6580
 -8.5740
 -8.5460
 -8.5100
 -8.3220
 -7.9960
 -7.7880
 -7.5340
 -7.5280
 -7.0820
 -6.9000
 -6.7680
 -6.4520
 -5.7000
 -5.5740
 -5.4680
 -5.4180
 -5.3920
 -5.3540
 -4.7580
 -4.5380
 -4.4720
 -4.0400
 -4.0200
 -3.7840
 -3.7000
 -3.5500
 -3.1460
 -3.1280
 -2.9420
 -2.9040
 -2.8540
 -2.7160
 -2.5160
 -2.4800
 -2.3700
 -2.3560
 -2.0220
 -1.6660
 -1.6180
 -1.4700
 -0.9620
 -0.4740
 -0.4340
 -0.1400
  0.2560
  0.2820
  0.2860
  0.4220
  0.7040
  1.0360
  1.0960
  1.4240
  1.4920
  1.7240
  1.8720
  2.1100
  3.0100
  3.0860
  3.3740
  3.7400
  3.8920
  3.8940
  3.9180
  3.9780
  4.0900
  4.1240
  4.2180
  4.4620
  4.8780
  4.8860
  5.1740
  5.4680
  6.1240
  6.5060
  6.8460
  6.9720
  7.1380
  7.2720
  7.3020
  7.3360
  7.3680
  7.3720
  7.7540
  7.9380
  9.9920
 11.8820


#Top pat = 9
-19.4680
-15.6700
-14.5780
-13.1200
-12.2780
-12.1720
-11.1420
-10.8000
-10.7960
-10.5460
 -9.6100
 -9.3080
 -9.0740
 -8.9660
 -8.9240
 -8.7760
 -8.4800
 -8.2580
 -7.7180
 -7.5600
 -7.3580
 -7.3340
 -7.0600
 -6.9740
 -6.8780
 -6.8180
 -6.7820
 -6.7780
 -6.6420
 -6.3300
 -6.2200
 -5.5900
 -5.1920
 -5.1240
 -5.1240
 -5.0460
 -4.8900
 -4.8220
 -4.7340
 -4.5600
 -3.7140
 -3.5380
 -3.1480
 -2.9240
 -2.7820
 -2.2700
 -2.0560
 -2.0480
 -1.0420
 -0.8860
 -0.8500
 -0.8060
 -0.7560
 -0.6220
 -0.4360
 -0.3960
 -0.2720
 -0.2560
 -0.0760
  0.0940
  0.2400
  0.6300
  0.8320
  1.0100
  1.1620
  1.3700
  1.3760
  1.6400
  1.7420
  1.8960
  1.9660
  2.0440
  2.3040
  2.4520
  2.5540
  2.9160
  2.9760
  3.0740
  3.3860
  3.6760
  4.2840
  4.4380
  5.2580
  5.2920
  5.6040
  5.7120
  6.0000
  6.6560
  6.7540
  6.8040
  6.9920
  7.4560
  7.8140
  8.7040
  8.8440
  8.9120
  9.0520
  9.1080
  9.8160
 13.6920


#Top pat = 10
-20.5280
-19.4480
-17.1020
-16.5360
-15.3720
-14.6080
-14.3780
-13.3120
-13.2080
-13.2060
-12.6540
-12.5540
-11.6180
-11.3160
-11.1400
-10.9800
-10.9480
-10.9180
-10.6020
-10.4120
-10.3160
 -9.8000
 -8.4540
 -7.7800
 -6.7760
 -6.7760
 -5.8500
 -5.7680
 -5.7160
 -5.0940
 -5.0820
 -4.7520
 -4.6140
 -4.5680
 -4.3600
 -4.2680
 -4.2680
 -4.1400
 -3.9260
 -3.8240
 -3.7700
 -3.7040
 -3.4080
 -2.9000
 -2.8000
 -2.3780
 -1.7840
 -1.7240
 -1.3620
 -1.2580
 -1.0160
 -0.6800
 -0.6700
 -0.3560
  0.0000
  0.2800
  0.5380
  0.7560
  1.1440
  1.2340
  1.3520
  1.6360
  2.7320
  2.8260
  2.9780
  3.1340
  3.2720
  3.3960
  3.5740
  3.9000
  4.4240
  4.4640
  4.6540
  4.8740
  4.9640
  5.4600
  5.8400
  5.8540
  6.3200
  6.6580
  6.6760
  7.1660
  7.8060
  8.6540
  8.7360
  9.0560
  9.4060
  9.4220
  9.5340
 10.4340
 10.6580
 10.6720
 10.9560
 11.7260
 11.8200
 11.9640
 12.2440
 13.3940
 13.7820
 18.5220


#Top pat = 11
-20.9660
-20.2080
-16.7100
-16.4040
-16.2520
-16.0840
-14.2140
-13.8000
-13.2620
-12.9760
-12.8600
-12.8300
-12.7220
-12.0020
-11.6860
-11.4140
-11.0340
-10.8740
-10.8060
-10.6320
-10.2960
 -9.9800
 -8.2800
 -7.8320
 -7.7480
 -7.4820
 -6.7620
 -6.0900
 -5.5420
 -5.4500
 -5.4260
 -5.4200
 -5.1420
 -4.5660
 -4.2680
 -4.2380
 -4.1920
 -4.0700
 -3.9440
 -3.9380
 -3.5080
 -3.4700
 -3.2200
 -2.9840
 -2.6060
 -2.5220
 -2.4520
 -2.4320
 -1.8840
 -1.3640
 -1.0960
 -1.0520
 -0.9900
 -0.6620
 -0.3560
  0.1200
  0.2480
  0.7120
  0.9020
  1.0660
  1.1260
  1.5740
  1.7320
  1.8840
  2.0720
  2.3960
  2.5260
  2.6620
  3.0300
  3.0480
  3.1560
  3.1780
  3.8780
  3.9020
  4.3660
  4.7780
  5.2660
  5.6020
  5.9320
  6.1840
  6.6880
  7.5340
  7.7860
  8.1440
  8.2620
  9.1020
  9.3180
  9.6160
  9.6340
  9.7020
  9.8740
 10.0740
 11.0360
 11.2760
 11.3520
 12.3420
 12.4040
 12.7740
 12.8000
 19.1140


#Top pat = 12
-28.8260
-22.3140
-22.1700
-21.3840
-19.5920
-18.9220
-18.4260
-16.0920
-15.4760
-14.7120
-14.5660
-12.7760
-12.0960
-12.0540
-12.0540
-11.0800
-10.6680
 -9.8480
 -9.6140
 -9.2500
 -8.6280
 -8.5820
 -8.5040
 -8.0460
 -7.9400
 -7.8420
 -7.5920
 -7.1620
 -6.0800
 -5.8140
 -5.5960
 -5.2400
 -4.4840
 -4.3520
 -4.0880
 -3.9540
 -3.3740
 -2.9680
 -2.6360
 -2.4440
 -2.0720
 -2.0200
 -1.8260
 -1.7920
 -1.7800
 -1.6580
 -1.6340
 -1.4360
 -1.3440
 -0.8520
 -0.8080
  0.1540
  0.3580
  0.7500
  0.8520
  1.2760
  1.4440
  1.4980
  1.6360
  2.5660
  2.6480
  2.6620
  2.8460
  2.9440
  3.1540
  3.2540
  3.6540
  3.6540
  3.8440
  3.8980
  3.9380
  3.9940
  4.3960
  4.8360
  4.9500
  5.8420
  6.1160
  6.7640
  6.9740
  7.6340
  7.6740
  8.0700
  9.0520
  9.2440
  9.5880
 10.0500
 10.2640
 11.1320
 12.1540
 12.7260
 13.4740
 13.7940
 14.1020
 14.1940
 14.2780
 14.4680
 15.3840
 15.9040
 15.9280
 17.2980


#Top pat = 13
-31.8180
-25.3660
-24.9660
-20.6620
-18.8960
-17.9740
-17.4940
-15.1520
-15.0620
-14.4760
-13.4940
-13.4160
-13.3540
-13.2820
-12.4620
-12.3340
-12.1000
-11.7000
-10.7380
-10.5300
-10.3780
-10.3460
-10.2220
 -9.7660
 -9.6220
 -9.5300
 -9.4060
 -8.2780
 -7.9620
 -6.9680
 -6.7620
 -6.7440
 -6.6780
 -5.6900
 -5.3500
 -5.0300
 -4.8480
 -3.8940
 -3.5540
 -3.3920
 -2.9840
 -2.7140
 -2.2200
 -1.7200
 -1.6820
 -1.6040
 -1.5820
 -0.8860
 -0.6240
 -0.4260
 -0.1460
  0.6960
  0.7120
  1.4100
  2.4340
  2.7480
  2.7760
  2.8400
  2.9880
  3.2900
  3.4180
  3.5180
  3.6060
  4.0520
  4.1580
  5.4520
  5.6080
  5.8060
  5.9120
  5.9320
  6.0680
  6.2640
  6.4840
  7.0820
  7.0820
  7.5760
  7.5980
  8.3700
  8.3740
  9.0580
 10.1580
 10.2600
 10.4700
 10.9760
 11.7900
 11.8940
 11.9920
 12.0160
 12.1840
 12.2240
 12.8840
 15.2580
 15.4540
 15.8420
 18.6920
 21.0240
 21.6980
 21.7480
 21.7540
 23.2080


#Top pat = 14
-31.4360
-25.8120
-24.9760
-20.1280
-18.3680
-17.5920
-17.1540
-16.0880
-15.5200
-14.9880
-14.8120
-14.5020
-14.3620
-13.4160
-13.2700
-13.2040
-12.9580
-12.7500
-11.7940
-11.7320
-11.5480
-10.9120
-10.6040
-10.2300
-10.1320
 -9.4020
 -9.3400
 -9.2420
 -8.9580
 -7.8720
 -7.2540
 -6.8060
 -6.5800
 -6.4120
 -6.3220
 -5.0720
 -4.9140
 -4.7540
 -4.6360
 -4.5120
 -2.6200
 -2.5780
 -2.3680
 -1.8360
 -1.7520
 -1.7500
 -1.3800
 -1.3260
 -1.2220
 -1.1660
 -0.3660
  0.3900
  0.9040
  1.0380
  1.0880
  1.3180
  1.6080
  1.6600
  1.9080
  2.5200
  3.1920
  3.7740
  3.8640
  3.9420
  4.3480
  4.4080
  4.6000
  4.9940
  6.1400
  6.2440
  6.3100
  6.6080
  6.7680
  6.8100
  7.3240
  7.4380
  7.5900
  7.9420
  7.9480
  7.9580
  9.0300
  9.0780
 10.5980
 10.7780
 10.8060
 11.3020
 11.8280
 12.2720
 12.3700
 12.5220
 12.5320
 15.6220
 15.8340
 16.1520
 19.0500
 20.2960
 20.5960
 21.3700
 22.0080
 22.0380


#Top pat = 15
-31.9460
-26.0040
-25.3140
-20.5140
-18.9140
-17.9500
-17.3340
-16.6180
-15.8480
-15.3780
-15.1500
-15.0160
-14.7420
-13.8160
-13.7780
-13.5860
-13.0800
-13.0580
-12.2600
-12.0560
-11.7040
-11.2480
-11.1120
-10.6120
-10.4660
 -9.8800
 -9.5840
 -9.5600
 -9.1460
 -8.3840
 -7.4220
 -7.1900
 -6.9160
 -6.9100
 -6.6500
 -5.5940
 -5.3800
 -5.1880
 -4.9500
 -4.6780
 -2.9460
 -2.9120
 -2.5380
 -2.2780
 -2.1680
 -1.9280
 -1.7260
 -1.5500
 -1.4860
 -1.4140
 -0.8880
 -0.1700
  0.7360
  0.8920
  0.9280
  0.9660
  1.2740
  1.4780
  1.7300
  2.2000
  2.6600
  3.4060
  3.5380
  3.5720
  4.0380
  4.0840
  4.1620
  4.7320
  5.7760
  5.9020
  5.9580
  6.0480
  6.4580
  6.5920
  6.8900
  6.9020
  6.9740
  7.5660
  7.6340
  7.7740
  8.4240
  8.7380
 10.0700
 10.2640
 10.4400
 10.9640
 11.5020
 11.9180
 11.9940
 12.0780
 12.1300
 15.2920
 15.3600
 15.8280
 18.5780
 20.1560
 20.2760
 21.0120
 21.6480
 21.7380


#Top pat = 16
-39.2920
-27.9060
-27.1160
-24.4700
-23.5400
-23.3820
-22.8740
-21.4700
-20.7780
-19.5660
-18.1120
-17.9440
-17.6160
-16.6900
-16.6180
-15.3560
-12.2880
-12.2180
-11.8760
-11.2660
-11.1140
-10.9620
-10.6860
-10.2380
 -9.8740
 -8.9240
 -6.8040
 -6.2900
 -5.7600
 -5.6160
 -5.3580
 -5.2820
 -5.2200
 -4.9020
 -4.5680
 -4.5660
 -4.1180
 -3.5860
 -3.3220
 -2.7400
 -1.9340
 -1.7420
 -1.7260
 -1.4540
 -0.8800
 -0.8180
 -0.8120
 -0.7980
 -0.6600
 -0.3520
 -0.3480
  0.5200
  0.7720
  1.2640
  2.4340
  2.9620
  3.6940
  3.9120
  3.9600
  5.5000
  6.0960
  6.1760
  6.4180
  7.4440
  9.1760
  9.5880
 10.1640
 10.5860
 10.8320
 11.6600
 12.3040
 12.3160
 12.7480
 13.5540
 14.5260
 14.7760
 15.1720
 15.3640
 15.4200
 15.4480
 15.6660
 15.7340
 16.1560
 16.4480
 17.6720
 18.3580
 19.0420
 19.1780
 19.4300
 19.9820
 20.9140
 21.2040
 24.4680
 24.7040
 24.7460
 25.5740
 26.1700
 30.0340
 30.0840
 30.6480


#Top pat = 17
-38.9300
-27.7560
-26.8480
-25.8080
-23.9640
-23.2200
-22.5140
-22.5040
-21.8340
-19.2260
-19.1860
-19.1040
-18.8320
-17.1880
-16.1180
-15.0200
-13.9080
-12.9080
-12.5040
-11.6820
-10.9000
-10.5460
-10.3240
-10.0820
 -9.8600
 -9.5020
 -7.7580
 -7.4520
 -6.4380
 -5.9760
 -5.5100
 -5.2500
 -5.0200
 -4.7820
 -4.7500
 -4.6400
 -4.4140
 -4.3540
 -4.3200
 -4.1720
 -3.0620
 -2.9060
 -2.4480
 -1.6140
 -1.4200
 -1.3420
 -0.7880
 -0.6640
 -0.5180
 -0.4520
 -0.3500
  0.1580
  1.0760
  1.4140
  1.8020
  2.1820
  2.3460
  2.9140
  4.0920
  4.7020
  5.3140
  6.5720
  6.6480
  7.8060
  8.0960
  8.5500
  9.6300
 10.0580
 10.7440
 10.7620
 11.1820
 11.1840
 13.1240
 13.3780
 13.4800
 13.7520
 13.9080
 14.0880
 14.6660
 15.7840
 15.8820
 15.9160
 16.3120
 16.6940
 16.9940
 17.9240
 17.9620
 18.8360
 19.3940
 19.9200
 19.9240
 20.1660
 23.4960
 25.0460
 25.1020
 26.0940
 26.6800
 29.4760
 29.6100
 30.9780


#Top pat = 18
-37.2800
-29.6060
-25.8340
-25.4200
-25.1400
-24.2540
-24.1940
-22.5640
-21.4460
-20.6120
-19.9340
-19.8460
-17.6960
-16.9880
-16.9000
-15.5380
-13.5060
-13.2640
-12.7460
-12.5800
-11.6820
-11.4680
-10.5540
 -9.8860
 -9.4820
 -9.4060
 -8.7160
 -8.6200
 -7.3260
 -7.2640
 -6.1700
 -6.0320
 -5.1420
 -4.9420
 -4.9320
 -4.3460
 -4.2880
 -4.2180
 -4.2060
 -3.9120
 -3.8620
 -3.5820
 -3.3320
 -3.2240
 -2.6980
 -2.4800
 -2.1400
 -2.0200
 -1.2260
  0.0920
  0.4940
  0.6860
  1.1200
  1.3300
  1.6340
  2.6740
  3.0940
  3.2400
  3.8720
  4.3420
  5.1000
  5.2020
  7.5720
  9.0320
  9.4560
 10.1880
 10.6140
 10.6780
 11.1860
 11.2000
 11.2740
 11.3080
 11.5380
 11.5500
 11.9720
 12.0660
 12.2740
 13.2440
 13.7460
 13.8840
 14.1160
 14.4020
 14.4780
 15.2740
 17.1260
 17.3980
 17.4340
 19.0040
 19.6000
 20.3780
 21.2700
 21.4680
 23.1920
 23.3240
 24.6240
 25.7800
 26.1320
 26.8360
 30.7380
 32.5860


#Top pat = 19
-39.0080
-31.3960
-26.8760
-26.7240
-26.0500
-25.0280
-24.1400
-22.9600
-22.7600
-22.3120
-20.8940
-20.3740
-19.3720
-19.2260
-15.7520
-15.2280
-13.8660
-12.2980
-12.1180
-11.8980
-11.5180
-11.1960
-11.1020
-10.5480
-10.3860
-10.1940
 -9.9100
 -9.7560
 -9.1680
 -8.7720
 -8.4940
 -8.2920
 -7.5760
 -7.3300
 -7.0120
 -6.2660
 -5.8700
 -5.2360
 -4.4560
 -3.4540
 -2.9460
 -2.7260
 -2.1560
 -1.7560
 -1.5660
 -0.8240
 -0.6760
 -0.5920
 -0.4760
  0.0940
  0.2960
  0.5860
  1.0280
  1.6720
  1.7340
  3.1780
  3.4300
  4.9920
  5.1480
  5.3720
  5.5920
  6.4060
  6.6420
  6.6800
  6.9000
  8.7360
  9.1380
  9.7840
 10.0540
 10.1900
 11.9240
 12.0920
 12.5160
 12.6140
 13.0060
 13.1200
 13.3320
 13.5620
 13.6780
 13.7420
 14.1580
 14.5740
 15.5780
 16.1400
 16.1660
 16.7760
 17.3460
 18.2160
 19.1660
 19.8320
 19.9760
 20.4880
 21.7780
 22.2180
 22.6460
 25.6560
 27.0460
 27.0820
 31.9700
 33.3980


#Top pat = 20
-37.6760
-35.3040
-32.6060
-26.4560
-26.4140
-26.3160
-24.8080
-23.3660
-22.3580
-21.5720
-21.2120
-19.9500
-17.8580
-17.5160
-17.0120
-16.4380
-15.3940
-14.8040
-14.5400
-14.0100
-12.1160
-12.0480
-11.7780
-11.0000
-10.9860
-10.5620
 -9.2880
 -8.8780
 -8.4940
 -7.3900
 -6.6420
 -6.3000
 -5.5360
 -5.2040
 -5.1840
 -4.9260
 -4.6360
 -4.5080
 -3.8360
 -2.6620
 -2.4700
 -2.3740
 -1.8040
 -0.9320
  0.0040
  0.4000
  0.7280
  1.2860
  1.3340
  1.4500
  1.8520
  2.0260
  2.2880
  2.4020
  2.8440
  2.8680
  2.9980
  3.1740
  3.4300
  3.5180
  5.0980
  5.2140
  5.8500
  6.2080
  6.3020
  6.8460
  7.9480
  8.0300
  9.2520
 10.2420
 10.7140
 10.9000
 11.0960
 11.1160
 11.7060
 11.9020
 12.4080
 12.9700
 14.0280
 14.0980
 14.8040
 15.0740
 15.4680
 16.8140
 16.8200
 17.0800
 17.7780
 18.1580
 18.7360
 19.0300
 19.8500
 21.3980
 21.5780
 25.7460
 27.0920
 28.5600
 28.6260
 29.3740
 30.5740
 36.2240


#Top pat = 21
-38.5680
-35.0060
-31.5860
-29.3800
-24.9820
-23.8400
-22.7780
-22.7580
-22.0260
-20.7440
-20.3540
-19.6180
-19.1880
-17.1140
-16.9840
-16.3520
-14.5140
-14.2520
-13.4660
-12.9300
-12.1760
-11.8080
-11.2940
-10.8740
-10.3040
 -9.9980
 -9.6400
 -8.5840
 -8.1280
 -7.4960
 -7.4240
 -7.4020
 -6.0020
 -5.8800
 -4.9560
 -4.4880
 -3.6180
 -3.0060
 -2.9380
 -2.8820
 -2.7460
 -2.6720
 -2.4600
 -2.1560
 -1.9020
 -1.6680
 -0.7700
 -0.1120
  0.1240
  0.2240
  0.4100
  1.2940
  1.5400
  2.4040
  3.0080
  4.3180
  4.3260
  5.0440
  5.1540
  5.2680
  5.3160
  5.4160
  5.6500
  5.8460
  6.3280
  8.5520
  8.7280
  9.0580
  9.5180
 10.0320
 10.1680
 10.7660
 11.7760
 12.7060
 13.3480
 13.5160
 16.0600
 16.5300
 17.7120
 17.8000
 18.5800
 18.5880
 18.7080
 19.0300
 19.3680
 19.4900
 19.6100
 19.8640
 20.6780
 20.6840
 21.6660
 22.1840
 23.3600
 23.5260
 24.0180
 24.5560
 25.3980
 25.5980
 30.4260
 35.6720


#Top pat = 22
-40.3200
-34.8780
-32.5820
-28.8580
-25.2700
-24.3480
-23.7240
-23.3300
-22.8200
-22.7600
-20.0400
-19.4880
-19.4700
-16.9760
-16.9580
-16.4660
-15.4500
-14.1460
-14.0660
-12.3660
-12.3420
-12.2900
-11.8360
-11.1980
-10.5680
-10.5340
 -9.0640
 -8.2020
 -7.7380
 -7.0720
 -7.0320
 -6.9500
 -6.5160
 -5.7060
 -5.6700
 -4.2380
 -3.9540
 -3.8200
 -3.7920
 -3.6620
 -3.4380
 -2.8980
 -2.7700
 -2.6980
 -1.7580
 -1.7220
 -0.4960
 -0.4360
 -0.3380
 -0.2980
  0.2180
  0.4240
  0.4320
  2.5460
  2.9120
  3.7920
  4.0120
  4.2460
  4.5020
  5.3140
  5.6580
  5.6760
  5.8420
  5.9320
  6.3720
  7.8520
  7.9960
  8.8580
  9.0740
  9.2560
 10.3680
 10.3760
 11.2240
 12.3880
 13.5140
 14.1540
 16.6100
 16.6440
 16.9320
 18.0760
 18.1200
 18.1260
 18.2800
 18.5480
 18.8640
 19.2880
 19.2920
 19.7840
 19.8620
 20.3280
 21.8900
 22.0560
 22.4100
 22.5220
 24.4040
 24.4860
 25.0900
 25.9560
 28.8060
 34.3940


#Top pat = 23
-42.7700
-36.0680
-35.0040
-32.5260
-26.7820
-26.1380
-23.7080
-23.6840
-22.3400
-22.1140
-21.7980
-20.6460
-20.2340
-17.4600
-16.2760
-15.4760
-13.7120
-13.5300
-13.0800
-12.4260
-12.3260
-12.1640
-10.2460
 -9.7320
 -9.4400
 -8.8820
 -8.3760
 -8.1400
 -7.9080
 -7.5020
 -7.2840
 -7.0080
 -6.7700
 -6.4680
 -6.1320
 -5.6060
 -5.1080
 -5.0780
 -4.8760
 -4.7520
 -3.9500
 -2.9300
 -2.6660
 -2.4500
 -2.3380
 -1.8160
 -1.5020
 -0.9920
 -0.3100
 -0.0820
 -0.0700
  0.0680
  0.0940
  2.8360
  2.8380
  3.0320
  3.1880
  3.3800
  3.7120
  4.2020
  4.3860
  4.6420
  4.8020
  6.9260
  7.1980
  7.3220
  7.3580
  8.1520
  8.9280
 10.6820
 10.7740
 10.9780
 11.2560
 12.6820
 12.7960
 13.1880
 14.2480
 15.4640
 16.2280
 17.0840
 18.3100
 18.6160
 19.0920
 19.4420
 19.8060
 20.2100
 20.2880
 20.7080
 20.7360
 21.0120
 21.5140
 22.0880
 22.6820
 22.9160
 23.7300
 23.7300
 24.8000
 25.0460
 31.0660
 33.4280


#Top pat = 24
-41.1800
-36.5640
-35.0960
-31.3980
-28.5320
-27.8080
-25.4140
-22.1660
-22.1320
-22.0540
-21.1760
-20.2440
-19.9380
-18.0260
-16.4460
-16.1280
-15.6020
-15.0160
-13.3160
-12.3320
-12.0600
-11.2920
-10.6220
 -9.7800
 -9.6680
 -9.6180
 -9.4900
 -9.3160
 -8.8700
 -8.8520
 -8.8380
 -7.3400
 -6.7980
 -6.3560
 -6.1320
 -5.6000
 -5.5800
 -5.1580
 -4.5220
 -4.4160
 -4.3340
 -4.2080
 -3.9200
 -3.7020
 -3.2220
 -2.8020
 -1.9760
 -1.9300
 -1.0340
 -0.9400
 -0.4700
 -0.0520
  1.0160
  1.2880
  1.5500
  1.6980
  3.0120
  3.1420
  3.5960
  3.9640
  4.0320
  4.0760
  4.4580
  4.7820
  5.9540
  6.9980
  7.9280
  8.4920
  8.9420
  9.0840
  9.6760
 11.1920
 12.0340
 12.4180
 13.8160
 13.8340
 14.9640
 16.4660
 17.0160
 17.5000
 17.9200
 18.2300
 18.4480
 18.5680
 19.4220
 19.9800
 20.4800
 20.7900
 21.2960
 21.7800
 21.9000
 21.9400
 22.4260
 23.2220
 23.3360
 23.6720
 24.0500
 25.1500
 29.0960
 35.0420


#Top pat = 25
-41.5420
-37.1060
-35.4440
-31.7740
-28.8500
-28.1020
-25.5760
-22.7120
-22.5620
-22.4440
-21.3060
-20.2600
-20.1700
-18.4000
-16.7560
-16.2980
-16.0280
-15.1920
-13.7320
-12.6040
-12.2760
-11.5360
-10.9440
-10.3100
-10.1700
-10.0040
 -9.8780
 -9.4300
 -9.4200
 -9.3920
 -9.0020
 -7.6860
 -7.3300
 -6.6840
 -6.6700
 -6.0880
 -5.9520
 -5.3000
 -4.9720
 -4.9240
 -4.6780
 -4.5360
 -4.0980
 -4.0240
 -3.5640
 -3.3060
 -2.3700
 -2.2960
 -1.6140
 -1.3660
 -0.7960
 -0.7940
  0.6960
  0.7540
  1.2000
  1.3560
  2.6160
  2.9640
  3.2760
  3.4640
  3.5280
  3.6820
  4.1160
  4.6500
  5.4180
  6.7280
  7.5600
  8.1660
  8.5080
  8.9540
  9.3240
 10.8640
 11.6360
 12.3240
 13.2320
 13.6680
 14.4580
 15.7160
 16.4320
 17.1360
 17.9020
 17.9360
 17.9420
 18.2260
 19.0340
 19.6060
 20.1760
 20.6240
 20.9480
 21.4500
 21.5560
 21.5600
 22.0960
 22.8580
 22.9520
 23.3600
 23.6860
 24.6320
 28.9680
 34.8500


#Top pat = 26
-41.8700
-37.4560
-35.7260
-32.3080
-28.8140
-28.6360
-25.7640
-23.0500
-22.8940
-22.4220
-21.5920
-20.7260
-20.6040
-18.9500
-17.1060
-17.0200
-16.7700
-15.5040
-14.0880
-12.7480
-12.6180
-11.9080
-11.0740
-10.8540
-10.5360
-10.4820
-10.2440
-10.1080
 -9.7340
 -9.6040
 -9.1720
 -8.0380
 -7.6740
 -7.0520
 -7.0280
 -6.4580
 -6.3040
 -5.8340
 -5.5340
 -5.2440
 -5.0360
 -4.8200
 -4.6140
 -4.1380
 -4.0800
 -3.4700
 -2.8700
 -2.7060
 -1.5440
 -1.4640
 -1.2860
 -1.1080
  0.0620
  0.2700
  0.8540
  1.0120
  2.2660
  2.7720
  2.8080
  2.8220
  3.2440
  3.3220
  3.8100
  4.0940
  5.1220
  6.3420
  7.2340
  7.9720
  8.1280
  8.6860
  9.1540
 10.5280
 10.8520
 11.8080
 12.7120
 13.4820
 14.1420
 15.3680
 16.1040
 16.5960
 17.6000
 17.6100
 17.6940
 17.8660
 18.5400
 19.2760
 19.6320
 20.0640
 20.6440
 21.1340
 21.1640
 21.1700
 21.5280
 22.5000
 22.7820
 22.8180
 23.5540
 24.0600
 28.6240
 34.7020


#Top pat = 27
-37.4420
-37.2980
-32.9020
-32.1560
-30.8380
-29.0500
-26.2040
-26.1260
-25.1400
-23.5440
-22.5960
-20.7580
-20.6640
-18.7300
-17.6020
-15.9580
-15.8900
-15.6100
-15.2080
-15.0400
-14.1360
-13.7380
-12.7360
-12.7260
-12.4760
-11.7300
 -9.5580
 -9.5440
 -9.1860
 -9.0320
 -8.9060
 -8.3340
 -7.3300
 -7.1700
 -7.1620
 -7.1100
 -7.0940
 -6.7860
 -6.6220
 -6.1600
 -5.9500
 -5.9280
 -5.4900
 -5.3780
 -5.2700
 -4.7560
 -4.6720
 -3.4920
 -3.1460
 -1.8600
 -1.4960
 -1.4120
 -1.0720
 -0.8800
 -0.5540
  0.0220
  1.9840
  2.0460
  2.1860
  2.2880
  2.5580
  4.4680
  5.2420
  5.4940
  7.1620
  7.4160
  8.1360
  8.3080
  9.0820
  9.4420
  9.9620
  9.9700
 10.2860
 11.5120
 12.1320
 12.6140
 12.9400
 14.0160
 14.9220
 15.3220
 16.4840
 18.1440
 18.2680
 18.4060
 19.4340
 19.8140
 19.8340
 21.0200
 21.6000
 24.9060
 25.0140
 25.2180
 25.2280
 25.7360
 26.0040
 26.1380
 26.5980
 27.1020
 27.5420
 28.9600


#Top pat = 28
-35.6780
-35.6420
-35.3900
-33.3580
-32.8440
-31.2920
-28.6820
-27.0160
-24.2020
-24.1860
-23.4100
-22.8040
-20.8360
-19.0340
-17.4620
-17.1480
-15.6120
-15.2760
-13.8480
-13.0800
-12.6240
-12.5480
-12.3800
-11.9800
-11.8860
-11.8320
-10.8360
-10.3400
-10.3280
-10.0400
 -9.6600
 -9.3100
 -8.8780
 -8.3940
 -8.0660
 -7.6680
 -6.6640
 -6.6540
 -6.4240
 -6.2600
 -5.6940
 -5.3440
 -5.2400
 -4.8920
 -4.0720
 -3.9980
 -3.8220
 -3.5120
 -3.3080
 -3.2760
 -2.5700
 -1.2500
  1.2380
  1.3340
  1.6080
  1.8520
  2.0460
  2.1260
  2.2780
  2.6000
  2.7560
  2.9080
  4.0860
  4.4860
  4.5860
  4.9740
  5.9380
  6.7720
  6.8280
  7.4560
  9.0060
  9.9680
 10.3640
 11.0520
 11.7660
 14.3640
 14.4440
 14.8020
 15.5320
 16.7860
 16.9920
 17.0620
 17.4500
 18.8240
 19.8980
 21.0040
 21.1640
 21.6840
 22.4200
 22.9160
 23.2020
 23.5200
 23.7440
 24.7980
 26.4260
 26.9180
 26.9240
 27.0280
 27.0880
 28.6720


#Top pat = 29
-38.2440
-37.5580
-37.0700
-35.0260
-33.3380
-33.0020
-30.9100
-30.3920
-30.0780
-28.1440
-25.2520
-24.4940
-23.9620
-21.0420
-20.2520
-18.1880
-16.7880
-14.3900
-14.0220
-14.0020
-13.9740
-13.7640
-13.7080
-13.5500
-11.4340
-11.2720
-11.2600
-11.1680
-11.0740
-10.4740
-10.4280
 -9.6360
 -8.7560
 -8.1540
 -7.7420
 -7.3980
 -6.6520
 -6.5440
 -6.1660
 -5.6200
 -5.5520
 -4.3880
 -3.8540
 -3.1780
 -3.1740
 -2.7240
 -2.4680
 -1.8340
 -1.2520
 -1.1980
 -1.0360
 -0.0280
  0.2360
  0.2840
  0.8320
  1.9640
  2.3400
  2.4920
  3.3660
  3.6460
  4.4660
  4.5820
  5.5340
  6.0660
  6.2440
  6.2880
  6.4120
  8.4600
  9.0360
  9.3440
  9.9540
 10.6880
 10.8280
 12.3760
 12.4740
 14.2100
 14.2740
 14.3680
 14.6460
 15.0220
 15.8100
 16.3040
 16.4840
 17.4540
 18.9160
 18.9580
 19.9980
 20.9000
 21.5100
 22.1000
 23.1820
 23.2040
 24.1880
 24.3460
 24.3720
 26.6720
 27.9580
 28.1640
 30.6120
 34.4380


#Top pat = 30
-38.1860
-37.8580
-37.1820
-34.7220
-33.8540
-32.5240
-32.4960
-31.2000
-30.9500
-29.8060
-26.2300
-24.1480
-23.5860
-20.7800
-20.7160
-17.4280
-16.4320
-15.0360
-14.0640
-13.9060
-13.5300
-13.4980
-13.0320
-12.9960
-12.8620
-12.4840
-12.3880
-10.6820
-10.5320
-10.5080
-10.0760
 -9.8940
 -9.2620
 -8.8220
 -8.4060
 -8.0860
 -7.1660
 -7.0500
 -6.6400
 -6.5300
 -6.2900
 -5.8400
 -3.3080
 -3.0360
 -2.8900
 -2.8720
 -2.3260
 -2.2060
 -2.0120
 -1.5220
 -1.0420
 -0.7720
 -0.4720
 -0.2420
  0.8000
  0.8180
  0.8900
  1.5300
  1.8180
  2.7440
  3.8000
  4.2700
  6.0340
  6.2080
  6.4060
  6.5260
  6.6380
  8.6340
  8.8200
  9.1920
  9.4900
 10.8400
 11.1700
 11.2420
 11.3880
 11.5940
 13.2340
 14.0740
 14.6300
 14.9820
 15.3140
 15.4320
 15.5720
 16.0380
 17.9560
 17.9680
 19.0500
 20.4920
 21.8960
 22.2500
 22.4600
 23.4540
 23.4940
 24.7140
 24.8780
 27.1720
 28.1340
 28.5140
 29.2020
 34.7520


#Top pat = 31
-40.3140
-35.4840
-32.2880
-32.0980
-32.0520
-30.1160
-29.1540
-28.9920
-27.9640
-27.6060
-26.3900
-26.0300
-23.7760
-21.8740
-21.0880
-20.9840
-20.4800
-19.2100
-18.8120
-18.6360
-16.1560
-15.7840
-15.7780
-15.7100
-15.6520
-15.5820
-14.3980
-13.5520
-13.1160
-12.9880
-11.5080
-11.3260
-10.3780
-10.3740
 -9.4100
 -9.2280
 -9.1960
 -8.9480
 -8.8700
 -8.6720
 -7.8300
 -7.2940
 -6.9280
 -6.8680
 -4.1700
 -3.8980
 -3.3160
 -2.4500
 -1.2520
 -0.7300
 -0.4400
 -0.1300
  0.5020
  1.5380
  3.1880
  4.3280
  4.5440
  5.2780
  5.3340
  5.4620
  5.8480
  7.5220
  7.9200
  8.6740
  8.7460
  8.7700
  8.9840
  9.1500
  9.2000
  9.8840
 11.3340
 11.3900
 12.8200
 13.0080
 13.8900
 14.3380
 14.5320
 15.2280
 15.3100
 17.2860
 18.6320
 18.8940
 19.1800
 19.7000
 19.8140
 20.0220
 20.1840
 20.6080
 21.9300
 22.2740
 22.6820
 22.8940
 23.4780
 25.9360
 25.9520
 26.7820
 29.9940
 30.2640
 30.7020
 34.0340


#Top pat = 32
-44.9640
-40.2540
-37.8420
-37.6280
-32.7660
-31.4600
-31.1380
-25.8580
-25.2280
-24.6820
-24.4780
-24.1240
-24.0820
-24.0380
-21.5560
-21.2600
-21.0900
-20.0260
-19.2000
-18.1040
-17.0780
-17.0720
-16.8100
-16.5800
-16.0740
-16.0120
-15.9580
-11.7360
-11.2080
-10.5900
 -9.9780
 -9.0600
 -8.9060
 -8.8960
 -8.6520
 -8.5360
 -7.7920
 -6.8560
 -6.8380
 -6.5020
 -5.5240
 -5.1720
 -5.0420
 -4.7740
 -4.6320
 -3.8900
 -3.2480
 -3.1320
 -2.5000
 -2.1100
 -1.4420
 -0.8300
 -0.6120
  3.2180
  4.1060
  4.4840
  6.2640
  6.2700
  6.4920
  7.4100
  8.6520
  8.8980
  9.1300
  9.2100
  9.4980
  9.5760
  9.7260
 10.1500
 10.3120
 11.5340
 12.5740
 12.7900
 13.2360
 13.3880
 13.7620
 14.2760
 14.8100
 15.2940
 15.9000
 16.1560
 16.3140
 16.6340
 16.8700
 18.2620
 18.5800
 19.1220
 21.6240
 22.2220
 22.3880
 24.7880
 24.9420
 25.4800
 25.6260
 25.7540
 26.2520
 26.2660
 28.4820
 30.8660
 34.4760
 36.8840


#Top pat = 33
-44.1980
-39.9280
-37.9440
-36.9180
-34.1780
-32.8240
-31.5880
-26.7820
-25.5980
-25.0960
-25.0580
-24.1440
-24.1400
-23.3960
-22.5100
-21.1340
-20.9420
-20.4500
-20.0340
-19.6820
-18.8000
-17.7940
-17.7760
-17.1060
-17.0480
-16.9600
-15.4260
-12.1920
-11.7120
-11.1540
-11.0440
 -9.3280
 -8.8920
 -8.7360
 -8.7320
 -8.4880
 -8.1440
 -8.0500
 -7.3240
 -6.9520
 -6.4700
 -6.0320
 -5.5980
 -5.1220
 -5.0200
 -4.9160
 -4.7580
 -3.1880
 -2.6960
 -2.5480
 -1.7860
 -0.3380
 -0.0800
  2.9960
  3.7900
  4.2640
  5.3760
  5.7360
  6.4080
  6.9380
  8.1700
  8.4300
  8.5960
  8.7940
  9.1900
  9.4800
  9.6640
  9.7980
  9.8800
 11.8920
 12.3560
 12.9460
 12.9800
 13.5720
 13.7160
 13.9040
 14.8120
 15.0840
 15.1620
 15.3900
 15.7960
 16.2760
 16.8340
 17.0160
 18.5540
 19.6580
 21.3920
 21.9760
 22.3760
 24.5440
 24.8860
 25.2320
 25.2680
 25.9940
 26.1420
 26.7980
 27.9000
 29.7560
 33.0060
 37.1940


#Top pat = 34
-50.6660
-39.8060
-39.2280
-37.5340
-30.9480
-28.8700
-28.2520
-27.4940
-27.1860
-27.1160
-26.6120
-24.9940
-24.9440
-23.7680
-23.7000
-23.6460
-23.5560
-23.1960
-21.4480
-20.0560
-15.4780
-15.3580
-14.8380
-14.7820
-14.2560
-14.0300
-13.3560
-11.8600
-11.7560
-11.4240
-10.6700
-10.3800
-10.1580
 -9.0040
 -8.5020
 -5.1840
 -5.0360
 -3.7160
 -3.6400
 -3.4300
 -2.8260
 -2.7640
 -2.3180
 -2.3060
 -2.0000
 -1.7600
 -1.5120
 -1.4200
 -1.3140
 -0.1500
 -0.0660
  0.8620
  4.4060
  5.3260
  5.3360
  6.1600
  6.2360
  6.3960
  6.7600
  7.1460
  8.1700
  8.5020
  8.5760
  8.7000
  8.8060
 10.1040
 11.6980
 11.7740
 13.5720
 13.5980
 14.1200
 14.3340
 14.3340
 14.3960
 14.5060
 14.9520
 16.7680
 18.5820
 18.6280
 18.9680
 19.1480
 19.4440
 19.9040
 19.9240
 20.9000
 21.4420
 21.7620
 22.5720
 23.9640
 24.7820
 24.8460
 24.9640
 26.4980
 27.5080
 29.5620
 32.4840
 32.9540
 33.4420
 34.8040
 38.9200


#Top pat = 35
-46.3240
-45.2060
-45.1840
-41.9500
-32.1560
-31.7360
-31.6860
-29.9840
-27.8100
-24.9080
-24.3580
-22.8160
-22.5280
-22.4880
-22.0300
-21.0760
-20.9080
-20.3140
-19.2280
-18.5900
-18.3860
-15.6100
-14.0040
-13.5340
-13.4000
-12.4980
-10.9160
-10.8240
 -9.9980
 -9.6020
 -9.2720
 -8.5420
 -8.2860
 -7.2280
 -5.8540
 -3.9840
 -3.8780
 -3.8300
 -2.8960
 -1.7900
 -0.8900
  1.3280
  1.6820
  1.8020
  2.1660
  2.3520
  2.5040
  3.0120
  3.0520
  3.3800
  3.6300
  5.2920
  6.0340
  6.5660
  6.7780
  6.8240
  7.1560
  7.2500
  7.6400
  8.3060
  8.7240
  9.0440
  9.2660
 10.6860
 11.4660
 12.5060
 12.5480
 12.5640
 13.2820
 13.4600
 14.1380
 14.3520
 14.4580
 14.4940
 14.7220
 14.7360
 14.9340
 15.8040
 16.3260
 16.3880
 17.5500
 17.8640
 19.1380
 19.1440
 20.8380
 20.9220
 21.3420
 21.6240
 22.8620
 23.1840
 24.3980
 24.8600
 26.1820
 27.0480
 28.9240
 32.0320
 34.0440
 34.2540
 38.2780
 39.2200


#Top pat = 36
-46.6320
-45.5640
-45.5380
-42.1300
-32.5720
-32.2600
-31.9040
-30.3160
-27.7760
-25.4180
-24.5300
-23.4780
-22.6680
-22.6000
-22.5020
-21.4160
-21.2320
-20.8400
-19.7820
-19.0740
-18.7900
-15.7360
-14.3860
-13.7220
-13.3040
-12.8800
-11.4560
-10.9440
-10.4580
-10.1600
 -9.9680
 -8.8320
 -8.1220
 -7.5420
 -6.1480
 -4.4800
 -4.1100
 -4.0240
 -3.4240
 -1.6640
 -1.0140
  0.5700
  1.3160
  1.6240
  1.9860
  1.9940
  2.1120
  2.6760
  2.9020
  3.1880
  3.2460
  4.7840
  5.4840
  5.9080
  6.3940
  6.6300
  6.8560
  6.8920
  7.2960
  8.1780
  8.2240
  8.7480
  8.9280
 10.0280
 11.1320
 12.1980
 12.2100
 12.2160
 13.1780
 13.3340
 13.9560
 13.9760
 14.0500
 14.1060
 14.1960
 14.6040
 14.8120
 15.6660
 15.6840
 16.1660
 17.2380
 17.3220
 18.6320
 18.8680
 20.4120
 20.6440
 21.1080
 21.4220
 22.4820
 23.0240
 24.0220
 24.4860
 25.6340
 26.8540
 28.1760
 31.6920
 33.9060
 34.1540
 38.0820
 38.6740


#Top pat = 37
-38.7420
-38.4400
-37.8240
-36.8680
-35.9600
-35.5300
-34.4700
-31.7800
-31.7680
-31.1080
-29.8360
-28.6820
-28.0400
-27.6640
-24.5080
-21.3120
-20.9820
-20.1480
-19.0400
-17.3700
-16.9620
-16.3160
-15.8900
-14.7320
-13.8540
-11.9960
-11.2120
-10.7020
 -7.9380
 -6.4020
 -4.7540
 -4.6360
 -4.1560
 -4.1320
 -3.9520
 -3.7580
 -3.1040
 -2.8600
 -2.4940
 -1.9000
 -1.4360
 -1.1060
  0.1220
  0.1480
  0.3180
  0.6760
  1.1200
  1.4240
  1.4800
  2.0580
  2.2500
  2.3960
  4.1140
  4.1360
  4.3460
  4.4760
  6.3280
  6.7940
  6.8820
  6.8940
  7.8360
  8.9780
  9.9660
 10.5240
 11.2080
 11.5540
 12.0100
 12.3660
 13.3560
 13.3840
 14.1520
 14.1720
 14.2980
 14.4100
 16.0520
 17.6640
 18.0480
 18.4320
 18.5080
 19.0040
 19.0160
 19.5420
 20.4080
 21.3320
 21.8360
 21.8760
 22.2540
 22.7020
 23.7360
 24.3020
 27.0440
 28.4540
 28.9120
 29.1640
 29.2820
 29.5820
 29.9460
 30.3960
 33.0980
 36.0440


#Top pat = 38
-43.6760
-43.2700
-38.5620
-37.8840
-37.4120
-35.4200
-35.1340
-34.2600
-33.9060
-31.7580
-29.2820
-27.1580
-26.3280
-24.2800
-23.9120
-21.5660
-21.3980
-21.2500
-20.8700
-20.6940
-17.0520
-16.7560
-16.1220
-14.0040
-13.6680
-10.9740
-10.6260
-10.2020
 -7.4420
 -7.1920
 -5.7540
 -5.4200
 -4.5540
 -4.4280
 -4.4200
 -3.8380
 -3.7280
 -3.7080
 -2.4200
 -2.2160
 -1.8540
 -1.8160
 -1.0000
 -0.6940
 -0.2060
 -0.0560
  0.3100
  0.7940
  1.1140
  1.6760
  1.8260
  2.0680
  2.1460
  3.6740
  3.7360
  4.7720
  5.1280
  5.6160
  6.5720
  7.1080
  7.4020
  8.3220
  9.8820
  9.8900
 10.9740
 11.1120
 11.4020
 12.8000
 12.9420
 13.9380
 14.3040
 14.4720
 14.4840
 15.1860
 16.1160
 16.6300
 17.3580
 17.5020
 18.0320
 18.1540
 18.4820
 19.3740
 19.3780
 20.7480
 22.0820
 22.3820
 23.0460
 23.3700
 24.3020
 24.8420
 25.3660
 26.8940
 28.1640
 29.7080
 29.7140
 31.5480
 32.2060
 32.4140
 32.6600
 33.1320


#Top pat = 39
-48.1460
-44.9720
-40.6620
-40.3060
-39.4400
-36.6320
-33.3080
-32.6420
-29.2400
-27.3700
-27.1460
-26.9180
-26.7080
-25.8700
-25.8560
-25.7800
-25.3920
-22.5280
-22.3220
-19.9440
-18.9440
-18.7620
-18.5720
-15.4420
-13.2060
-13.0740
 -8.8980
 -8.5280
 -8.4200
 -6.7160
 -6.7000
 -6.6160
 -4.1360
 -4.0940
 -3.5940
 -2.9960
 -2.9040
 -2.2780
 -2.1580
 -1.5160
 -1.3680
 -0.8360
 -0.2100
  0.1360
  0.3320
  0.8460
  1.0240
  1.4640
  2.4880
  2.7700
  2.7860
  3.5740
  3.9740
  4.8280
  4.9480
  6.0540
  6.1940
  6.4740
  6.9060
  7.4380
  7.4520
  7.4800
  7.7300
  7.7940
  8.5940
  8.8740
  9.9600
 10.7640
 11.0120
 11.9480
 14.5780
 14.6400
 16.4600
 16.7720
 17.6360
 18.2100
 18.3060
 18.8920
 20.6020
 20.8160
 21.0820
 22.3320
 22.7640
 22.9900
 23.0320
 23.5460
 23.6220
 23.6260
 23.6580
 24.0020
 24.1360
 25.9040
 26.8220
 31.0700
 31.8080
 33.4020
 33.7440
 34.5720
 34.6360
 36.7020


#Top pat = 40
-49.2620
-44.5160
-43.4180
-40.0380
-37.7280
-37.1600
-34.3220
-32.8840
-31.5140
-31.3980
-30.0160
-28.1380
-28.0680
-27.6380
-27.1720
-26.5340
-25.1060
-24.6460
-23.9100
-23.3000
-23.1120
-14.7800
-13.7700
-13.5780
-12.8660
-11.5620
 -8.6700
 -7.9000
 -7.7540
 -7.2880
 -7.0260
 -6.8300
 -6.1620
 -5.2120
 -5.1260
 -4.9860
 -4.9560
 -1.6980
 -0.9920
 -0.9100
 -0.8740
 -0.0660
  0.2660
  0.3220
  0.4300
  1.3660
  1.4560
  1.4840
  1.7820
  1.9380
  2.4300
  2.9540
  3.4860
  4.9300
  5.3780
  5.7660
  6.0200
  6.0460
  6.2000
  6.7420
  8.4900
  9.6120
  9.7500
 10.0380
 10.2200
 10.7460
 10.8120
 11.1820
 12.3920
 12.8040
 13.7800
 13.9100
 13.9960
 14.0820
 14.3860
 15.8560
 17.7920
 18.5840
 19.0740
 19.2360
 19.9640
 21.3360
 21.4120
 22.6620
 23.2620
 23.3140
 23.4060
 23.6820
 24.3800
 24.3820
 27.0680
 27.2520
 29.9200
 30.7780
 30.9820
 32.6200
 34.9640
 35.5480
 37.1100
 38.9060


#Top pat = 41
-44.5740
-44.4200
-44.3620
-42.7660
-40.3040
-38.3700
-34.3800
-32.6280
-32.4540
-32.0280
-30.3100
-30.1640
-29.5680
-29.0080
-26.9520
-24.5660
-24.3620
-22.6500
-22.0200
-21.0160
-20.6060
-19.3900
-14.1720
-12.9660
-12.2380
-11.5960
-11.5940
-11.1920
 -8.2140
 -7.4180
 -6.7900
 -6.7540
 -6.6080
 -6.4840
 -6.1460
 -5.6600
 -5.2320
 -4.9180
 -4.8380
 -4.4080
 -4.2800
 -4.1820
 -2.4140
 -1.7800
  0.9220
  1.0340
  1.6880
  2.3680
  2.5000
  3.0480
  4.0120
  4.2640
  4.5900
  4.9080
  5.7620
  6.4420
  6.7440
  7.1120
  7.8360
  8.3860
  9.2040
  9.6460
 10.3280
 10.9540
 11.7280
 11.8680
 12.5760
 12.8540
 12.9000
 13.0900
 13.1360
 13.2040
 13.2960
 15.3260
 15.3520
 15.6240
 15.9720
 17.1420
 17.7400
 18.6800
 19.1060
 19.5000
 22.0820
 22.5720
 22.6440
 22.7120
 23.8380
 24.6000
 24.7720
 25.1720
 26.4100
 28.1640
 29.4320
 29.5240
 30.4980
 30.5300
 32.2420
 33.5900
 36.3680
 43.7120


#Top pat = 42
-45.2720
-42.8160
-42.5500
-42.2240
-38.7740
-37.7340
-36.0700
-35.5180
-34.6680
-32.7600
-32.3280
-30.7320
-29.2380
-28.5500
-25.4300
-25.3920
-23.9060
-23.4320
-22.8300
-22.7000
-22.1200
-19.6220
-15.9520
-14.7360
-12.2140
-11.8240
-10.6940
-10.5580
 -9.5540
 -9.0680
 -8.3180
 -7.6300
 -6.9120
 -6.6780
 -5.9420
 -5.5960
 -5.3560
 -5.2100
 -5.1580
 -4.3240
 -3.8260
 -3.1780
 -2.7380
 -2.6900
 -2.2400
 -1.6760
  0.4120
  0.7680
  1.6820
  2.5320
  2.5440
  3.1580
  3.6820
  3.8920
  4.4260
  4.9740
  6.2060
  6.8080
  7.9260
  9.3500
  9.3880
  9.8560
 10.0000
 10.1820
 10.9960
 11.0620
 11.0840
 11.2700
 11.8140
 12.0220
 12.5120
 13.5260
 13.6320
 14.2240
 14.8840
 15.8040
 16.2100
 16.2200
 18.0240
 18.3180
 19.7960
 19.9020
 20.7500
 20.9820
 21.9680
 22.8300
 23.1520
 24.0740
 24.8700
 25.4540
 26.1680
 27.3100
 28.6480
 30.4400
 30.5200
 31.5740
 33.1600
 33.6800
 36.8180
 41.0820


#Top pat = 43
-52.6820
-51.6480
-49.8460
-42.2440
-36.5640
-31.6080
-30.4460
-29.3020
-26.4700
-26.2760
-24.3060
-22.0220
-21.5900
-20.8480
-19.4120
-17.8120
-17.8040
-17.7860
-16.9360
-16.7600
-16.4820
-15.9880
-13.8280
-13.0080
-12.9520
-12.5880
-12.0240
-11.9360
-11.5420
-10.5440
-10.0000
 -9.8340
 -9.5820
 -9.4200
 -8.7700
 -8.7380
 -8.5820
 -7.0140
 -6.4840
 -6.3980
 -6.3160
 -6.2940
 -6.1340
 -4.7540
 -3.9440
 -3.4340
 -2.8380
 -2.3100
 -0.4620
 -0.2040
  0.2760
  2.4040
  2.9780
  3.4580
  3.4840
  3.5860
  3.7640
  3.9400
  7.6940
  8.9040
  9.7980
  9.8780
  9.9100
 11.9620
 12.5540
 12.6440
 13.1960
 14.1220
 14.2200
 14.3140
 15.3500
 15.6300
 16.3120
 17.1520
 18.0300
 18.2740
 18.6680
 19.0240
 19.9180
 20.3100
 21.0760
 22.2640
 23.0160
 24.4380
 24.7440
 25.4920
 26.1560
 26.4600
 27.2020
 29.3580
 29.3700
 29.6520
 29.8260
 30.3500
 31.4880
 31.7420
 32.1860
 38.5860
 39.0760
 47.3380


#Top pat = 44
-54.1760
-53.0700
-47.4100
-37.3020
-36.8540
-35.4720
-30.3440
-29.5360
-29.1300
-25.4240
-23.9640
-22.6300
-21.8320
-21.6020
-18.9380
-18.8880
-18.2840
-18.1180
-17.7040
-17.0500
-16.8380
-15.6140
-15.5040
-15.4220
-14.2160
-14.0180
-13.7080
-11.8680
 -9.6340
 -9.5920
 -9.2800
 -9.2700
 -8.8540
 -8.5620
 -7.8960
 -7.3460
 -7.2640
 -6.9060
 -6.6200
 -6.4120
 -5.4660
 -4.3460
 -3.8540
 -3.6980
 -3.6560
 -3.3440
 -3.1780
 -2.9120
 -1.8600
 -1.7380
 -0.3140
 -0.1440
  0.9940
  2.1440
  5.5680
  6.4040
  7.0480
  7.1260
  7.2880
  8.0500
  8.7200
  9.1000
 10.8300
 11.3820
 11.8600
 11.9660
 12.8560
 13.5080
 13.6320
 14.0820
 15.0800
 16.1800
 16.6720
 16.6820
 16.7260
 16.7460
 19.6760
 20.0880
 21.2640
 21.7380
 22.6820
 23.5300
 23.6460
 24.1960
 24.9660
 25.5980
 26.2560
 27.0280
 27.6960
 28.2120
 29.9400
 30.3840
 30.5480
 31.0840
 31.2900
 31.7520
 31.8220
 32.5680
 42.0440
 49.3260


#Top pat = 45
-55.8080
-52.7640
-48.8740
-37.7280
-36.4440
-36.2900
-31.2920
-31.2700
-30.8940
-25.3940
-24.4860
-22.5000
-22.4660
-21.5220
-20.1520
-19.0620
-18.6420
-18.6340
-17.9120
-17.5340
-17.1980
-16.5660
-15.6160
-14.6920
-14.6740
-13.6920
-13.6540
-13.0080
 -9.8500
 -9.5280
 -9.3520
 -9.0480
 -8.9300
 -8.7280
 -8.7000
 -8.1460
 -8.0500
 -6.9360
 -6.4200
 -6.3620
 -5.8260
 -5.2040
 -4.0420
 -3.7240
 -3.5680
 -3.4820
 -2.9920
 -2.6660
 -2.2900
 -1.6920
 -1.0800
 -0.1280
  1.3400
  2.1140
  4.5480
  4.7900
  5.9560
  7.2300
  7.9660
  8.3720
  9.4520
  9.5580
 10.3080
 10.9860
 11.6460
 12.2820
 12.3620
 13.1940
 13.8920
 14.6440
 15.2920
 15.3820
 16.2820
 16.9580
 17.0320
 17.1040
 19.8000
 19.9920
 20.6300
 21.3360
 22.0180
 22.9860
 23.1400
 23.6820
 24.5180
 25.0860
 25.8840
 26.5420
 27.1980
 27.8760
 28.3380
 29.8960
 29.9780
 30.1500
 30.4380
 31.1580
 32.1280
 32.3940
 41.8820
 48.2040


#Top pat = 46
-56.2760
-52.5900
-49.7860
-37.5620
-36.3000
-35.9840
-30.9340
-30.5920
-30.4060
-24.8880
-24.0340
-23.2500
-22.1200
-21.9480
-21.0160
-20.7360
-19.6120
-19.5840
-18.1220
-17.4580
-17.0400
-16.5960
-15.6040
-15.3580
-15.1060
-14.7480
-14.7360
-13.9360
-10.0860
 -9.5300
 -9.2380
 -9.2020
 -8.9960
 -8.9060
 -8.4820
 -8.3340
 -8.1120
 -7.4520
 -6.5600
 -6.0320
 -5.4720
 -5.3200
 -5.1020
 -4.5220
 -3.9100
 -3.2560
 -3.1660
 -3.1280
 -2.4040
 -2.2740
 -1.2920
 -0.3260
  0.9500
  2.1800
  4.4360
  4.6800
  5.6200
  6.8120
  7.3480
  7.4100
  8.3460
  8.4380
  9.8040
 10.1400
 10.5780
 12.1420
 12.2240
 12.6920
 13.2780
 13.5460
 14.1160
 14.4040
 15.7720
 17.1220
 17.2620
 17.5860
 18.7620
 20.2980
 20.8780
 21.1240
 21.3000
 21.5260
 22.8080
 23.1460
 23.1540
 23.7580
 25.7920
 26.2260
 27.2760
 27.5040
 28.2040
 28.6040
 29.3460
 30.1260
 30.8400
 31.3120
 32.4180
 32.8700
 42.0620
 47.1360


#Top pat = 47
-58.6700
-56.2300
-47.2560
-39.8340
-35.3900
-34.9720
-30.1640
-29.3220
-28.5260
-26.1660
-25.7000
-24.2280
-22.2160
-21.7500
-21.1040
-20.0900
-19.8160
-19.4100
-19.1920
-18.2920
-18.2060
-16.6400
-16.2120
-15.9660
-13.0960
-13.0720
-12.6060
-12.3960
-12.1460
-11.5540
-11.3360
-11.0960
-10.9240
-10.0600
 -8.4280
 -8.0160
 -7.6880
 -7.5620
 -7.1860
 -7.0760
 -6.5220
 -6.0400
 -5.3420
 -5.2080
 -4.7120
 -4.3220
 -3.5740
 -3.3120
 -3.1000
 -1.5840
 -1.2860
  1.1760
  2.0540
  4.3640
  6.0600
  6.1960
  6.2700
  7.2700
  7.2800
  7.5300
  7.8960
  8.7120
  9.2720
 10.2740
 10.3600
 11.3940
 12.0460
 12.1080
 12.9200
 13.2860
 13.6740
 15.3980
 15.4620
 15.8960
 16.0180
 16.2460
 16.6220
 17.1120
 18.3360
 19.9540
 20.3020
 20.8020
 21.8740
 21.9100
 23.6920
 23.9760
 24.8960
 25.2600
 26.7840
 27.1460
 27.8300
 28.7780
 29.2540
 30.4740
 31.0340
 32.0600
 33.7100
 36.1580
 37.9460
 42.2080


#Top pat = 48
 25.6740
 26.4000
 26.4860
 27.4720
 27.4880
 28.1840
 28.6200
 28.9720
 29.8680
 30.1980
 30.3140
 30.5420
 30.7020
 30.7240
 30.8720
 31.0980
 31.2260
 31.3400
 31.3820
 31.6080
 31.8320
 31.8820
 31.9180
 32.0160
 32.0940
 32.1160
 32.1260
 32.3080
 32.6600
 32.6800
 32.7240
 32.7920
 32.8980
 32.9360
 32.9520
 33.2580
 33.2760
 33.6740
 33.8480
 33.9400
 33.9860
 34.4080
 34.4360
 34.4860
 34.7700
 34.8360
 35.2080
 35.3180
 35.3500
 35.3740
 35.4500
 35.5360
 35.5640
 35.6220
 35.6500
 35.8100
 35.8300
 35.8920
 35.9120
 35.9480
 35.9800
 36.0380
 36.0600
 36.3800
 36.7660
 36.9140
 36.9740
 37.0020
 37.0260
 37.0840
 37.1560
 37.1560
 37.2620
 37.3380
 37.4400
 37.4940
 37.5520
 37.9980
 38.3340
 38.6620
 38.7100
 38.7380
 38.9840
 39.0120
 39.2700
 39.3520
 39.7640
 39.7940
 40.1620
 40.4220
 41.1440
 41.2040
 42.3340
 42.6480
 44.2600
 44.9320
 46.7080
 46.9780
 47.3140
 50.2920


#Top pat = 49
 25.2660
 26.0060
 26.1740
 26.4080
 26.8740
 27.3620
 28.0040
 28.4020
 28.8380
 29.8040
 29.8880
 30.0800
 30.1600
 30.2120
 30.3660
 30.5380
 30.5420
 30.5760
 30.5780
 30.9780
 31.0120
 31.0660
 31.0720
 31.1760
 31.4760
 31.5620
 31.7700
 31.7800
 31.8200
 31.9580
 32.0240
 32.3640
 32.5780
 32.6880
 32.9740
 33.0520
 33.2640
 33.4180
 33.4880
 33.6000
 33.6600
 33.8360
 33.8840
 34.0140
 34.0280
 34.1880
 34.1920
 34.2080
 34.3400
 34.5120
 34.5660
 34.9160
 34.9920
 35.4820
 35.5360
 35.7720
 35.8220
 35.8920
 35.9820
 36.0080
 36.0180
 36.0640
 36.1580
 36.1580
 36.1960
 36.3680
 36.3800
 36.3940
 36.4720
 36.4760
 37.1820
 37.1960
 37.2240
 37.2880
 37.3580
 37.5500
 37.6040
 37.7340
 38.1680
 38.5480
 38.6800
 38.9300
 39.0500
 39.1840
 39.2640
 39.4040
 39.7240
 40.1120
 40.1900
 40.3980
 40.5360
 40.5440
 41.3400
 42.6760
 44.7860
 45.4780
 47.1040
 47.2740
 47.6060
 48.6660


#Top pat = 50
 18.6240
 23.0900
 23.3620
 25.1240
 25.6420
 25.6700
 26.2080
 26.3860
 26.5520
 27.0620
 27.4340
 27.9600
 28.0560
 28.1860
 28.2060
 28.6060
 28.6320
 28.7020
 29.3160
 29.3340
 29.6920
 29.9220
 29.9240
 30.2740
 30.6420
 31.1220
 31.5700
 31.5880
 31.6080
 31.7120
 31.7400
 31.9320
 31.9400
 32.1080
 32.6140
 32.6680
 32.7780
 32.8140
 32.8400
 32.9980
 33.0280
 33.1800
 33.4280
 33.5000
 33.9580
 34.0400
 34.0400
 34.1560
 34.3140
 34.3600
 34.7860
 34.9240
 34.9800
 34.9840
 35.0420
 35.1640
 35.2340
 35.2500
 35.3200
 35.3680
 35.3960
 35.4300
 35.5780
 35.6440
 35.6780
 35.8780
 35.8960
 36.1400
 36.2040
 36.3580
 36.5440
 36.7560
 36.8000
 36.9700
 37.0540
 37.0620
 37.4920
 38.3880
 38.4020
 38.6980
 38.8900
 38.9880
 39.2620
 39.7640
 39.8920
 40.0100
 40.6940
 40.8980
 41.6300
 41.6680
 42.2760
 42.2780
 42.4500
 42.9460
 43.1100
 43.2320
 48.0820
 48.8740
 51.0520
 51.3820


