#..\..\Net100seed42.net EP02delta0.1Input0.5.train 42
#Top pat = 1


#Top pat = 2


#Top pat = 3
  9.5300
  9.5900
 12.8160
 13.0580
 13.0740
 13.3220
 13.3920
 13.4840
 13.4900
 13.5040
 13.5760
 13.6140
 13.9340
 13.9840
 13.9880
 14.1480
 14.1960
 14.2440
 14.2580
 14.2900
 14.5960
 14.7480
 15.1120
 15.7320
 15.9120
 15.9480
 16.0700
 16.1920
 16.2340
 16.2380
 16.2620
 16.3680
 16.4040
 16.5400
 16.5800
 16.5840
 16.6820
 16.6880
 16.7440
 16.8140
 16.8660
 16.9120
 16.9720
 16.9800
 17.0500
 17.0600
 17.2620
 17.3400
 17.3440
 17.3800
 17.4260
 17.4680
 17.5480
 17.5680
 17.5840
 17.6620
 17.6780
 17.6780
 17.7640
 17.8500
 17.8500
 17.9360
 18.0460
 18.0500
 18.0560
 18.2960
 18.3080
 18.3360
 18.3520
 20.6600
 20.8940
 21.5700
 22.4640
 22.4880
 23.1620
 23.3680
 25.0860
 48.7060
 49.3760
 49.5980
 49.7480
 49.7840
 49.8820
 49.9820
 50.1320
 50.5160
 50.5820
 50.6960
 50.7540
 51.4200
 51.5460
 51.6840
 52.9320
 53.7520
 53.8200
 57.2320
 57.3080
 59.1420
 59.5660
 64.1940


#Top pat = 4
  0.4580
  0.8600
  0.8960
  0.9220
  1.0740
  1.3040
  1.4280
  1.5360
  1.8280
  1.8420
  2.4280
  2.6320
  7.3740
  8.2300
 10.2920
 11.4040
 11.7720
 12.3180
 12.7060
 12.7980
 13.6260
 13.8960
 13.9020
 13.9840
 13.9920
 14.3400
 14.5460
 14.8300
 15.0700
 15.1300
 15.6320
 15.6420
 15.8820
 16.2520
 16.3240
 16.4340
 16.8200
 17.0880
 17.0900
 17.4980
 18.8600
 19.0160
 19.2560
 21.4700
 21.9640
 23.0440
 25.4580
 25.9780
 26.4060
 28.2840
 28.6960
 28.7040
 29.7980
 31.3100
 31.3800
 31.5740
 31.9760
 32.1560
 32.3880
 32.4900
 32.5060
 32.6120
 32.6140
 32.7920
 33.1660
 33.3320
 33.3400
 33.4140
 33.4660
 35.5380
 35.7980
 35.9380
 36.0140
 36.3500
 36.4340
 36.8880
 36.9000
 36.9720
 37.3240
 38.4540
 39.1180
 39.2200
 42.5980
 44.8120
 49.3140
 49.8400
 51.7860
 51.9040
 51.9880
 52.0940
 52.1700
 52.5940
 52.7280
 52.7700
 52.8900
 53.3740
 53.4440
 54.5400
 56.5320
 56.5880


#Top pat = 5
  2.5980
  4.2560
  4.2940
  4.5320
  6.8320
  6.8620
  7.4340
  8.3040
  8.6740
  8.7800
  9.3260
  9.3960
  9.4960
  9.8840
  9.9060
 10.4660
 10.6180
 10.8460
 10.8980
 10.9660
 11.1300
 12.0460
 12.4340
 12.6920
 12.8260
 13.5740
 13.9000
 14.8100
 15.0020
 15.1760
 15.2140
 15.2540
 15.2720
 16.0760
 16.2340
 16.6300
 16.6540
 16.7180
 16.7740
 16.9440
 17.0600
 17.1580
 17.1700
 17.2980
 17.4660
 17.6540
 18.2620
 19.1460
 19.1980
 19.9280
 19.9660
 20.1500
 20.2980
 20.9480
 21.2860
 21.5560
 21.5780
 23.6080
 23.7940
 23.8060
 23.9360
 24.2200
 24.3540
 24.6100
 24.8100
 24.8600
 24.9720
 25.8700
 26.1040
 26.7600
 26.9880
 27.0000
 27.0460
 27.2680
 28.0420
 28.5520
 28.6260
 30.4700
 31.0540
 33.0840
 42.8760
 44.3880
 45.1100
 45.3120
 47.5500
 47.6200
 47.7420
 47.8420
 47.8520
 48.4660
 48.4880
 48.6420
 52.0740
 52.1860
 55.3860
 55.6480
 56.9620
 57.2700
 61.5060
 62.1800


#Top pat = 6
  0.2760
  1.0480
  2.0640
  3.1660
  4.5740
  8.0200
  9.1140
  9.1920
  9.4420
  9.5900
  9.8020
  9.8220
 10.4180
 11.3180
 11.3180
 12.7160
 12.8320
 12.9880
 14.2160
 14.5040
 14.6900
 15.4300
 15.6860
 15.9960
 16.4960
 16.7120
 16.9540
 17.3000
 17.3000
 17.4600
 17.4760
 17.5720
 17.6340
 18.1100
 18.2180
 18.4940
 18.4960
 18.7320
 18.7480
 19.2720
 19.5780
 19.6100
 21.0560
 22.2200
 22.4000
 22.8120
 22.9780
 23.1780
 23.2240
 23.8860
 23.9700
 24.1500
 24.1700
 24.4100
 24.5780
 24.7140
 26.3440
 26.6160
 26.7100
 26.8340
 27.0060
 27.5720
 28.2120
 28.7680
 29.7540
 29.8300
 32.3740
 34.1000
 39.6160
 43.5020
 44.3800
 44.8900
 44.9600
 44.9940
 45.1340
 45.2100
 45.7580
 46.0620
 46.1900
 48.2320
 48.3260
 48.4020
 48.6660
 48.9820
 49.7440
 49.9620
 50.1340
 50.2800
 51.5260
 53.5880
 54.0180
 54.1340
 54.2300
 54.4200
 54.4300
 56.4840
 57.9500
 58.0280
 58.0420
 58.0700


#Top pat = 7
  2.1760
  5.5980
  6.1000
  6.3860
  7.7680
  7.8260
  8.9540
  9.1920
 10.2580
 10.3120
 10.6900
 10.9400
 11.5420
 12.1300
 12.6980
 12.7040
 12.8720
 12.9420
 13.0080
 13.2240
 13.6340
 13.8740
 14.0280
 14.4740
 14.7200
 14.8220
 14.8420
 15.1380
 15.1780
 15.2140
 15.5260
 15.6180
 15.7820
 15.8280
 16.0000
 16.0220
 16.0260
 16.6380
 16.7760
 16.8420
 17.2460
 17.3040
 17.3780
 18.1980
 19.0820
 19.2460
 19.5220
 19.8080
 20.2120
 20.6180
 20.8260
 20.8640
 21.0840
 21.2840
 21.3340
 21.6640
 21.7300
 21.7520
 22.1460
 22.2940
 22.3780
 22.5280
 22.6400
 22.7560
 23.3440
 24.4760
 24.5180
 26.1540
 26.8320
 27.3480
 29.1840
 43.1820
 44.5960
 45.0160
 45.0600
 45.1460
 46.8680
 47.0020
 49.1840
 49.4780
 49.9280
 50.5560
 51.0540
 51.1640
 51.3100
 51.7880
 51.8040
 52.1320
 52.2800
 52.2980
 52.3620
 52.7180
 53.0820
 54.2860
 55.2600
 55.5340
 59.1800
 59.9660
 60.7140
 67.4720


#Top pat = 8
  2.1980
  2.7880
  3.2720
  3.3880
  3.5580
  4.5320
  5.6440
  6.4920
  6.6820
  6.7340
  7.7960
  8.0800
  8.1740
  8.2380
  8.4760
  8.4900
  9.4700
  9.5660
  9.7220
  9.8880
 10.1000
 10.1080
 10.3100
 10.6300
 10.7600
 10.8920
 10.9280
 12.8380
 13.0040
 13.0300
 13.0860
 13.1260
 14.2180
 14.2200
 14.5580
 15.1460
 15.1580
 15.2600
 15.9880
 16.6060
 17.5040
 17.6440
 17.7120
 17.7160
 17.7840
 18.1080
 18.5480
 18.6940
 18.7020
 19.5240
 19.6420
 19.8820
 20.3620
 20.3960
 21.4020
 21.9040
 22.0060
 22.1840
 22.4660
 23.7300
 25.5020
 25.6700
 26.1060
 26.1980
 26.4000
 26.9360
 28.6320
 29.3040
 30.1540
 32.6000
 32.8780
 33.3160
 33.5540
 33.8400
 34.5340
 34.7160
 35.5480
 35.8820
 36.8540
 37.3280
 38.0920
 38.9820
 39.0860
 39.1500
 40.0320
 40.4900
 40.9140
 43.6020
 46.3700
 46.8980
 47.0420
 49.2140
 52.0840
 58.3120
 59.5380
 60.6180
 61.8900
 69.0460
 70.6600
 79.4800


#Top pat = 9
  1.9620
  2.5560
  3.5680
  4.1080
  4.4460
  4.7040
  5.8580
  6.5800
  6.6240
  6.6900
  8.3480
  8.5420
  8.8880
  9.0320
  9.3500
  9.8700
 10.0920
 10.3860
 10.3940
 10.6520
 10.8780
 10.9720
 11.1620
 11.3820
 11.6140
 11.9240
 12.0120
 12.5300
 12.7940
 12.9120
 13.8060
 13.8980
 14.3040
 14.8100
 15.2840
 15.9980
 16.0760
 18.5740
 19.6020
 19.6940
 20.6020
 21.0020
 21.0200
 21.4620
 21.5580
 21.8800
 22.6280
 22.8260
 23.1680
 23.4040
 24.8240
 25.0900
 25.5940
 25.7920
 26.5980
 27.9400
 29.0960
 29.7140
 30.1340
 30.2240
 30.5320
 30.8820
 30.9940
 31.7000
 31.7280
 32.4840
 33.0400
 33.1180
 33.5200
 34.6680
 35.2400
 36.1300
 37.1540
 37.8360
 38.2680
 39.6300
 39.6960
 39.9700
 40.3060
 40.8900
 43.2260
 45.1960
 47.4160
 47.6220
 47.6860
 49.4040
 49.8800
 50.3060
 50.3720
 51.2080
 51.6280
 57.1640
 57.4800
 57.9600
 58.0720
 59.1040
 65.4980
 65.6640
 66.1100
 66.6520


#Top pat = 10
  0.4700
  1.1040
  2.5960
  3.2640
  3.3700
  4.1100
  4.2060
  4.9740
  5.1480
  5.2440
  5.2960
  5.6160
  6.4260
  7.0500
  7.3140
  7.3580
  8.4640
  8.6960
 10.1760
 10.8320
 10.9620
 10.9860
 11.8080
 11.8400
 12.7420
 13.3420
 13.4500
 13.5060
 14.0400
 14.5800
 14.9320
 15.1900
 15.6560
 15.6940
 15.7760
 17.3240
 17.5920
 17.6840
 18.3720
 18.6160
 18.8800
 18.9240
 18.9400
 19.1960
 19.6400
 22.1420
 22.1880
 22.4340
 24.4980
 24.9700
 25.6040
 25.7180
 26.6380
 29.1160
 29.8300
 29.8460
 30.1060
 30.6200
 30.7960
 30.8360
 30.9880
 31.9220
 31.9580
 32.0980
 33.2840
 34.3500
 34.5360
 35.0340
 35.2280
 35.4180
 36.3680
 36.5600
 37.4000
 37.5280
 37.5520
 37.8960
 38.3140
 39.2620
 39.6200
 40.5440
 40.8780
 41.0800
 41.8580
 42.2960
 42.8540
 43.5400
 44.1400
 46.3420
 46.6320
 47.3500
 52.2800
 56.3720
 57.3340
 58.9120
 59.3520
 59.6760
 61.6440
 62.3780
 66.7960
 75.1840


#Top pat = 11
  0.2620
  3.5060
  7.8280
  7.9560
 10.4940
 10.7040
 12.4140
 13.1040
 14.7560
 14.7620
 15.6120
 16.9660
 18.1600
 18.3740
 20.3040
 20.3640
 21.3800
 21.4800
 21.9120
 21.9580
 22.0320
 22.6620
 22.8120
 22.8120
 23.3380
 23.4680
 23.7940
 23.9020
 24.0620
 24.6160
 24.9640
 25.4460
 25.4900
 26.5460
 27.1280
 27.1780
 27.4020
 27.6880
 27.8500
 28.2100
 28.9620
 29.0240
 29.1420
 29.2960
 30.0720
 30.4440
 31.0820
 31.7580
 32.1820
 32.2620
 32.5520
 32.6860
 32.8020
 33.3140
 33.5700
 33.6240
 34.1140
 34.3880
 34.8680
 35.5540
 35.6860
 36.8220
 36.9560
 37.0920
 37.5300
 37.6360
 37.7000
 38.1860
 38.2880
 38.3500
 38.4460
 38.4520
 38.8640
 39.4200
 39.5900
 40.0060
 40.0220
 40.1420
 40.1540
 41.2820
 41.6160
 41.7200
 41.9720
 42.1220
 42.7000
 43.0720
 43.8060
 43.9680
 44.0340
 44.0480
 44.3100
 44.6220
 44.6760
 44.8440
 47.4180
 47.5580
 48.9140
 52.2260
 52.5600
 62.4020


#Top pat = 12
  0.6580
  1.0360
  1.3620
  1.5640
  1.9440
  2.1880
  2.8340
  2.8540
  3.6560
  3.7820
  4.8180
  7.1920
  8.5460
  9.3360
 10.3600
 10.4420
 13.8500
 15.6180
 16.1080
 16.3020
 16.9700
 17.0800
 17.5400
 17.6480
 18.2620
 18.7700
 19.4620
 20.2880
 20.4800
 20.6020
 20.7680
 21.2440
 21.8240
 21.9580
 21.9980
 22.9180
 23.1640
 23.3320
 23.5020
 23.6780
 23.8160
 23.9600
 25.1380
 25.4920
 25.6360
 25.9360
 26.5760
 26.9360
 28.0020
 28.1600
 28.3960
 29.1760
 29.5660
 29.9780
 30.1140
 31.1320
 31.6640
 32.0580
 32.8480
 33.3580
 33.3720
 33.4020
 34.7980
 35.8040
 37.0740
 37.6460
 38.3540
 38.7640
 39.3740
 39.7560
 40.2600
 40.2840
 40.9680
 41.2040
 41.3100
 41.4200
 42.0540
 42.5140
 43.6920
 43.8100
 44.1640
 45.5720
 46.0060
 46.4500
 47.1660
 48.2440
 48.4880
 50.3220
 50.3360
 51.5900
 53.2300
 53.4320
 54.3500
 54.8980
 57.0040
 57.1720
 58.8380
 59.0120
 59.3220
 61.9940


#Top pat = 13
  0.7660
  1.4080
  1.5880
  4.7460
  4.8080
  5.4100
  5.4180
  6.4380
  6.5640
  6.6140
  6.6860
  6.8320
  7.5040
  8.1940
  8.6660
  9.8920
 10.2480
 10.3340
 10.4820
 10.6820
 11.1900
 11.3380
 11.9860
 12.4940
 12.9680
 13.0980
 13.8180
 13.9220
 14.8020
 14.8040
 14.8600
 15.4200
 15.6420
 16.2300
 16.6740
 16.9320
 18.3840
 18.8840
 19.0300
 19.0700
 19.5180
 19.7540
 20.1440
 20.1700
 22.5280
 22.6620
 23.5760
 23.8080
 24.3900
 25.1740
 26.5160
 26.5440
 26.8720
 26.9020
 26.9400
 27.3980
 28.5520
 28.7500
 28.7740
 29.4080
 29.5340
 29.6080
 29.9980
 30.2380
 32.2440
 32.4620
 32.8220
 33.5300
 34.8860
 35.4840
 35.5120
 35.8320
 38.5600
 38.6420
 39.6060
 39.7680
 41.9660
 43.6780
 44.9620
 45.6460
 45.9860
 46.3860
 46.6740
 46.8420
 46.9440
 47.9160
 48.0640
 48.5880
 50.1500
 50.4700
 51.8500
 51.9120
 52.7180
 54.0900
 55.9040
 57.5780
 57.7020
 59.6280
 65.7120
 67.8440


#Top pat = 14
  0.8680
  1.4020
  1.9100
  2.1680
  3.1840
  3.2120
  4.9200
  5.8480
  5.8560
  7.0120
  7.0200
  7.9140
  8.9960
  9.1020
  9.5540
 11.3800
 11.5840
 11.9320
 12.1060
 12.1680
 12.3640
 12.9520
 13.6240
 14.3860
 14.4420
 14.6040
 14.7560
 14.8040
 14.8360
 14.8900
 14.9040
 15.9040
 16.2680
 16.3580
 17.2460
 17.2940
 18.5220
 18.6220
 20.4060
 20.7280
 20.9780
 21.3000
 21.9220
 21.9220
 22.1900
 22.5720
 22.9940
 23.9360
 23.9760
 24.6080
 25.1440
 25.3600
 27.5040
 27.5240
 28.1400
 28.2780
 29.9300
 30.0160
 30.6860
 31.3340
 31.9500
 32.2640
 32.3180
 32.3420
 32.8240
 33.2220
 34.6300
 34.6640
 35.0020
 35.0560
 35.3860
 35.4380
 35.6820
 36.3720
 36.4300
 36.5740
 38.8440
 39.4340
 39.8260
 40.5080
 41.0580
 41.9780
 41.9840
 42.0740
 42.8340
 42.9000
 43.3460
 43.5000
 44.9120
 44.9140
 46.1080
 47.5160
 48.0440
 49.6100
 54.4580
 56.5820
 58.0280
 66.7180
 69.4160
 71.9840


#Top pat = 15
  0.5560
  0.7120
  4.2300
  5.0080
  7.0060
  7.2340
  7.6780
  8.1220
  8.1480
  8.7200
  9.1720
  9.8420
 10.4760
 10.4800
 11.0900
 11.2380
 11.2380
 12.1380
 12.2200
 12.7820
 13.3020
 13.3940
 13.3940
 13.6340
 13.8700
 14.2000
 14.3740
 14.4260
 14.9680
 15.1400
 15.3700
 15.4080
 15.5620
 15.6740
 15.6780
 15.8720
 15.9280
 16.3620
 17.4060
 17.4660
 18.2700
 18.2720
 18.3760
 18.4120
 18.6980
 18.7460
 18.8180
 18.9020
 19.2040
 20.0660
 21.1040
 21.6860
 21.9240
 22.6620
 22.6880
 23.0820
 23.1200
 23.4100
 23.5200
 23.7960
 24.3980
 25.5440
 26.7560
 26.9180
 30.6000
 30.7960
 30.9740
 33.2100
 39.7340
 43.5220
 45.9600
 47.0780
 48.0100
 48.1860
 48.4640
 48.9640
 49.0120
 49.1100
 50.0800
 51.6720
 51.9180
 52.6200
 53.4800
 55.0500
 56.2820
 56.8140
 57.0560
 57.5960
 57.6480
 57.9920
 58.3340
 59.3980
 59.5780
 60.2100
 62.7560
 63.6820
 64.3900
 68.0720
 71.2740
 72.1840


#Top pat = 16
  0.1920
  0.8500
  2.0560
  2.1760
  3.7400
  4.2180
  5.9220
  5.9700
  6.0500
  6.3600
  7.2980
  7.3620
  7.5400
  8.1840
  8.5500
  8.5900
  8.6000
  8.8100
  8.8880
  9.1540
 10.0660
 10.2620
 10.9740
 11.1720
 11.2260
 11.4360
 11.5980
 13.5420
 13.6040
 14.6680
 15.2840
 15.4000
 15.7080
 15.8100
 16.4640
 19.5640
 19.9400
 20.4780
 20.9480
 20.9960
 21.1500
 21.2260
 21.3720
 22.1160
 23.4340
 23.4360
 24.5260
 24.6980
 25.3860
 25.7860
 26.0960
 26.4000
 27.3760
 27.9120
 28.4440
 28.5360
 29.0380
 29.2300
 30.7280
 30.8640
 31.1360
 32.3660
 32.4040
 32.4940
 32.5640
 33.5780
 33.6260
 33.8320
 34.6520
 35.0540
 35.6960
 35.7380
 35.8720
 35.9640
 36.6440
 37.8040
 38.0420
 38.9220
 39.0400
 39.6520
 40.2260
 41.1620
 43.7260
 45.5760
 46.8700
 49.1420
 49.8740
 50.6280
 51.5940
 52.8780
 53.6780
 53.9840
 56.7720
 57.1260
 57.3180
 57.9880
 59.9520
 63.6460
 66.5220
 70.3400


#Top pat = 17
  0.3560
  0.3820
  0.4280
  1.2480
  2.2720
  2.4620
  3.0380
  4.2220
  4.2700
  4.7140
  4.7300
  5.4740
  7.6600
  7.7300
  7.8280
  8.4560
  8.8480
  8.9920
  9.1940
  9.2500
  9.2500
 10.8760
 11.2900
 12.6140
 13.3320
 13.7520
 13.8500
 14.2100
 14.5800
 14.8100
 15.6440
 16.6020
 17.0740
 17.6440
 18.9020
 18.9040
 18.9280
 19.1460
 19.5920
 19.7300
 20.3140
 20.3960
 21.1600
 21.8520
 21.9020
 21.9420
 22.7460
 24.2320
 24.3240
 24.4940
 24.8200
 27.6580
 28.0300
 28.0820
 28.3760
 28.9500
 29.1980
 29.8900
 30.2240
 31.6860
 31.9280
 32.4940
 33.7000
 33.9380
 33.9760
 35.5580
 37.0280
 37.6540
 38.0680
 38.2040
 38.6940
 38.9780
 39.5240
 39.7500
 40.2820
 40.5240
 40.6980
 41.2220
 42.2520
 42.9400
 43.0900
 43.8620
 43.8840
 44.0440
 44.1200
 44.7280
 48.4080
 49.3980
 50.0380
 50.4800
 50.9300
 51.2440
 51.4660
 52.7660
 53.5840
 54.0560
 56.4680
 64.7200
 65.2880
 82.4600


#Top pat = 18
  0.9080
  1.3760
  2.4000
  3.8140
  4.4520
  4.5040
  4.8980
  5.0480
  5.1060
  5.4020
  5.9160
  6.1840
  6.3960
  7.3580
  7.4100
  8.4580
  8.4660
  9.6120
  9.7060
 11.1100
 11.1360
 11.1640
 11.4080
 11.4600
 12.2440
 13.2140
 14.3500
 15.7100
 16.2620
 16.8820
 17.2560
 17.6080
 19.4340
 19.4360
 19.4780
 19.6880
 19.7800
 20.4540
 20.8640
 21.0260
 21.5860
 21.9780
 22.3460
 22.6920
 24.2080
 24.3860
 24.5900
 24.9160
 24.9780
 26.7100
 26.7140
 27.0660
 27.6060
 27.7080
 28.1440
 28.7080
 28.7180
 28.9420
 29.1080
 29.2360
 31.0680
 31.4880
 31.5740
 31.8700
 32.8760
 32.9420
 33.0980
 33.7520
 33.9060
 34.3920
 34.8680
 35.1260
 35.4460
 36.1460
 36.5140
 36.7780
 36.9260
 37.1720
 37.8280
 38.3700
 38.5740
 39.1560
 41.0960
 41.5180
 42.0360
 43.0000
 43.9640
 44.9060
 45.0660
 46.4980
 46.6760
 47.6120
 48.1240
 49.5080
 49.5180
 52.1780
 55.7720
 55.8500
 60.6340
 66.5740


#Top pat = 19
  0.6920
  0.7800
  1.5980
  1.7620
  3.7640
  4.0500
  5.6980
  6.3460
  6.8120
  6.8420
  7.3460
  7.3540
  7.5540
  9.2960
  9.6420
 11.7840
 12.1400
 12.6000
 12.8700
 12.9820
 13.7080
 14.0480
 14.2740
 14.6740
 14.6920
 15.6760
 16.0700
 16.5660
 17.5080
 18.1540
 18.4440
 18.6700
 18.7640
 19.7420
 20.7640
 21.4440
 22.1100
 22.8280
 23.7520
 24.1360
 26.3600
 26.9240
 26.9900
 27.0040
 27.0040
 27.0320
 27.7760
 28.4700
 28.6880
 29.0360
 29.3060
 30.1620
 30.4400
 30.9120
 31.0320
 31.3080
 31.9640
 32.3160
 32.5460
 32.8200
 32.8500
 33.2520
 33.7740
 36.0540
 36.1300
 36.5780
 37.0340
 38.0880
 38.2780
 40.4900
 40.5900
 40.9300
 41.3780
 41.4000
 41.4540
 41.6780
 42.2340
 42.4400
 44.3620
 44.4320
 44.8680
 45.0380
 45.3520
 45.7440
 46.8480
 48.0620
 48.1740
 51.4540
 52.3060
 52.8400
 53.9360
 54.8340
 55.2260
 55.8380
 58.4600
 60.8000
 61.4060
 64.1240
 73.3280
 80.3240


#Top pat = 20
  0.3740
  0.8340
  2.0620
  2.0820
  2.8120
  4.0520
  5.2220
  5.3100
  5.9480
  6.5720
  9.8300
 10.8860
 12.0640
 13.4200
 13.5380
 13.6280
 13.7420
 14.5280
 15.8540
 15.9460
 16.6780
 17.2020
 17.5120
 17.5360
 17.7700
 20.2260
 20.5800
 22.5760
 22.9160
 23.3820
 23.4180
 23.4180
 23.5660
 23.9480
 24.0440
 24.7640
 24.9340
 25.0900
 25.2520
 25.4600
 26.2260
 26.5120
 26.6240
 26.9000
 27.1020
 27.3720
 27.3760
 27.5060
 27.5260
 27.9940
 28.1740
 29.7580
 29.8160
 30.2300
 31.1100
 31.7560
 32.1480
 33.5540
 34.0340
 34.5380
 34.5660
 35.5860
 36.1660
 36.8540
 37.4880
 37.5140
 37.7940
 38.6260
 39.4360
 39.4480
 39.9800
 40.2160
 40.9180
 41.1740
 41.4760
 43.5920
 43.6480
 43.7320
 44.3880
 44.5000
 44.6200
 44.9520
 47.9400
 50.5040
 50.5900
 50.7420
 52.0300
 52.3340
 52.4740
 54.5080
 54.7000
 56.5100
 56.8100
 57.3960
 57.6500
 58.8000
 60.7740
 61.0020
 65.1760
 68.8520


#Top pat = 21
  0.5180
  2.5280
  3.1760
  3.3620
  3.3920
  3.8320
  4.6660
  4.7020
  5.9500
  6.5940
  6.9100
  8.3820
  8.4280
  9.2280
  9.5560
 10.3380
 10.6080
 11.3280
 12.1200
 12.1580
 12.5160
 12.5540
 13.8160
 14.5500
 15.3320
 15.4140
 16.3080
 17.3180
 17.7440
 17.8160
 17.8540
 18.2560
 18.7340
 19.1000
 19.6400
 20.7280
 21.7200
 22.2440
 22.4400
 23.3640
 23.6620
 23.7920
 24.2720
 25.1640
 25.2680
 25.7600
 25.8940
 26.6780
 26.8100
 27.1620
 27.8500
 28.2140
 29.0700
 29.4080
 29.5940
 29.7200
 30.1140
 30.1180
 30.6400
 31.3320
 31.6480
 31.7660
 31.8240
 33.2200
 33.4160
 33.8200
 35.8320
 35.9020
 36.7280
 36.9880
 37.0800
 37.6480
 37.7260
 38.1620
 40.7740
 40.8740
 41.6500
 42.0560
 42.9300
 43.1740
 43.4220
 45.7100
 45.9960
 47.0540
 47.2120
 47.3960
 47.4880
 47.7600
 47.9640
 48.0500
 48.7300
 50.7740
 51.0760
 53.3760
 55.3840
 56.0380
 56.5580
 57.8740
 59.9060
 72.0520


#Top pat = 22
  0.5080
  1.3440
  2.1820
  2.7400
  3.6460
  5.8020
  6.0420
  6.2820
  6.3920
  6.4360
  6.6980
  6.7460
  6.8160
  6.8620
  7.1360
  8.7440
  8.9660
  9.4860
 10.0360
 11.3120
 12.0980
 12.1140
 12.9280
 13.1300
 13.7260
 14.0680
 14.9680
 15.0620
 15.4660
 15.4860
 15.6460
 16.0980
 16.3580
 16.4880
 16.5360
 17.3640
 17.8440
 17.9860
 18.9800
 19.1620
 19.3640
 19.5820
 19.9900
 20.1980
 21.3380
 21.3720
 21.9080
 22.2560
 22.4240
 22.5360
 23.0260
 23.5040
 24.3580
 24.8080
 25.2000
 27.6900
 27.9800
 28.4640
 29.1860
 29.5360
 29.5900
 30.2180
 31.1580
 31.4840
 31.6840
 31.8720
 32.2220
 32.4000
 32.5780
 32.9320
 33.0800
 33.7960
 33.9280
 34.0580
 34.9980
 35.0240
 35.1300
 36.3740
 36.6500
 37.3340
 38.0680
 40.5720
 41.8660
 42.4180
 46.7880
 47.1480
 48.7400
 50.8000
 51.7780
 54.5460
 55.2740
 56.0260
 56.4580
 61.3820
 62.8400
 63.4940
 63.8000
 65.5140
 67.3780
 73.9340


#Top pat = 23
  1.2300
  1.4620
  2.2380
  4.7520
  5.4500
  5.6020
  6.4840
  6.5720
  6.9600
  7.6920
  8.0720
  8.2980
  9.1640
  9.6400
 10.4200
 11.2220
 11.3880
 11.5720
 12.2340
 12.4140
 12.4740
 13.2240
 13.3860
 14.2360
 14.6540
 15.0820
 15.2940
 15.8980
 16.4440
 16.7020
 18.0960
 18.4200
 19.6840
 20.1720
 21.8260
 21.8300
 22.0940
 22.1140
 22.2400
 22.3920
 22.7580
 23.4900
 23.9220
 24.1960
 26.4040
 26.7660
 27.8120
 28.0240
 28.1060
 28.5420
 28.7860
 29.0360
 29.2680
 29.3280
 29.9760
 30.0660
 30.4920
 31.3220
 31.7140
 32.5800
 32.8000
 33.2280
 33.3940
 33.9080
 33.9540
 34.1460
 35.5340
 35.5740
 35.5740
 36.1940
 36.4840
 37.6140
 40.5240
 41.4680
 42.1580
 42.6840
 42.9800
 44.5780
 44.5840
 44.7980
 45.3320
 45.5840
 45.9140
 46.3420
 46.7340
 47.6240
 47.9340
 48.0960
 50.1880
 51.0800
 51.9620
 52.6960
 53.6580
 54.1300
 58.5400
 60.3300
 67.2240
 71.7220
 77.6040
 78.6960


#Top pat = 24
  4.4400
  5.1420
  5.4040
  6.1700
  6.7300
  7.4920
  7.6140
  7.9160
  7.9320
  8.2560
  8.9840
  9.0160
  9.2440
  9.4160
  9.4680
  9.6340
  9.6780
 11.4940
 12.5800
 12.8840
 13.9000
 14.5500
 14.6100
 14.7020
 15.4460
 16.1140
 16.5520
 17.0200
 17.5580
 17.6040
 18.2360
 18.8520
 19.1700
 19.5060
 19.7320
 19.9140
 20.2440
 21.1260
 21.1420
 21.3060
 22.5840
 22.8800
 23.0640
 23.4400
 23.9880
 24.0060
 24.7840
 25.3080
 25.3120
 25.4080
 25.9660
 26.1260
 27.8160
 28.1160
 28.1800
 28.6540
 29.7340
 29.9020
 30.4020
 31.0680
 31.1380
 31.8460
 31.8600
 32.3600
 32.8480
 33.8240
 36.3880
 36.4760
 37.4940
 37.7860
 38.1880
 38.7280
 38.8820
 39.4260
 39.8040
 40.4260
 41.0880
 41.5680
 41.7760
 44.2280
 45.2520
 45.4420
 45.7980
 46.0920
 46.4960
 47.7540
 49.2200
 49.9200
 50.3960
 51.7960
 52.9960
 54.4500
 55.3580
 57.5020
 58.0140
 59.0160
 59.2020
 60.0860
 66.2540
 71.0080


#Top pat = 25
  0.3720
  0.8320
  2.5980
  2.7800
  3.4480
  3.7660
  3.9560
  4.5560
  6.0060
  6.4580
  8.5000
  8.6980
  8.9380
  9.5860
 10.1080
 10.3940
 10.5200
 12.6800
 13.3560
 14.2640
 14.3860
 14.4480
 14.9440
 15.8780
 16.5660
 17.1000
 17.2060
 17.2240
 19.1380
 19.2920
 19.5360
 19.7600
 20.2600
 20.6140
 20.7420
 20.8560
 21.1120
 21.2880
 21.3860
 21.9700
 22.3960
 23.1020
 23.1940
 23.5140
 23.7240
 23.8200
 25.4880
 26.1240
 26.4620
 27.8760
 28.0020
 29.6900
 29.9840
 31.0020
 31.5260
 32.6480
 33.0200
 33.8420
 34.9640
 35.2480
 36.2640
 36.3400
 36.4780
 36.8880
 37.0140
 37.0460
 37.4340
 37.8240
 38.0720
 38.4960
 38.6260
 39.9080
 40.5200
 41.4200
 41.7720
 41.9100
 42.6600
 42.7640
 43.0280
 44.0840
 44.1440
 44.3200
 44.4360
 45.2140
 47.0180
 47.0900
 47.1140
 47.8400
 49.4940
 49.5780
 50.3880
 50.6000
 52.6240
 52.7840
 55.5940
 55.8460
 59.2960
 59.6960
 63.7080
 70.3520


#Top pat = 26
  1.0580
  1.3440
  2.4260
  2.8920
  3.0420
  3.5220
  4.3940
  5.0460
  6.7620
  6.8060
  6.9220
  7.8980
  8.5680
  9.0560
 10.3400
 11.2440
 12.2120
 13.1140
 13.4320
 13.6200
 13.7440
 15.8640
 16.0640
 16.1000
 16.2100
 16.3980
 17.7800
 18.1660
 18.8500
 19.0820
 19.3200
 19.5820
 20.5720
 21.6420
 22.5860
 22.6980
 23.0360
 23.4480
 23.8200
 24.4360
 24.8320
 25.0400
 25.1020
 25.3240
 26.5940
 27.0960
 27.2500
 27.3680
 27.6560
 27.6580
 28.0620
 28.2920
 28.4640
 28.5520
 29.8300
 30.1400
 30.1880
 30.2440
 31.4800
 31.5100
 31.9140
 31.9700
 33.3520
 33.4040
 34.0620
 37.4520
 37.6140
 38.1340
 39.0760
 39.9960
 40.4040
 40.7240
 41.4180
 41.7340
 41.7620
 42.1800
 42.2060
 42.8620
 43.1220
 43.3740
 44.0180
 44.8940
 47.3880
 47.5660
 49.2940
 49.4880
 50.2840
 51.1740
 52.1400
 56.2680
 56.5300
 56.6960
 58.6360
 60.2880
 62.3540
 62.9420
 63.4760
 63.7620
 65.9180
 85.2380


#Top pat = 27
  0.6960
  0.8340
  1.5120
  2.7720
  3.6420
  3.9840
  4.8560
  4.8760
  5.2820
  5.5320
  5.9800
  6.2460
  6.4840
  7.5580
  8.4340
  8.5940
  8.8940
  9.2500
 10.4140
 10.8300
 10.9620
 11.3180
 12.6520
 13.5400
 13.7000
 13.8820
 14.7100
 15.9020
 16.3160
 16.8560
 17.1740
 17.3200
 18.2780
 18.5140
 18.5740
 18.9440
 19.0400
 19.2540
 19.3900
 20.1980
 20.2640
 20.2820
 20.2960
 21.7300
 22.0080
 22.4500
 22.5700
 23.0240
 23.9580
 24.3220
 24.4780
 25.1700
 25.7320
 25.8000
 25.9440
 26.1040
 29.2880
 30.1520
 30.2060
 30.2980
 30.5020
 31.2220
 31.4520
 31.6580
 31.8320
 32.6140
 33.6020
 33.7600
 34.2780
 37.2920
 38.2660
 40.4780
 40.6320
 40.9420
 40.9740
 43.6380
 44.4700
 45.3620
 46.0300
 46.1960
 46.3180
 47.5140
 47.5500
 48.5760
 49.7060
 50.8120
 51.4140
 52.0500
 52.4360
 53.6040
 53.7980
 54.4000
 55.3040
 57.8360
 59.3060
 59.8100
 62.0980
 69.4920
 80.0320
 80.0660


#Top pat = 28
  0.3600
  2.9520
  3.3320
  3.5640
  3.8000
  3.9000
  4.6540
  4.9240
  5.0340
  5.1640
  5.2100
  6.2520
  6.4300
  7.1800
  7.6800
  7.9820
  8.7960
  9.0020
  9.1920
 11.9180
 11.9520
 12.0180
 12.4140
 12.9480
 13.4700
 13.9820
 15.3440
 15.6920
 16.4120
 16.4360
 17.2600
 17.7220
 18.1000
 18.1940
 18.2740
 18.9720
 19.3720
 19.5880
 20.9760
 20.9860
 21.0200
 21.2760
 21.6440
 22.8280
 23.0140
 23.0820
 23.2700
 23.6720
 24.8160
 25.2960
 26.6980
 27.7920
 28.1440
 28.6060
 29.7280
 30.3620
 30.3960
 30.9760
 31.2360
 32.2860
 32.6860
 33.0800
 33.3880
 33.6440
 34.0960
 34.5320
 34.6920
 34.9980
 35.2820
 35.6400
 36.0040
 36.1320
 36.1540
 36.8220
 36.9960
 39.5420
 39.7280
 40.0880
 40.6460
 40.6560
 42.2420
 42.5460
 42.5580
 43.5780
 44.0760
 46.0640
 46.8120
 49.5800
 49.6940
 49.8020
 50.1260
 50.8220
 52.5740
 53.5560
 54.0860
 56.9040
 58.6660
 61.8820
 62.5320
 65.1500


#Top pat = 29
  0.2180
  0.6220
  2.9480
  4.3180
  4.6680
  4.7940
  4.8260
  4.9960
  5.0120
  7.2960
  7.4900
  8.1260
  8.6560
  9.0120
  9.1480
  9.1980
  9.3640
  9.6100
 10.2620
 10.5780
 10.6140
 11.2600
 12.1000
 12.5740
 12.7600
 13.3080
 13.9880
 14.6100
 14.9020
 16.2020
 16.4460
 16.6920
 16.7380
 16.8500
 17.2340
 17.3000
 17.6920
 17.9960
 18.5760
 19.9320
 20.0140
 21.9040
 22.9840
 23.1160
 23.2340
 23.8260
 24.4320
 25.8760
 26.0220
 26.1020
 26.2280
 26.5520
 26.8640
 26.8700
 26.9020
 27.4920
 28.6300
 28.9260
 29.3060
 29.6600
 30.6040
 31.9320
 32.0260
 33.2600
 34.2320
 34.6940
 35.2860
 35.7960
 35.8940
 36.3060
 37.5760
 38.8180
 39.4920
 39.9700
 41.5880
 41.6740
 41.9320
 42.6860
 43.1940
 43.2040
 47.1000
 49.7800
 51.1040
 51.9720
 52.0280
 52.6980
 52.9260
 53.2600
 53.7100
 54.6720
 55.7000
 57.7140
 58.0940
 59.2020
 59.4480
 59.7560
 61.3960
 62.1260
 64.9080
 77.8300


#Top pat = 30
  3.7240
  4.0480
  4.4360
  4.6680
  4.7660
  5.8820
  6.1680
  6.2360
  6.3940
  7.2340
  7.3440
  7.7460
  8.6140
 10.0160
 10.3000
 10.5220
 11.2240
 11.4440
 11.5220
 13.0120
 13.9460
 14.6440
 14.8880
 15.4740
 17.1800
 18.1220
 18.2740
 18.9580
 19.0080
 19.4140
 21.0720
 22.0420
 22.1420
 23.2740
 23.4540
 23.6200
 23.8940
 24.7180
 24.7740
 25.5440
 26.4860
 26.4960
 26.7340
 26.7380
 26.8820
 27.0820
 27.1400
 27.3040
 27.6980
 28.6680
 29.0040
 29.1540
 30.0180
 30.2360
 30.7060
 31.4860
 31.6780
 31.7020
 31.8620
 32.0180
 34.2660
 35.9260
 36.6060
 36.6720
 36.6760
 37.7820
 37.9760
 39.0720
 39.3140
 40.0460
 40.3660
 41.1740
 43.0820
 44.6220
 45.4260
 45.6260
 45.6580
 48.7620
 49.4200
 49.4620
 51.7580
 52.4360
 52.9720
 53.2340
 53.8640
 55.4520
 55.7540
 56.1700
 57.2420
 57.6080
 57.8440
 58.5420
 59.1980
 59.6420
 59.9800
 60.6640
 60.8200
 63.5120
 66.3000
 75.8240


#Top pat = 31
  1.4520
  2.0580
  2.2780
  4.3600
  4.5680
  4.6060
  5.2580
  6.9300
  8.4420
  9.0980
  9.7780
 10.1640
 10.3420
 10.7900
 11.6700
 12.5180
 12.8060
 13.0140
 13.0540
 14.5020
 15.0320
 15.3060
 15.7300
 15.9560
 16.4680
 16.8940
 17.4980
 17.5920
 17.7040
 18.0840
 19.0140
 19.0840
 19.3120
 19.6600
 19.8440
 20.6680
 21.0320
 21.0840
 21.1140
 21.4000
 22.1440
 22.6420
 22.8220
 23.1360
 24.0540
 24.2900
 24.4960
 24.6540
 24.7300
 25.0300
 25.6200
 26.1880
 26.8740
 26.8880
 27.9320
 28.7760
 28.8560
 29.1500
 29.3920
 30.5600
 30.5620
 31.5080
 32.6000
 32.8140
 33.2320
 34.0240
 34.0760
 34.1420
 34.3660
 34.4360
 35.7560
 35.8620
 37.0280
 37.2000
 37.5220
 40.3640
 41.3640
 41.9540
 42.1020
 42.3740
 42.5960
 42.9380
 43.2280
 43.4740
 44.3200
 47.3280
 48.5960
 50.4620
 50.5040
 50.6860
 51.2680
 51.7940
 54.1140
 54.7900
 55.3020
 55.8020
 59.0800
 59.9660
 61.9900
 90.7060


#Top pat = 32
  1.2560
  1.4020
  2.0980
  3.1740
  3.7440
  4.3260
  5.8520
  5.8860
  6.5860
  7.1280
  8.2520
  8.3580
  8.5820
  9.0520
  9.4160
  9.4600
  9.4840
  9.8800
 10.0080
 10.5780
 10.9120
 11.3340
 11.6660
 12.1000
 12.1840
 12.6400
 13.0580
 13.8820
 15.1620
 15.8440
 15.8660
 16.7860
 17.4140
 17.6760
 17.8620
 17.8920
 18.1260
 18.6860
 19.0100
 19.1560
 19.3780
 19.4820
 20.9460
 22.6700
 23.4820
 25.0340
 25.5320
 25.9580
 26.4820
 27.1120
 28.2520
 28.4620
 28.4760
 29.4840
 29.7360
 30.3400
 31.4120
 31.4920
 32.3500
 33.4120
 33.4900
 33.5400
 33.8040
 34.1140
 34.7820
 34.8460
 34.9460
 37.2740
 37.2940
 37.6780
 37.7620
 37.8440
 38.7400
 39.1580
 40.1500
 41.1880
 42.7220
 43.5300
 44.9080
 45.5780
 46.3060
 47.3960
 47.4840
 49.3440
 49.3860
 49.9620
 50.5840
 50.7980
 51.4720
 51.7920
 52.5580
 54.1380
 56.5740
 61.0920
 61.6120
 61.6540
 63.0720
 65.0760
 71.7960
 72.2220


#Top pat = 33
  0.2060
  1.5040
  2.4360
  3.8680
  3.9520
  4.1440
  4.4780
  4.9880
  5.0300
  5.1180
  5.2480
  5.6220
  5.8480
  6.5320
  6.5880
  6.7080
  7.5900
  7.9200
  9.4800
  9.5280
  9.8440
  9.9680
 10.0600
 11.4320
 11.5040
 12.7920
 12.8780
 13.3940
 14.5200
 14.9380
 15.5620
 15.6280
 16.4560
 16.9740
 17.0240
 17.3140
 18.2100
 18.7160
 18.8600
 18.9020
 19.4880
 19.7420
 19.7540
 19.7560
 20.6260
 20.8800
 20.9680
 21.4660
 21.7580
 22.2120
 23.6500
 23.7480
 24.2380
 25.1280
 25.2860
 25.4660
 25.7940
 26.1440
 26.7860
 27.2060
 27.3440
 28.4740
 29.0120
 29.0180
 29.4460
 30.4940
 31.2560
 31.6340
 31.6660
 32.1360
 32.8320
 32.9540
 33.0640
 33.7400
 34.1580
 34.7400
 34.9540
 36.0200
 36.7140
 36.9560
 37.0540
 37.6400
 40.0640
 40.2840
 40.3180
 41.3840
 43.9920
 44.0600
 44.4840
 44.6460
 44.9560
 46.6880
 50.1460
 50.5840
 54.0800
 56.2940
 66.3900
 66.6680
 69.6480
 75.6120


#Top pat = 34
  1.3180
  2.4500
  2.9360
  3.1340
  4.6540
  4.9380
  5.4540
  6.0120
  6.1940
  7.9600
  8.7360
  9.0000
  9.8980
 10.9600
 11.5360
 11.7120
 11.9600
 12.6420
 12.8460
 13.2000
 13.2380
 13.4700
 13.7180
 13.8460
 15.4000
 15.5160
 15.8300
 15.8860
 15.9860
 16.0800
 18.9480
 19.6200
 19.8740
 19.8780
 21.1720
 21.7240
 21.7740
 21.8860
 21.9020
 23.3580
 23.8520
 24.5460
 25.0660
 25.0980
 25.1380
 25.2500
 25.3880
 25.5240
 25.6520
 25.6740
 27.9960
 28.0380
 28.1740
 30.3340
 30.3560
 30.7920
 30.9120
 30.9400
 31.1160
 31.8920
 31.9560
 32.9840
 33.1640
 34.5260
 36.6240
 36.9320
 37.0380
 37.3840
 39.4820
 39.6200
 40.0680
 40.5340
 40.5640
 41.4320
 44.1040
 44.2360
 44.4600
 44.7020
 45.0560
 45.3500
 45.7700
 46.4840
 46.5500
 47.4420
 49.8100
 51.0220
 51.1680
 52.3960
 52.9560
 54.1440
 54.2500
 56.7460
 57.0440
 62.5800
 63.5400
 64.1000
 65.2040
 68.1400
 72.2040
 78.1760


#Top pat = 35
  0.0240
  1.0160
  1.1060
  1.3500
  1.8040
  3.5680
  4.9580
  5.2060
  6.2360
  8.4520
  9.3840
  9.5840
  9.5880
 10.6420
 11.0340
 11.0380
 11.6380
 12.5740
 12.6700
 12.6820
 12.7580
 12.9980
 14.1440
 15.1900
 15.3600
 15.5000
 15.8680
 16.5320
 17.5320
 17.8260
 17.8960
 18.6120
 19.1900
 21.2100
 21.2300
 22.3420
 22.8380
 22.9020
 23.3340
 23.6980
 24.7220
 25.6880
 26.0260
 26.2800
 26.3900
 26.8520
 27.0660
 27.1200
 27.2520
 27.3000
 27.3040
 28.8600
 29.1340
 29.6580
 29.6960
 30.1720
 30.3640
 30.6960
 30.9780
 32.9480
 33.4140
 33.9680
 34.0720
 34.1460
 34.1580
 34.3900
 34.9280
 36.1200
 36.3180
 37.3000
 37.8080
 38.2200
 38.6340
 40.9620
 41.2440
 41.3880
 42.0760
 44.7440
 44.7700
 45.2800
 46.2220
 46.7660
 46.8940
 47.2420
 47.3100
 48.3320
 48.8700
 52.3620
 55.0140
 55.5780
 55.6980
 60.4160
 60.5760
 62.5340
 66.9700
 67.4840
 67.5700
 67.8920
 70.2440
 72.6640


#Top pat = 36
  0.2680
  2.9500
  3.6140
  3.7020
  4.2120
  6.1480
  7.7940
  7.8660
  7.9760
  8.1060
  8.9600
  9.3540
 10.4680
 10.6820
 10.7320
 11.0080
 11.2860
 12.3340
 13.0320
 13.5260
 13.6340
 13.8240
 13.8720
 14.1760
 15.0340
 15.1560
 15.1740
 15.1760
 15.1980
 15.3220
 15.3720
 15.9180
 15.9640
 16.0360
 16.2200
 17.9220
 18.4780
 18.7120
 20.1520
 20.4160
 21.2160
 21.3880
 22.5600
 23.1400
 23.7460
 23.7720
 23.9240
 23.9680
 25.0700
 27.3440
 28.3080
 29.3680
 29.9860
 31.1900
 31.1980
 31.4900
 31.7020
 31.8060
 31.8460
 33.1300
 34.8860
 35.1740
 35.3840
 36.1860
 37.2920
 37.3200
 37.5560
 37.7680
 38.1400
 38.3980
 38.5000
 39.2600
 39.9160
 40.6640
 41.0640
 41.6000
 41.7220
 42.1440
 42.9120
 44.6740
 44.7960
 44.8680
 45.2760
 48.7040
 49.3640
 50.2060
 51.6740
 52.4860
 54.0940
 54.4400
 56.6960
 58.7220
 59.5920
 60.9900
 67.6720
 69.2260
 73.0720
 76.1660
 76.7460
 83.3840


#Top pat = 37
  0.3660
  1.1200
  3.6640
  3.8660
  4.2460
  5.9160
  6.6620
  7.0500
  8.6640
 10.0360
 10.7340
 11.4040
 11.7960
 12.2900
 13.0200
 14.5700
 14.6560
 14.8380
 15.6520
 16.9940
 17.3940
 17.5000
 18.0800
 18.1640
 18.6260
 18.6640
 18.8100
 18.9520
 19.0600
 19.4080
 19.5320
 20.3280
 20.9080
 20.9560
 20.9720
 22.6720
 22.7280
 22.9200
 23.0760
 23.0840
 23.1600
 24.4960
 24.8240
 25.4040
 25.5080
 25.5340
 26.5000
 27.4160
 27.5300
 27.9580
 28.0060
 28.1400
 28.4100
 28.4680
 28.5660
 28.6280
 28.6940
 28.9260
 29.1140
 29.4640
 30.2560
 30.5200
 30.5740
 30.8640
 31.9900
 33.2820
 33.3160
 33.7700
 34.0000
 35.1080
 36.1160
 36.3800
 36.4340
 36.9660
 38.2520
 38.7720
 41.2500
 41.2820
 42.0420
 43.4040
 44.0540
 44.4000
 46.7780
 47.3420
 47.8440
 48.1960
 48.3980
 48.6400
 49.1440
 50.6040
 50.7060
 51.4600
 51.9800
 52.5860
 52.9480
 56.1580
 57.2660
 57.6060
 59.1860
 66.2560


#Top pat = 38
  0.3180
  1.0840
  1.2980
  1.7120
  2.1940
  2.3120
  3.5460
  3.5620
  5.5700
  7.2940
  7.2980
  7.7060
  7.7180
  8.3540
  8.4840
  8.7120
  8.7900
  9.0920
  9.2020
  9.4240
 10.0900
 11.3040
 11.3840
 12.1620
 13.3660
 13.7340
 13.7840
 14.4580
 14.7200
 14.8200
 15.0520
 15.3420
 16.2600
 16.6440
 16.7960
 16.9100
 16.9220
 17.6000
 19.0860
 19.2300
 21.3240
 21.3420
 21.5880
 22.3420
 22.6760
 22.7640
 25.7700
 26.1620
 26.2920
 26.5840
 26.8240
 26.9160
 28.0980
 28.9060
 29.1740
 29.2540
 29.8020
 29.9160
 29.9720
 30.8460
 30.9760
 31.9560
 32.3500
 32.8740
 34.3000
 34.7520
 34.8040
 35.7180
 35.9940
 36.9140
 37.8180
 37.9480
 39.0920
 39.1100
 40.1080
 41.7400
 43.0420
 43.8660
 44.9380
 45.0440
 45.2480
 47.8740
 47.9600
 48.4940
 48.7360
 49.3420
 50.3420
 52.5700
 53.1380
 55.0580
 55.5560
 57.5760
 60.0900
 61.2180
 61.7960
 61.8700
 64.3400
 67.1380
 68.0220
 84.9660


#Top pat = 39
  2.4060
  2.4680
  3.3140
  4.3440
  4.6120
  7.7860
  8.3900
  8.8500
  9.4860
  9.5580
  9.9720
 10.0860
 10.2160
 10.5200
 10.5560
 12.0040
 12.0220
 12.4380
 12.5520
 12.9960
 13.8480
 15.8480
 15.9520
 17.0700
 17.2900
 17.4460
 18.1520
 18.4360
 19.7060
 21.0040
 21.0680
 21.2160
 21.3960
 21.5220
 22.6780
 23.1380
 23.8860
 23.9520
 24.6440
 25.0740
 25.1360
 25.3780
 25.5420
 26.2380
 26.4080
 26.5540
 26.6320
 26.9860
 27.2420
 27.3620
 27.5240
 28.9000
 29.3960
 29.4420
 29.9760
 32.2860
 33.2240
 33.3480
 33.4800
 33.5000
 33.8740
 34.0680
 34.1700
 34.8420
 35.5780
 35.7520
 35.8420
 36.6080
 38.3720
 38.7680
 39.5360
 41.1660
 41.2160
 42.4920
 43.7480
 44.6520
 44.8860
 45.4660
 46.2280
 46.6020
 46.9620
 48.1320
 48.1400
 49.0940
 49.3180
 50.6700
 50.7380
 51.1740
 51.1920
 52.2140
 53.1840
 54.3940
 54.9760
 56.4060
 57.3040
 59.3240
 59.5060
 59.8160
 60.3960
 62.6180


#Top pat = 40
  0.5500
  5.7100
  5.8100
  6.7380
  6.8340
  6.9960
  7.1060
  8.0140
  8.6260
  9.8860
  9.9300
 10.6700
 10.8460
 12.1160
 12.2760
 12.7840
 13.2900
 13.3740
 15.4300
 16.5240
 17.0560
 17.2960
 17.7260
 17.7360
 18.4860
 18.5760
 18.9540
 20.4120
 20.8520
 21.1660
 21.5460
 21.7480
 22.0860
 23.0540
 25.4740
 25.8200
 26.0960
 26.2060
 26.6920
 26.7880
 27.2000
 27.4600
 27.6820
 28.1460
 28.2220
 28.2560
 29.6440
 31.2220
 31.3100
 32.5720
 32.6300
 33.3400
 33.3860
 34.4860
 34.7260
 35.3020
 35.5480
 36.2920
 36.4540
 36.5380
 36.6400
 36.7960
 36.8340
 37.3380
 37.4260
 38.5180
 39.5300
 39.6820
 39.9900
 40.0180
 40.1160
 40.2440
 42.0840
 42.3500
 43.2260
 43.5900
 44.8120
 45.1720
 45.2620
 45.7800
 46.6220
 47.1460
 47.2020
 47.4400
 47.7660
 50.4720
 50.4800
 52.3020
 52.5880
 54.8000
 54.8620
 55.1220
 55.7400
 58.8500
 58.9740
 59.1500
 62.0980
 62.6280
 62.9440
 77.6940


#Top pat = 41
  0.2420
  0.2640
  0.9320
  1.8060
  3.6100
  3.7980
  5.0060
  6.2020
  7.1000
  7.5380
  8.6620
  9.3800
  9.5140
 10.5740
 11.0640
 11.4380
 11.5520
 11.5900
 11.8280
 11.9180
 13.1040
 13.2680
 13.8960
 14.7900
 15.7520
 16.1480
 16.6780
 17.1420
 17.6040
 18.1180
 18.7960
 19.0240
 20.0960
 20.2200
 21.9400
 22.2100
 22.8760
 23.8440
 23.9800
 24.5040
 24.6200
 24.7360
 24.9740
 25.6420
 25.7840
 26.0600
 26.4000
 26.8960
 27.0620
 27.3660
 27.7140
 27.9160
 28.2880
 28.5420
 29.2160
 29.2720
 30.7840
 30.8140
 31.1880
 31.4440
 31.7400
 31.9520
 32.1260
 32.9260
 33.8020
 33.9500
 34.5800
 34.7680
 35.4060
 35.6800
 35.7280
 35.7780
 37.2140
 37.7440
 37.7540
 38.1240
 38.6640
 39.7280
 39.9420
 40.0640
 41.0520
 43.2500
 44.0280
 45.6620
 49.3840
 49.7440
 49.8240
 50.0440
 50.9800
 51.5380
 57.6040
 58.7620
 59.7400
 63.3020
 63.7500
 64.1260
 66.3080
 66.9280
 67.3020
 97.3460


#Top pat = 42
  0.3360
  0.8080
  2.4200
  2.5080
  4.0840
  4.2380
  4.6540
  5.7660
  6.4580
  8.5200
  9.1600
  9.9500
  9.9760
 10.3740
 10.3760
 11.6760
 11.9840
 13.2420
 13.5120
 13.6340
 15.9300
 16.6900
 17.1500
 18.3520
 18.5940
 19.1100
 19.3580
 19.4080
 19.4180
 19.9940
 19.9980
 20.3120
 20.4020
 20.9760
 21.2400
 21.4340
 22.3920
 22.6040
 22.8100
 22.9060
 22.9380
 23.5620
 23.5700
 24.8640
 25.5960
 26.5180
 27.1580
 27.2300
 27.7360
 28.2380
 28.2580
 29.0520
 29.7820
 29.8040
 29.9000
 29.9260
 30.3920
 30.8520
 30.8900
 30.9680
 31.1820
 31.9260
 32.2320
 33.4820
 34.0400
 35.7580
 37.1800
 37.6640
 38.0640
 38.5280
 38.7140
 38.8880
 39.5320
 39.6360
 40.0860
 40.1020
 40.2280
 40.3900
 40.9280
 41.3960
 42.2880
 42.5500
 42.6280
 43.0460
 43.0980
 44.0080
 44.8540
 45.0260
 47.9180
 49.2800
 51.0020
 54.0580
 54.0820
 58.6760
 62.7320
 64.6060
 65.2740
 71.8700
 87.1360
 91.4800


#Top pat = 43
  0.1800
  0.8440
  4.2560
  5.1800
  6.0360
  6.3000
  6.4620
  6.5080
  6.8140
  7.0460
  7.0540
 10.3180
 10.4560
 10.9480
 11.6880
 12.1540
 12.6520
 12.7880
 12.8520
 13.1640
 13.6660
 13.8460
 15.0540
 15.1860
 15.3640
 16.0680
 16.2420
 16.5620
 16.5700
 16.5740
 17.6620
 17.7980
 19.3720
 19.9700
 20.2640
 20.2660
 21.2540
 21.8660
 22.9100
 24.0760
 24.8760
 25.2320
 25.3600
 25.4780
 25.9300
 26.4500
 26.4920
 27.0740
 27.9120
 28.2100
 28.8560
 29.1720
 30.0020
 30.6600
 31.5680
 31.5780
 32.0260
 32.2660
 32.3380
 32.3900
 33.7540
 34.2720
 34.8200
 35.4840
 38.5420
 39.2080
 39.2800
 39.9460
 40.2440
 40.2980
 41.0020
 41.2060
 41.6640
 42.1920
 42.7440
 43.0900
 43.5140
 43.6840
 43.9420
 44.9000
 45.0640
 45.5700
 45.7840
 46.1820
 47.1180
 49.5720
 50.0180
 50.6720
 51.2900
 52.3520
 58.6040
 61.0420
 61.4140
 63.3640
 67.9100
 69.2260
 75.3660
 76.3240
 76.6660
 79.0400


#Top pat = 44
  2.8340
  4.5020
  4.6440
  5.2780
  5.8580
  7.1460
  7.6160
  8.1080
  8.4700
  9.0260
  9.6420
 10.2880
 10.7660
 11.7120
 12.2800
 13.7860
 14.0920
 14.5060
 14.7640
 14.8560
 14.9260
 15.0820
 16.8620
 17.3140
 17.6740
 18.1980
 18.6420
 18.8780
 20.2560
 20.3160
 20.4320
 20.8740
 21.2180
 21.9760
 22.9660
 23.8380
 23.8420
 24.1760
 24.9980
 25.1640
 25.2640
 25.2700
 25.3400
 25.8760
 26.6500
 26.7400
 26.9940
 27.0360
 27.3660
 27.6180
 28.8800
 29.4160
 29.4680
 29.5060
 29.7700
 29.9920
 30.1360
 30.8240
 31.8420
 32.7220
 32.7600
 33.8880
 34.2000
 34.6160
 35.7560
 36.2820
 36.7640
 37.2540
 37.2680
 38.6080
 39.0380
 39.3520
 39.9160
 40.7760
 40.9360
 41.0400
 41.9300
 42.1500
 42.5840
 43.9180
 44.5600
 47.4460
 49.8000
 50.0120
 51.4880
 52.3440
 52.4580
 54.3800
 54.6240
 57.0720
 59.4160
 59.6840
 59.6980
 60.9560
 63.2780
 64.0860
 64.1040
 69.9720
 70.4800
 74.0740


#Top pat = 45
  2.5240
  3.0220
  3.8960
  4.3980
  4.8340
  5.5860
  5.8260
  6.5640
  6.5900
  6.6060
  6.7140
  7.1140
  7.6280
  8.8000
  9.0880
  9.3340
  9.5420
 10.2480
 10.4880
 10.4920
 12.0040
 12.6940
 12.9720
 13.3460
 13.6780
 14.1000
 16.3600
 16.5180
 16.7280
 16.8320
 17.2840
 17.3820
 17.5680
 18.0180
 18.4360
 18.6220
 19.1380
 20.4840
 21.3400
 21.4020
 22.9620
 23.4000
 23.7260
 23.8020
 25.0580
 27.4440
 27.4880
 28.3340
 28.4720
 29.1080
 29.5900
 30.0860
 30.5440
 31.0040
 31.1080
 31.4360
 31.8860
 32.3340
 32.6500
 32.7520
 33.1120
 33.4700
 34.0620
 34.0860
 34.8100
 35.0480
 35.1140
 35.7800
 36.3400
 36.4780
 38.3020
 38.7100
 38.7580
 38.9680
 39.0380
 39.7680
 41.2060
 42.5480
 43.1360
 43.2480
 43.4660
 43.8320
 44.1940
 45.0060
 46.6580
 46.8980
 47.3640
 49.7880
 52.9580
 53.7660
 55.2020
 56.0600
 56.8880
 57.1160
 57.7340
 59.1880
 60.7660
 66.4260
 68.5740
 77.6700


#Top pat = 46
  0.7060
  1.8720
  1.9980
  2.5280
  2.5920
  2.7760
  4.1500
  4.2300
  5.0360
  5.4960
  6.1820
  6.2680
  6.7060
  6.9140
  9.2720
  9.7060
  9.8440
 13.9080
 14.5220
 15.1000
 15.1240
 16.3020
 16.6840
 17.1200
 17.4900
 17.9920
 17.9960
 18.0000
 18.1080
 18.5060
 18.8100
 18.9880
 19.7140
 20.7240
 21.6060
 21.8760
 21.9880
 22.0100
 22.0800
 22.7800
 23.0020
 23.1680
 24.3420
 24.9660
 25.2220
 25.2900
 26.2020
 26.6720
 26.7260
 27.1440
 27.7600
 28.0160
 29.8860
 30.1400
 31.0900
 31.6320
 32.2020
 32.8320
 32.8720
 33.0700
 33.2360
 33.5040
 34.0100
 34.0340
 35.0380
 36.2700
 36.3080
 38.0620
 38.6440
 39.6760
 40.1620
 40.2580
 40.6280
 41.3960
 41.4940
 41.7660
 41.8700
 42.4000
 42.6400
 45.5120
 46.6260
 46.7520
 47.5960
 48.3480
 48.9220
 49.1300
 50.2060
 50.2680
 53.1260
 55.7560
 57.2520
 59.6460
 60.3860
 61.6540
 62.3700
 64.9440
 68.1340
 73.2540
 73.3840
 86.0120


#Top pat = 47
  0.0700
  0.4500
  0.8000
  1.4400
  2.7600
  3.3200
  3.4340
  3.9600
  4.2680
  5.2240
  5.6240
  5.8200
  7.2060
  7.3520
  7.3560
  7.3940
  8.2220
  8.3900
  9.5800
  9.6960
 11.4180
 11.6300
 11.8480
 12.2280
 12.2320
 12.7180
 14.5060
 15.9980
 16.5100
 16.9280
 17.0120
 17.5520
 18.1060
 18.5380
 18.9060
 19.1260
 20.2580
 20.8820
 21.0980
 21.1920
 21.2480
 21.6620
 21.8300
 22.3800
 23.3000
 23.3880
 24.0820
 24.7860
 24.9820
 25.4780
 26.7940
 27.3620
 28.2240
 28.7100
 29.5520
 30.2620
 31.0720
 31.4100
 32.1340
 32.9860
 33.5380
 34.2800
 35.3180
 35.6820
 35.8200
 36.4700
 37.7520
 38.4380
 38.8920
 39.6440
 40.9120
 41.0000
 42.5120
 43.4560
 44.5180
 44.6880
 45.0000
 46.4360
 46.5000
 46.8420
 47.2120
 48.8820
 50.5660
 50.7840
 51.6380
 53.4440
 54.8780
 55.0600
 55.9260
 55.9540
 56.0500
 57.3980
 57.4000
 57.6160
 57.8580
 58.2180
 63.0480
 63.5560
 80.5800
 96.1360


#Top pat = 48
  0.0280
  1.3600
  1.6920
  3.3380
  3.9520
  4.4940
  5.3480
  5.3740
  5.3980
  6.3940
  6.8920
  7.7900
  7.9020
  9.9160
 11.2860
 11.6420
 12.3860
 12.4320
 12.5900
 12.7800
 13.2160
 13.7100
 14.2620
 14.7720
 14.9280
 15.0300
 15.5140
 16.6880
 17.1260
 17.1260
 19.1200
 19.2340
 19.6900
 19.8780
 20.7440
 20.8500
 20.9080
 21.2540
 21.3520
 21.3640
 21.5960
 22.2960
 22.3480
 23.4740
 23.9000
 24.9880
 25.2780
 25.6960
 26.8620
 27.0180
 27.3880
 27.5260
 27.9460
 28.2660
 28.6780
 28.7520
 29.3620
 30.5600
 31.4920
 31.9760
 31.9800
 32.2640
 32.5160
 33.3920
 33.7140
 33.9280
 34.4600
 35.6620
 36.3180
 36.8200
 36.9480
 40.1560
 40.3220
 40.7840
 41.5100
 42.5540
 42.8220
 44.1220
 44.1440
 44.3480
 44.7560
 44.9400
 47.9180
 48.9260
 51.3960
 51.4980
 51.6160
 54.2880
 54.9780
 56.2580
 56.5780
 56.8620
 59.0980
 61.5880
 62.1560
 62.4880
 65.1100
 84.2160
 86.0600
 95.4840


#Top pat = 49
  0.0260
  3.4380
  3.8020
  4.1280
  4.6460
  5.3920
  6.7940
  7.7060
  7.9400
  7.9800
  8.1620
  8.4200
  9.3680
  9.4700
  9.6760
  9.9060
 10.1600
 10.2220
 10.3460
 11.0040
 11.0880
 11.2280
 11.5940
 11.8920
 12.5640
 13.0080
 13.2400
 14.1860
 15.0560
 15.1640
 15.9040
 16.6220
 16.6480
 17.1340
 17.2280
 17.2540
 17.4820
 18.3880
 18.5760
 19.3660
 19.8480
 20.2560
 20.7640
 20.8000
 21.6480
 22.0020
 22.1040
 22.2400
 22.3100
 22.7780
 22.9040
 23.1160
 23.2380
 23.3840
 23.5040
 23.7000
 24.3200
 24.6120
 24.8440
 25.0980
 25.1520
 25.9920
 26.1120
 26.6340
 27.8620
 29.4040
 29.5360
 29.8720
 30.6520
 31.4360
 31.6780
 32.1080
 33.1060
 33.5340
 34.8460
 35.9300
 37.6380
 37.8260
 37.9640
 38.1120
 38.3220
 38.4520
 38.4680
 38.7060
 42.0140
 42.6560
 42.9400
 43.8360
 44.3020
 47.4460
 49.7240
 50.0840
 50.5280
 56.6760
 57.0160
 67.1580
 67.6340
 72.3540
 85.4480
102.5980


#Top pat = 50
  0.1220
  2.2580
  2.5320
  2.9440
  3.7160
  4.2780
  4.4940
  5.6440
  6.7000
  6.7280
  7.6220
  8.5800
  8.9400
  9.6900
  9.7240
  9.8000
 10.6580
 10.9200
 11.2580
 11.5460
 11.9640
 12.1220
 12.7420
 12.8500
 13.0820
 13.1400
 13.2740
 13.4760
 14.0820
 14.6360
 16.3020
 16.3980
 16.7380
 19.3200
 19.3920
 19.6440
 21.6460
 22.5480
 22.5620
 22.7500
 22.8780
 23.1100
 23.1480
 23.7320
 24.0580
 24.2120
 25.0580
 25.4980
 25.6080
 25.9440
 26.1920
 26.4600
 26.5000
 26.5540
 27.0480
 27.8600
 27.8700
 27.9940
 29.0860
 30.1500
 31.1420
 31.7480
 32.5560
 33.9400
 34.4380
 34.9000
 35.5720
 35.8920
 36.6680
 37.1440
 37.7340
 37.9180
 38.3480
 40.4960
 41.0920
 41.1220
 41.3160
 41.8760
 41.9440
 42.3660
 44.4220
 45.2180
 46.0240
 47.3840
 49.6260
 49.6340
 49.6960
 53.6240
 54.0380
 55.2320
 56.3300
 58.1460
 59.1660
 60.6820
 61.4240
 65.6100
 66.3060
 70.2580
 73.4140
 87.7080


