#..\..\Net100seed42.net EP02delta0.1Input0.5.train 42
#Top pat = 1
 -0.5100
 -0.4920
 -0.4460
 -0.4440
 -0.4200
 -0.4100
 -0.3620
 -0.3600
 -0.3600
 -0.3580
 -0.3580
 -0.3580
 -0.3560
 -0.3560
 -0.3540
 -0.3540
 -0.3540
 -0.3540
 -0.3540
 -0.3520
 -0.3520
 -0.3520
 -0.3520
 -0.3520
 -0.3500
 -0.3500
 -0.3500
 -0.3500
 -0.3500
 -0.3500
 -0.3500
 -0.3500
 -0.3500
 -0.3500
 -0.3480
 -0.3480
 -0.3480
 -0.3480
 -0.3480
 -0.3480
 -0.3460
 -0.3460
 -0.3460
 -0.3440
 -0.3440
 -0.3440
 -0.3440
 -0.3440
 -0.3440
 -0.3440
 -0.3440
 -0.3440
 -0.3440
 -0.3440
 -0.3420
 -0.3420
 -0.3420
 -0.3420
 -0.3400
 -0.3400
 -0.3400
 -0.3400
 -0.3400
 -0.3400
 -0.3400
 -0.3400
 -0.3400
 -0.3400
 -0.3380
 -0.3380
 -0.3380
 -0.3380
 -0.3380
 -0.3380
 -0.3380
 -0.3380
 -0.3380
 -0.3380
 -0.3360
 -0.3360
 -0.3360
 -0.3360
 -0.3360
 -0.3360
 -0.3360
 -0.3360
 -0.3340
 -0.3340
 -0.3340
 -0.3340
 -0.3340
 -0.3340
 -0.3320
 -0.3320
 -0.3320
 -0.3320
 -0.3320
 -0.3300
 -0.3260
 -0.3260


#Top pat = 2
 -5.8360
 -5.7940
 -5.1980
 -4.3480
 -4.3260
 -4.3180
 -4.2780
 -4.2740
 -4.2740
 -4.2500
 -4.2380
 -4.2320
 -4.2280
 -4.2060
 -4.2060
 -4.2040
 -4.1760
 -4.1680
 -4.1660
 -4.1580
 -4.1480
 -4.1440
 -4.1340
 -4.1160
 -4.1160
 -4.1160
 -4.1120
 -4.1120
 -4.0940
 -4.0900
 -4.0880
 -4.0860
 -4.0840
 -4.0820
 -4.0740
 -4.0680
 -4.0620
 -4.0460
 -4.0420
 -4.0300
 -4.0180
 -4.0000
 -3.9920
 -3.9460
 -3.9400
  2.5220
  2.5540
  2.5980
  2.6120
  2.6140
  2.6480
  2.6740
  2.6760
  2.6880
  2.6900
  2.6980
  2.7020
  2.7060
  2.7100
  2.7120
  2.7160
  2.7300
  2.7400
  2.7420
  2.7420
  2.7440
  2.7520
  2.7520
  2.7540
  2.7540
  2.7560
  2.7580
  2.7620
  2.7660
  2.7720
  2.7740
  2.7760
  2.7760
  2.7820
  2.7840
  2.7860
  2.7900
  2.7920
  2.7940
  2.7940
  2.8000
  2.8160
  2.8160
  2.8240
  2.8280
  2.8420
  2.8460
  2.9040
  2.9100
  2.9800
  3.0860
  3.4940
  4.2320
  4.2940
  4.4360


#Top pat = 3
 -7.0580
 -6.7920
 -6.7120
 -6.1280
 -6.1260
 -6.1080
 -6.0580
 -6.0260
 -6.0040
 -5.9780
 -5.9260
 -5.9160
 -5.8840
 -5.8800
 -5.8720
 -5.8720
 -5.8540
 -5.8200
 -5.7900
 -5.6900
 -4.8400
 -4.7980
 -4.1960
 -3.3440
 -3.3160
 -3.3080
 -3.2480
 -3.1980
 -3.1680
 -3.1480
 -3.1400
 -3.1320
 -3.1240
 -3.1200
 -3.1100
 -3.1080
 -3.1040
 -3.0980
 -3.0960
 -3.0800
 -3.0660
 -3.0660
 -3.0380
 -3.0280
 -2.9500
  0.1420
  0.8640
  0.8760
  0.9280
  0.9440
  0.9520
  0.9900
  1.0080
  1.0460
  1.0500
  1.0520
  1.0660
  1.0700
  1.0700
  1.0740
  1.0760
  1.0760
  1.0940
  1.1000
  1.1120
  1.1140
  1.1160
  1.1360
  1.1420
  1.1460
  1.1680
  1.2360
  1.7840
  3.6320
  3.7340
  3.7380
  3.7540
  3.7740
  3.7760
  3.7940
  3.8020
  3.8280
  3.8280
  3.8280
  3.8400
  3.8440
  3.8500
  3.8760
  3.8840
  3.8960
  3.9440
  3.9660
  4.0020
  4.0600
  4.0800
  4.1160
  4.2300
  5.3240
  5.5220
  5.7700


#Top pat = 4
-15.9960
-15.1620
-13.9600
-13.7380
-13.6920
-13.4180
-13.2920
-12.9720
-12.8240
-12.7180
-12.6380
-12.5680
-11.1680
-10.6260
-10.5680
-10.5440
 -8.5020
 -6.5160
 -6.3760
 -6.3500
 -6.3420
 -5.9380
 -5.8980
 -5.3560
 -5.1880
 -5.0280
 -4.9560
 -4.2900
 -4.0600
 -3.8940
 -3.8740
 -3.6760
 -3.4660
 -3.1680
 -2.9440
 -2.8500
 -2.7920
 -2.6500
 -2.4600
 -1.5340
  0.1200
  0.1500
  0.2080
  0.2420
  0.4120
  0.5560
  0.5660
  0.7700
  0.7880
  1.0640
  1.1240
  2.1000
  2.3680
  2.3960
  2.4500
  2.4800
  2.4920
  2.5900
  2.7200
  2.8700
  2.9020
  3.1300
  3.3260
  3.4180
  3.5240
  3.5660
  3.5960
  3.6460
  3.7740
  7.6820
  7.6820
  7.7440
  7.7480
  7.7580
  7.7640
  7.8260
  7.8860
  8.0760
  8.1420
  8.2100
  8.3380
  8.4840
  8.8820
  9.9080
 10.0460
 10.0580
 10.0760
 10.1220
 10.4060
 10.5280
 11.0120
 11.0480
 11.1460
 11.1480
 11.8300
 11.8600
 11.9820
 12.1160
 12.2100
 14.4420


#Top pat = 5
-17.8580
-16.4780
-16.2700
-15.8520
-15.6860
-15.5400
-15.2180
-15.0740
-13.2260
-11.1620
-10.9280
-10.8480
-10.6480
-10.4620
 -8.8960
 -8.8540
 -8.5980
 -8.2900
 -7.7340
 -7.6240
 -7.5800
 -7.5460
 -7.2240
 -6.3300
 -6.0280
 -5.6660
 -5.4040
 -5.2280
 -5.1900
 -4.0580
 -3.9420
 -3.4460
 -3.4180
 -2.1660
 -1.8860
 -1.8100
 -1.7220
 -1.6360
 -1.3740
 -1.3180
 -1.2300
 -1.1840
 -1.0700
 -0.8300
 -0.4180
 -0.2140
 -0.2080
 -0.1860
  0.1020
  0.2520
  0.4980
  1.8500
  1.9500
  1.9680
  2.0740
  2.1620
  2.2460
  2.3160
  2.4000
  3.4000
  3.4120
  4.0080
  4.1800
  4.1900
  4.4960
  4.5220
  4.5660
  4.7940
  5.0960
  5.2600
  5.3920
  5.3980
  5.4020
  5.4460
  5.4920
  5.4940
  5.7200
  6.6280
  7.4840
  7.5500
  9.5440
  9.5500
  9.5580
  9.8180
  9.8440
 10.2920
 10.3720
 10.7880
 11.6280
 11.7660
 11.8020
 11.8260
 12.0280
 12.0860
 12.0860
 12.4780
 12.9220
 13.3500
 13.6300
 13.8260


#Top pat = 6
-18.8960
-16.8780
-16.1320
-15.9260
-15.3480
-15.0180
-14.8760
-14.8680
-14.7480
-12.0680
-11.9820
-11.5540
-10.8260
-10.2940
-10.1040
 -8.7720
 -8.6800
 -8.6540
 -8.5800
 -8.5420
 -8.3220
 -7.9680
 -7.9260
 -7.1920
 -6.3240
 -5.6940
 -5.4700
 -5.4180
 -5.0620
 -4.9260
 -4.5460
 -3.7360
 -3.1540
 -3.1260
 -2.8340
 -2.7540
 -2.1660
 -2.0120
 -1.4380
 -1.3220
 -1.2400
 -1.2220
 -1.1780
 -1.1680
 -0.9940
 -0.9720
 -0.7520
 -0.7140
 -0.4500
  0.1880
  0.5840
  1.0500
  1.1900
  1.1900
  1.2960
  2.2660
  2.3380
  2.3420
  2.4360
  2.7760
  2.9820
  3.1840
  3.4460
  3.7640
  3.8100
  4.3420
  4.3940
  4.4080
  4.5620
  4.9020
  4.9300
  5.4540
  5.7800
  5.8340
  5.9100
  5.9960
  6.1100
  6.4160
  6.4700
  7.0120
  8.5660
  8.6100
  8.8000
  9.2780
  9.9200
 10.1780
 10.7000
 10.7480
 10.7580
 10.7820
 11.0440
 11.1440
 11.8480
 11.9840
 12.1240
 12.3420
 12.4500
 12.8200
 14.0180
 14.1840


#Top pat = 7
-17.7600
-17.2600
-16.9220
-16.8940
-16.5800
-16.2320
-14.8760
-14.6600
-14.5660
-14.2880
-14.2840
-12.4600
-12.1720
-11.7760
-11.1000
-10.7120
 -9.9540
 -8.9940
 -8.6080
 -8.5980
 -7.4720
 -7.3060
 -7.0580
 -6.9640
 -6.9640
 -6.8020
 -5.9280
 -5.4960
 -5.4040
 -5.2400
 -5.1940
 -4.7760
 -4.6940
 -4.6020
 -4.5620
 -4.2340
 -3.8100
 -3.4140
 -2.9360
 -2.8500
 -2.6900
 -1.9360
 -1.8820
 -1.5340
 -1.5280
 -0.3540
 -0.1720
 -0.1300
 -0.0760
  0.2060
  0.3460
  0.6400
  0.8860
  1.4460
  1.6720
  1.9300
  1.9720
  2.1900
  2.2160
  2.2280
  2.3100
  2.4140
  2.4860
  2.7900
  2.8620
  3.3160
  3.5120
  3.6160
  4.9840
  4.9880
  5.1740
  5.6220
  5.6240
  5.8900
  6.4220
  6.4660
  7.1320
  7.2520
  7.4040
  8.0980
  9.1460
  9.3220
  9.8180
  9.8900
 10.0320
 10.3040
 10.6940
 11.6900
 11.8080
 11.9100
 12.0340
 12.3200
 13.2060
 13.5860
 13.6720
 14.5300
 14.7460
 15.5540
 15.6020
 15.7140


#Top pat = 8
-18.0800
-17.6260
-17.2880
-17.2200
-16.9260
-16.5560
-15.2020
-15.1100
-14.9980
-14.7900
-14.6260
-12.7980
-12.5400
-12.1160
-11.4340
-11.0440
-10.2820
 -9.5060
 -8.9540
 -8.9500
 -7.8240
 -7.6840
 -7.4700
 -7.4140
 -7.2440
 -7.0820
 -6.0780
 -5.6920
 -5.6900
 -5.6020
 -5.5260
 -5.2600
 -4.9320
 -4.8800
 -4.7440
 -4.5660
 -4.3480
 -3.8140
 -3.3000
 -3.2180
 -3.0460
 -2.2660
 -2.1940
 -1.8520
 -1.7040
 -0.8520
 -0.5100
 -0.4440
 -0.2660
 -0.1380
  0.0560
  0.1600
  0.3760
  0.9580
  1.1940
  1.3740
  1.6940
  1.7760
  1.8740
  1.9080
  1.9480
  2.0600
  2.1280
  2.3080
  2.4900
  2.7860
  2.9960
  3.2760
  4.5620
  4.6240
  4.6560
  5.2420
  5.2780
  5.4980
  6.0780
  6.1020
  6.7840
  6.8740
  7.0340
  7.7220
  8.7760
  8.9560
  9.4760
  9.5380
  9.7060
  9.8480
 10.3600
 11.3460
 11.3720
 11.4980
 11.6480
 11.9660
 12.8260
 13.2560
 13.2840
 14.1700
 14.3880
 15.1580
 15.2140
 15.2560


#Top pat = 9
-18.4280
-18.1620
-17.6760
-17.6160
-17.2540
-16.9560
-15.6240
-15.5840
-15.1880
-15.1220
-14.8160
-13.3040
-13.0200
-12.5720
-11.9860
-11.3740
-10.6580
 -9.8780
 -9.3080
 -9.3040
 -8.3200
 -8.0700
 -7.9880
 -7.7800
 -7.5460
 -7.4240
 -6.2340
 -6.2280
 -5.9700
 -5.8880
 -5.8760
 -5.4560
 -5.4420
 -5.2880
 -5.0600
 -4.8860
 -4.5060
 -4.1740
 -3.8180
 -3.7400
 -3.3880
 -2.8060
 -2.7680
 -2.4120
 -1.8680
 -1.1140
 -0.8860
 -0.6280
 -0.4720
 -0.4420
 -0.2480
 -0.1680
  0.1860
  0.7680
  0.8880
  0.9500
  1.1640
  1.4280
  1.5240
  1.5700
  1.5920
  1.6980
  1.7700
  1.9760
  2.1080
  2.4260
  2.6940
  2.9440
  4.0840
  4.2940
  4.3360
  4.8780
  4.9380
  5.1440
  5.6200
  5.7000
  6.5100
  6.5360
  6.5560
  7.3860
  8.4780
  8.7740
  9.1120
  9.1620
  9.4220
  9.5260
 10.0860
 10.8440
 11.0300
 11.2940
 11.3060
 11.5860
 12.3360
 12.7340
 13.0140
 13.8160
 14.0620
 14.7960
 15.0660
 15.0820


#Top pat = 10
-20.8080
-20.3880
-19.0480
-18.8320
-18.3000
-16.4480
-15.8260
-15.0080
-14.6540
-13.7540
-13.2620
-12.5380
-12.2560
-11.5840
-11.5200
-10.9840
-10.7720
-10.7560
-10.4760
-10.3520
 -9.8600
 -9.6280
 -9.5140
 -8.5880
 -8.5280
 -8.0880
 -7.7660
 -7.6680
 -6.2260
 -6.1200
 -5.9280
 -5.7360
 -5.6420
 -5.2200
 -4.7080
 -4.6800
 -4.4140
 -3.9580
 -3.7120
 -3.4620
 -3.4100
 -3.1500
 -3.0180
 -2.9760
 -2.9260
 -2.8260
 -2.8080
 -2.5020
 -2.2840
 -1.7940
 -1.0960
 -0.9880
 -0.9240
 -0.8560
 -0.6360
 -0.3180
  0.2280
  0.9620
  1.4380
  1.4620
  1.6480
  2.1120
  2.4140
  2.5860
  2.7200
  2.8760
  3.1080
  3.3800
  3.4300
  3.5240
  3.8360
  4.1760
  4.4940
  4.7400
  4.9220
  5.5580
  6.1840
  6.4800
  6.8740
  7.7220
  8.0600
  8.1360
  8.1700
  8.5300
  8.9960
 10.0460
 10.2740
 10.9620
 11.0160
 11.7860
 12.1440
 12.6160
 12.8600
 13.7660
 13.8360
 14.8740
 15.5060
 15.8320
 16.4060
 16.6520


#Top pat = 11
-21.2580
-20.4520
-19.9880
-19.1280
-19.0800
-17.3960
-15.8340
-15.0340
-14.8580
-14.2980
-14.0420
-13.9060
-13.9040
-13.2300
-12.2820
-12.1920
-11.4240
-11.0980
-11.0060
 -9.9040
 -9.8200
 -9.4660
 -9.0680
 -8.4440
 -8.1060
 -7.6980
 -7.5080
 -7.5020
 -7.4960
 -7.4200
 -7.1100
 -6.8420
 -6.6660
 -6.5180
 -5.7980
 -5.5580
 -5.4520
 -5.0680
 -5.0580
 -4.9900
 -4.9820
 -2.9380
 -2.5660
 -2.5120
 -2.4780
 -2.4680
 -2.0220
 -1.9680
 -1.8380
 -1.5580
 -1.3020
 -1.2720
 -0.9580
 -0.7420
 -0.3820
 -0.3060
 -0.0540
  0.0020
  0.0060
  0.0200
  0.8800
  1.2600
  1.9000
  1.9460
  1.9820
  2.4340
  2.6040
  3.1500
  3.5980
  3.8060
  4.4200
  4.4720
  4.5360
  5.1360
  5.4700
  5.7120
  5.7200
  6.2560
  6.3460
  6.8520
  7.2280
  7.8040
  7.9360
  8.3260
  8.5620
  9.0680
  9.5380
 10.0800
 10.5800
 11.4540
 12.7040
 12.8920
 13.0860
 13.4460
 14.2880
 14.8260
 15.3840
 15.9560
 16.3780
 17.1440


#Top pat = 12
-24.7140
-22.2600
-21.7120
-16.7620
-16.6160
-16.3200
-16.2900
-15.5940
-15.5880
-13.6880
-13.4160
-13.3140
-13.0760
-12.9980
-12.3800
-12.0020
-11.4180
-11.3060
-11.2740
-10.5300
-10.4620
-10.1120
 -9.8320
 -9.4060
 -9.2160
 -9.0220
 -8.9760
 -8.9740
 -8.7320
 -8.7140
 -8.6020
 -7.8580
 -7.2200
 -7.0680
 -6.6240
 -6.6200
 -5.7980
 -5.0940
 -4.9740
 -4.9480
 -4.9260
 -4.5720
 -4.0520
 -3.8840
 -3.8360
 -3.8180
 -3.8020
 -3.4540
 -3.1480
 -3.0040
 -2.7500
 -2.6220
 -2.0500
 -1.6220
 -1.5560
 -1.4460
 -0.6060
 -0.4800
 -0.1400
  0.2700
  0.4400
  1.7920
  1.8160
  2.0240
  2.1860
  2.6040
  2.6960
  3.0200
  3.5200
  3.5840
  3.5940
  4.6320
  4.9000
  5.2780
  6.1460
  6.5940
  6.6460
  6.9660
  7.1120
  7.6420
  7.6840
  7.8220
  7.8260
  8.7700
  9.7960
  9.9300
 10.2880
 10.3840
 11.0260
 11.3560
 11.9180
 12.7520
 13.2260
 14.8080
 15.7420
 15.9880
 16.3320
 17.2600
 17.6660
 19.3560


#Top pat = 13
-27.1360
-23.8960
-19.7200
-18.9940
-18.5720
-17.8560
-16.4060
-15.0420
-14.9740
-14.8540
-14.6760
-14.4940
-13.1220
-13.0080
-12.7860
-12.3700
-11.8580
-11.8560
-11.6460
-11.5840
-11.3460
-10.4680
 -9.9600
 -9.8660
 -9.5540
 -9.4060
 -8.8880
 -8.5420
 -8.3120
 -7.8820
 -7.7340
 -7.3700
 -7.3260
 -7.1420
 -7.0020
 -6.4760
 -6.4640
 -6.3220
 -6.2580
 -5.9440
 -5.3980
 -5.3500
 -5.2700
 -4.9180
 -4.6400
 -4.5540
 -3.9240
 -3.3960
 -3.1040
 -2.8920
 -2.4140
 -1.9440
 -1.9380
 -1.1900
 -0.9140
 -0.8480
 -0.4260
 -0.3100
 -0.0980
  0.9180
  1.2340
  1.2500
  1.7920
  2.3640
  2.3700
  2.3760
  3.3020
  3.3980
  3.5840
  3.6560
  3.7160
  4.1960
  4.2080
  4.2200
  4.2960
  4.5900
  5.5020
  5.7580
  5.8200
  6.1440
  7.0860
  7.4560
  7.8500
  8.5420
  8.7620
  9.1580
  9.3940
  9.4960
 10.4100
 12.2140
 12.3540
 13.1960
 13.9560
 14.2180
 14.4420
 16.3580
 17.6780
 18.1400
 19.2760
 20.2460


#Top pat = 14
-23.0000
-22.6720
-22.4320
-21.5680
-20.9680
-20.9580
-20.1560
-19.6640
-18.8640
-18.8360
-17.3240
-17.1780
-15.4300
-15.1760
-14.5980
-14.3700
-14.3640
-14.1540
-13.1260
-12.8040
-12.0160
-10.8580
-10.6780
-10.4700
 -9.8840
 -9.8040
 -8.9740
 -7.8560
 -7.8400
 -7.6020
 -7.5880
 -7.3420
 -7.1980
 -6.7600
 -6.5660
 -6.3100
 -5.8940
 -5.6480
 -5.5800
 -4.8900
 -4.8600
 -3.5780
 -3.4000
 -3.3660
 -3.0360
 -2.9540
 -2.9120
 -2.7240
 -2.5380
 -2.2640
 -2.0960
 -1.6980
 -1.3060
 -1.1800
 -1.1440
 -1.0220
 -0.6140
  0.1240
  0.5420
  1.2880
  1.7520
  1.8280
  1.8360
  2.0160
  2.9020
  3.0880
  3.3880
  3.4820
  4.7900
  4.8120
  4.9300
  5.1280
  5.3800
  5.4300
  5.4480
  6.0600
  6.1760
  7.4120
  7.5660
  7.8820
  8.0480
  8.0680
  8.4120
  8.4980
  8.6260
  9.7800
  9.9600
 10.3100
 11.4180
 12.4580
 13.1660
 14.3060
 14.3480
 16.2700
 16.4600
 17.9580
 18.4020
 21.7260
 23.0020
 23.8980


#Top pat = 15
-23.7340
-22.8240
-22.5760
-22.1280
-21.9000
-21.1700
-20.8280
-20.4300
-19.3820
-19.1520
-18.8360
-18.8160
-15.1020
-14.6300
-14.2680
-14.1780
-13.9820
-13.7620
-12.7880
-12.6480
-11.6540
-11.4140
-10.5660
-10.4980
-10.2740
 -9.4720
 -9.2980
 -8.6760
 -8.5900
 -8.5080
 -8.3840
 -8.1740
 -7.5140
 -7.4780
 -7.1600
 -6.5920
 -6.4560
 -5.9100
 -5.7760
 -5.5260
 -5.3940
 -4.1000
 -3.9440
 -3.3240
 -3.0800
 -3.0420
 -2.8480
 -2.7020
 -2.5520
 -2.4840
 -2.3780
 -1.9400
 -1.5360
 -1.5100
 -1.1180
 -0.9980
 -0.8740
 -0.6140
 -0.4340
  1.2540
  1.2600
  1.4020
  1.6220
  1.8040
  2.1700
  2.3540
  3.2480
  3.2860
  3.8320
  3.8620
  4.0080
  4.1560
  4.2100
  5.3520
  5.6660
  5.8340
  6.3900
  6.6420
  7.0640
  7.4440
  7.5980
  7.9500
  8.3940
  8.7940
  8.8860
  8.9180
  9.2460
 10.4640
 10.8320
 11.3480
 13.5200
 13.6940
 14.8560
 15.5000
 15.7900
 18.3420
 19.0560
 20.6700
 22.7940
 23.3700


#Top pat = 16
-28.3320
-26.8000
-26.3660
-25.9120
-25.4820
-24.2140
-22.9020
-22.6980
-21.8580
-20.4220
-19.4820
-17.2820
-16.9340
-16.8960
-16.3000
-13.9040
-13.1920
-12.6440
-12.3540
-11.8980
-11.5480
-11.3000
 -9.7820
 -9.6040
 -9.3540
 -9.0560
 -9.0480
 -8.3360
 -8.2800
 -7.9220
 -7.7840
 -7.6160
 -7.5240
 -6.9880
 -6.8620
 -6.6100
 -6.3420
 -5.7380
 -5.6520
 -5.4300
 -5.4120
 -4.6740
 -4.4660
 -4.3280
 -3.6860
 -3.2100
 -3.0360
 -3.0140
 -2.9480
 -2.8460
 -1.1200
  0.0240
  0.1440
  1.0100
  1.0120
  1.2900
  1.5480
  1.6780
  1.7120
  1.8300
  1.9160
  2.2660
  2.4280
  2.6380
  2.6440
  3.0340
  3.0460
  3.5940
  4.1880
  4.3180
  4.3240
  4.5620
  4.8080
  4.9900
  5.0980
  5.1200
  6.1820
  7.0360
  7.0680
  7.1740
  7.6880
  7.7020
  8.1640
  8.5640
  8.6920
  9.1640
 10.2500
 10.5680
 11.2800
 11.5020
 12.1980
 12.2480
 12.8820
 13.3800
 16.9760
 18.2940
 18.7780
 19.7400
 20.7660
 25.0800


#Top pat = 17
-29.6600
-29.4760
-28.7500
-27.2400
-25.3500
-24.2660
-22.7240
-22.0160
-21.1420
-20.3540
-20.2060
-18.7460
-17.8180
-15.9120
-15.8560
-14.6800
-14.6140
-14.3380
-12.4100
-11.7120
-11.5760
-11.3620
-11.2500
 -9.5460
 -9.3700
 -9.1880
 -9.1160
 -9.1060
 -8.9940
 -8.9060
 -8.4100
 -8.2860
 -8.0520
 -7.6400
 -7.5900
 -6.8540
 -6.2060
 -5.4860
 -5.1080
 -5.1020
 -4.7620
 -4.5460
 -4.1440
 -4.0340
 -3.7520
 -3.4980
 -3.2920
 -3.0600
 -2.0840
 -1.3820
 -1.1980
 -1.0680
 -0.9560
 -0.7140
 -0.5900
 -0.4580
 -0.3400
  0.0440
  0.6540
  0.7720
  1.6400
  2.1680
  2.7060
  3.0960
  3.2860
  3.7300
  4.3640
  4.5200
  4.6740
  4.9060
  5.4120
  5.4680
  5.5660
  6.2840
  6.6840
  6.8560
  7.3460
  7.4220
  7.4240
  7.5980
  7.6880
  7.9640
  9.3040
  9.4840
  9.7560
 10.1400
 10.1840
 10.1940
 10.7760
 11.2860
 12.7520
 13.8980
 15.0460
 15.7200
 16.3380
 16.5220
 17.5800
 22.1440
 22.7540
 23.4600


#Top pat = 18
-31.3940
-30.8780
-29.7740
-28.0880
-27.9700
-26.3440
-20.8640
-20.8320
-19.8760
-19.4660
-18.5580
-18.5480
-18.2960
-18.2320
-17.4940
-16.8440
-15.0120
-13.7600
-13.4320
-12.9240
-12.7500
-11.9820
-11.7480
-10.4020
-10.1260
 -9.9320
 -9.2600
 -8.6260
 -7.9500
 -7.7300
 -7.7000
 -7.6500
 -7.1660
 -7.0260
 -6.8800
 -6.7700
 -6.7100
 -6.6140
 -6.1240
 -5.9080
 -5.0200
 -4.4700
 -4.4260
 -4.0420
 -3.7060
 -3.4560
 -3.3460
 -3.2620
 -3.0780
 -2.9300
 -2.6660
 -2.4760
 -2.3620
 -1.8880
 -1.5360
 -1.4580
 -1.1800
 -0.4940
 -0.4680
 -0.3740
  0.6040
  1.1680
  1.1880
  1.5240
  1.9640
  2.1080
  2.2220
  3.1100
  3.5880
  3.5960
  3.9820
  4.7140
  5.3300
  5.5040
  5.7580
  5.9040
  5.9980
  6.5720
  7.2120
  7.6560
  8.2960
  8.9020
  9.2700
  9.3780
 10.2780
 11.1840
 11.4940
 11.6260
 11.7160
 13.4460
 13.7900
 14.2820
 14.5580
 15.7080
 16.7560
 18.5300
 19.2920
 19.6660
 24.9540
 25.1400


#Top pat = 19
-31.2220
-30.7200
-29.2860
-27.8720
-27.6580
-27.6400
-21.8400
-20.8820
-19.5540
-19.4260
-19.3520
-18.9220
-18.2220
-18.0080
-17.9380
-17.8760
-15.5700
-14.4940
-14.1980
-13.4340
-13.2060
-12.3800
-11.6600
-11.1160
-10.0520
 -9.5400
 -9.3180
 -8.9340
 -8.7800
 -8.4900
 -8.1140
 -8.0440
 -7.5100
 -7.4920
 -6.9660
 -6.8560
 -6.8360
 -6.4460
 -6.3540
 -6.2800
 -5.3080
 -5.0620
 -4.9720
 -4.9000
 -4.6380
 -4.4600
 -4.1120
 -4.0320
 -3.3100
 -3.1120
 -2.9480
 -2.8980
 -2.4900
 -2.4220
 -1.8280
 -1.1980
 -1.0440
 -0.7940
 -0.4860
 -0.3160
 -0.1440
  0.0020
  0.0100
  0.6580
  1.1960
  1.5620
  2.0000
  2.4540
  2.5000
  2.9980
  3.0680
  4.9060
  5.0240
  5.0820
  5.7240
  6.0720
  6.3120
  6.4880
  6.8040
  7.0300
  8.2320
  8.3980
  8.6700
  9.6760
 10.3940
 11.5300
 11.7940
 12.0380
 12.2440
 12.3960
 12.8060
 13.6160
 13.6560
 13.8680
 17.1500
 19.0640
 19.6800
 20.1840
 24.0180
 25.2880


#Top pat = 20
-31.5860
-31.1140
-29.2820
-28.0080
-27.9500
-27.7960
-22.1800
-20.9560
-19.8900
-19.6820
-19.6140
-19.2140
-18.4240
-18.4100
-18.1940
-17.9880
-16.3020
-15.0560
-14.3820
-14.2780
-13.3440
-12.6840
-11.9780
-11.4440
-10.3280
-10.2760
 -9.3940
 -9.2040
 -9.1660
 -8.6840
 -8.5760
 -8.4780
 -7.8660
 -7.8180
 -7.1640
 -7.1080
 -7.0040
 -6.9400
 -6.8840
 -6.2380
 -5.6400
 -5.4380
 -5.2840
 -5.1640
 -4.8300
 -4.5520
 -4.4540
 -4.1800
 -3.8660
 -3.6040
 -3.4460
 -2.9160
 -2.8000
 -2.5600
 -2.3160
 -1.5100
 -1.3760
 -1.0660
 -0.8660
 -0.5080
 -0.4260
 -0.3520
 -0.1160
  0.5060
  1.2380
  1.4180
  1.6700
  1.7420
  2.1160
  2.2880
  2.5080
  4.5500
  4.7960
  5.1020
  5.1800
  5.3880
  5.9220
  6.2020
  6.4440
  6.8100
  7.9180
  8.2600
  8.2780
  9.1740
 10.0800
 11.1380
 11.6140
 11.8700
 12.0220
 12.1340
 12.2780
 13.1940
 13.2800
 13.4780
 16.6180
 18.5360
 19.5060
 19.8640
 23.8580
 24.7600


#Top pat = 21
-33.8020
-29.6160
-29.5840
-29.0120
-27.3240
-26.3840
-26.3020
-25.2460
-22.0000
-20.3940
-19.9440
-18.6020
-17.8820
-17.2600
-16.8540
-16.6460
-14.9680
-14.7580
-14.3680
-14.0900
-13.6940
-13.2320
-12.0000
-11.5640
-11.1820
-10.1340
-10.0380
 -9.1120
 -9.0320
 -8.7440
 -8.5960
 -8.5120
 -8.3260
 -8.0800
 -7.8880
 -7.6700
 -7.4340
 -7.3660
 -7.2880
 -7.2440
 -6.6480
 -6.3960
 -6.3660
 -6.1380
 -6.1260
 -5.6520
 -5.6340
 -5.5640
 -5.2580
 -4.4160
 -4.0760
 -4.0140
 -3.4060
 -2.9880
 -2.8320
 -2.6740
 -2.4420
 -1.4480
 -1.1260
 -0.2820
 -0.2240
  0.0480
  0.7480
  1.0780
  1.0840
  1.8960
  2.0660
  2.6980
  2.8580
  3.4120
  3.7600
  4.0160
  5.0000
  5.6480
  5.7920
  7.6820
  7.9320
  8.9220
  9.3560
  9.5720
  9.8620
 10.4640
 10.5300
 11.3220
 11.3920
 11.5100
 12.5480
 12.7940
 13.6160
 14.0040
 14.7060
 14.8280
 15.8540
 16.0520
 16.3120
 16.5420
 17.0980
 20.8880
 22.4060
 24.9940


#Top pat = 22
-39.0380
-33.6480
-29.7020
-27.7820
-26.9640
-24.9740
-24.6340
-23.1080
-22.9400
-22.1960
-21.5840
-21.5420
-20.9760
-19.7860
-19.4740
-17.9260
-17.8180
-15.6180
-15.3740
-14.6960
-14.2140
-13.8100
-13.6980
-13.4020
-13.2620
-13.0900
-12.7120
-10.7280
 -9.6900
 -9.5600
 -8.8820
 -8.3140
 -8.0960
 -7.9320
 -7.5560
 -6.8420
 -6.7180
 -6.5120
 -6.0840
 -6.0820
 -5.6860
 -5.6020
 -4.6100
 -3.9520
 -3.5540
 -3.3160
 -3.1320
 -3.1300
 -2.9340
 -2.6900
 -2.6560
 -1.9140
 -1.7940
 -1.6880
 -1.6080
  1.3660
  2.1180
  2.6580
  2.8680
  3.0180
  3.3360
  3.4340
  3.5740
  3.7080
  3.8760
  4.0060
  4.4440
  4.5240
  4.8460
  5.2180
  5.3680
  5.9540
  6.2020
  7.1500
  7.6320
  8.2160
  9.1920
  9.2240
  9.5420
  9.9800
 10.0820
 10.3280
 10.3520
 10.7480
 10.8500
 10.9460
 12.7760
 13.2200
 13.5320
 14.1400
 14.2720
 15.2520
 15.5420
 16.3760
 18.7040
 18.9840
 21.7780
 22.2840
 24.3020
 28.6580


#Top pat = 23
-42.9280
-30.0520
-29.8580
-28.5400
-25.8760
-22.9140
-21.8820
-20.8460
-20.8240
-19.8000
-19.4640
-18.8420
-18.6160
-17.8760
-17.8120
-17.6660
-16.4200
-16.4080
-15.5780
-15.2580
-14.7880
-13.8020
-13.5300
-13.1660
-11.6820
-11.6540
-11.3640
-11.2040
-10.4860
-10.3280
 -9.3640
 -9.1080
 -7.7420
 -7.5680
 -7.2160
 -5.6820
 -5.6380
 -5.5100
 -5.2220
 -4.4760
 -4.3460
 -4.0480
 -3.7240
 -3.1940
 -3.1160
 -2.8840
 -2.6900
 -2.5340
 -1.6200
 -1.3720
 -1.1900
 -0.4540
 -0.1320
  0.1860
  1.1380
  1.6860
  3.9860
  4.2360
  4.3540
  4.4160
  4.8760
  4.9200
  5.3640
  5.9220
  6.5540
  6.5980
  7.1400
  7.7260
  7.9700
  8.6220
  9.3580
 10.3100
 10.6420
 10.8160
 11.2760
 12.8400
 13.0300
 13.9200
 14.1040
 14.4600
 17.2200
 17.5020
 19.3340
 19.4080
 19.8020
 20.1020
 20.7740
 21.9420
 22.2260
 22.3880
 22.5800
 23.8880
 24.2360
 24.5400
 25.2320
 29.4060
 29.4220
 33.4820
 33.7120
 34.0040


#Top pat = 24
-50.7280
-33.5780
-26.6440
-26.4420
-25.1640
-23.5160
-21.7800
-21.4880
-21.1520
-20.9100
-20.3740
-19.1560
-18.4420
-18.0860
-17.1480
-15.6920
-13.4120
-13.3820
-13.1780
-11.5700
-11.5320
-11.1860
-11.1300
-10.9320
-10.6480
-10.5200
-10.2440
-10.2380
-10.1800
 -9.9020
 -9.4720
 -9.3500
 -9.2400
 -9.0880
 -8.5840
 -8.2700
 -7.8860
 -7.6460
 -7.5640
 -7.2600
 -6.3720
 -5.5160
 -5.0420
 -4.8720
 -4.8440
 -2.3020
 -2.2380
 -1.4340
  0.1200
  0.1740
  0.1800
  1.0600
  1.7080
  1.7980
  2.2060
  2.5360
  2.8000
  2.8680
  3.2920
  3.6720
  4.6320
  4.7200
  6.2620
  8.4880
  8.6740
  8.7420
  8.7600
 11.0460
 11.1100
 11.2860
 11.3420
 11.9480
 12.3640
 12.6360
 12.7040
 14.2760
 14.4620
 15.9280
 15.9980
 16.1600
 16.2120
 16.3780
 17.0480
 17.4500
 17.6840
 17.7540
 18.3340
 18.4460
 19.7700
 21.1200
 23.3640
 23.9320
 27.1460
 30.1120
 30.2500
 31.0520
 31.0940
 33.9720
 34.1120
 38.4700


#Top pat = 25
-52.3960
-32.9880
-27.6760
-26.1120
-24.4760
-23.1000
-22.2020
-21.8720
-21.8360
-20.6220
-19.8560
-19.4140
-19.1700
-18.4120
-17.9200
-15.3400
-14.5460
-14.3900
-13.5740
-12.5360
-12.5220
-11.7620
-11.6980
-11.3600
-11.2820
-11.0060
-10.8080
-10.4560
-10.3460
-10.2800
-10.2260
 -9.7240
 -9.6280
 -9.1040
 -8.9280
 -7.9040
 -7.6500
 -7.5640
 -7.5140
 -7.0220
 -6.7880
 -6.6380
 -5.8340
 -5.8320
 -4.3140
 -3.5800
 -1.7340
 -1.6320
 -1.0700
 -0.3120
  0.1840
  0.4240
  0.5680
  1.3000
  1.3720
  2.8400
  3.1180
  3.2040
  3.2820
  3.3840
  3.4800
  3.8360
  6.6600
  7.1340
  8.2060
  8.8820
  9.1020
 10.0840
 10.9160
 11.3880
 11.4480
 11.7940
 11.9680
 12.1760
 12.4880
 13.3340
 14.4020
 14.6380
 15.0760
 15.7940
 16.1060
 16.5120
 16.5400
 17.2180
 18.0640
 18.1180
 18.6760
 19.1960
 20.1360
 20.1580
 22.2880
 23.0220
 27.4960
 28.4740
 29.4400
 31.4040
 31.4160
 33.0680
 34.2900
 38.1880


#Top pat = 26
-45.0900
-28.8280
-28.4400
-28.4360
-27.6020
-25.7520
-22.6580
-19.6100
-18.7280
-18.1200
-17.9240
-17.4000
-17.3900
-17.3000
-17.2620
-17.0580
-16.5620
-16.5140
-16.4380
-16.1240
-14.3560
-13.1300
-13.0180
-12.7580
-12.7340
-12.4740
-12.2720
-11.6700
-11.4980
-10.6400
 -9.8380
 -9.7880
 -9.0720
 -7.8780
 -7.2620
 -6.5520
 -6.0880
 -6.0420
 -5.9620
 -5.3200
 -5.1560
 -5.1000
 -4.8660
 -3.9660
 -3.7780
 -3.2840
 -3.1320
 -3.0920
 -3.0500
 -2.3480
 -1.4900
 -1.1800
 -0.2940
 -0.2860
  0.3980
  0.9300
  1.0860
  1.6760
  2.1280
  3.6480
  4.9620
  4.9940
  5.3240
  5.4940
  6.0660
  6.3880
  7.0000
 10.0520
 10.1440
 10.3040
 10.9820
 12.1240
 12.7480
 13.2500
 13.7820
 15.9980
 16.1100
 16.2320
 16.6260
 17.8580
 18.8740
 18.9020
 20.0160
 21.0880
 21.3240
 21.7960
 22.7720
 23.1480
 23.3160
 23.6500
 23.7200
 24.0940
 25.2840
 25.9800
 26.6360
 28.5080
 30.4480
 31.9940
 33.8220
 35.9540


#Top pat = 27
-44.1360
-31.0060
-27.9300
-27.7000
-27.6520
-26.4560
-21.0020
-20.8220
-20.5040
-19.4980
-18.8280
-18.5900
-17.7440
-16.5420
-16.3860
-16.3700
-16.2680
-16.1860
-15.6440
-15.4460
-15.4400
-15.2980
-14.8020
-13.1540
-12.9480
-12.4480
-12.4040
-11.6340
-11.5380
-11.2220
-10.9020
-10.7480
-10.7280
 -8.9900
 -8.4020
 -6.7420
 -5.6020
 -5.3060
 -5.1700
 -5.1300
 -4.8920
 -4.2560
 -3.5700
 -2.9980
 -2.8620
 -2.6460
 -2.4920
 -2.3240
 -2.2900
 -2.2840
 -1.7880
 -1.5420
 -0.9040
  0.3740
  1.3920
  1.7780
  2.3700
  2.7440
  3.1540
  3.9040
  4.1580
  4.2960
  4.6640
  5.2880
  5.4100
  5.5320
  6.4100
  8.6940
  9.5540
 11.0480
 12.0440
 12.1400
 13.0560
 13.6480
 14.1920
 14.2880
 14.8320
 15.4720
 17.8740
 19.2860
 19.4560
 19.4660
 19.6780
 20.1460
 20.4260
 20.6980
 21.2500
 21.2620
 21.6040
 21.8820
 21.9300
 22.4560
 25.3000
 26.7660
 26.9220
 27.5780
 30.6980
 31.3540
 32.9020
 36.9500


#Top pat = 28
-44.2900
-32.7340
-26.8460
-26.7400
-24.0820
-23.2640
-19.7560
-19.6060
-19.4840
-18.9560
-18.9320
-18.0780
-17.7000
-17.6000
-17.5760
-16.9080
-16.6160
-16.0520
-15.7060
-15.4780
-15.3660
-15.2440
-15.2240
-14.6880
-14.5640
-14.2500
-14.2140
-13.9500
-13.6760
-12.7920
-12.5480
-11.5160
-10.8480
-10.3140
 -9.0440
 -8.9600
 -8.6720
 -8.0600
 -7.7320
 -6.3160
 -4.8360
 -4.7220
 -4.2220
 -3.3880
 -3.0280
 -2.8860
 -2.7400
 -2.5940
 -1.6520
 -1.5880
 -0.1260
  0.1940
  0.4340
  0.9100
  1.5320
  2.4180
  2.8480
  4.5680
  4.8640
  4.8720
  5.6880
  5.7020
  6.5780
  6.7900
  7.5920
  7.7100
  8.8500
  8.9860
  9.4840
  9.8460
 10.3900
 11.4220
 11.9400
 12.2000
 14.3680
 14.9400
 16.2220
 16.3880
 16.4240
 16.6120
 17.6920
 17.8960
 18.2500
 19.1080
 20.6600
 21.9060
 21.9840
 22.3680
 22.6940
 23.1240
 23.8140
 24.9200
 25.3420
 26.2360
 26.2820
 27.4040
 27.7220
 29.6620
 35.1060
 40.3940


#Top pat = 29
-40.7480
-34.5020
-27.0040
-26.2360
-25.8120
-25.5900
-23.3300
-23.0400
-21.7640
-19.8920
-19.6440
-19.5000
-18.8380
-18.3600
-17.9840
-17.8100
-17.0120
-15.8980
-15.5200
-15.4180
-15.1320
-14.5580
-14.0120
-13.4860
-13.1620
-12.9900
-12.5400
-12.1640
-12.0780
-11.6160
-11.3860
-10.9260
-10.6500
 -9.6720
 -9.0360
 -8.1800
 -8.0840
 -7.3520
 -6.6300
 -6.5000
 -6.3000
 -5.1080
 -4.9080
 -3.8360
 -3.7880
 -3.1480
 -2.2780
 -0.1900
 -0.0040
  0.4860
  0.6920
  0.7540
  1.8460
  2.1420
  3.3620
  3.7640
  4.6420
  4.6440
  4.8940
  6.2200
  6.6200
  6.8080
  7.5060
  7.9180
  8.3700
  9.7560
 10.3320
 10.7380
 11.3580
 12.5500
 13.0800
 13.0860
 13.2460
 13.4000
 13.6660
 13.8060
 14.8600
 15.4300
 15.9540
 16.3120
 16.7520
 17.0340
 17.3960
 18.3120
 19.2120
 19.8240
 20.3720
 20.5480
 22.2540
 24.3400
 24.6740
 24.8920
 26.0220
 30.9700
 31.0180
 31.5500
 33.9380
 34.5100
 37.0860
 40.2180


#Top pat = 30
-40.9260
-34.8180
-27.3600
-26.6180
-25.9600
-25.9240
-23.6860
-23.3980
-21.9260
-20.2520
-19.9940
-19.6140
-19.3540
-18.5460
-18.3560
-18.1720
-17.5380
-16.2580
-15.8640
-15.8500
-15.7440
-14.8740
-14.3860
-13.8000
-13.3820
-13.3180
-13.0740
-12.6340
-12.3900
-12.1540
-11.7400
-11.3240
-11.1960
-10.0500
 -9.3060
 -8.9120
 -8.3880
 -7.4980
 -6.8340
 -6.8060
 -6.7840
 -5.7000
 -5.6680
 -4.1720
 -4.1140
 -3.5340
 -2.7500
 -0.7180
 -0.5020
  0.1120
  0.3500
  0.5780
  1.5000
  1.7700
  2.8560
  3.4480
  4.0980
  4.5160
  4.5380
  5.8580
  6.4580
  6.4860
  7.3800
  7.4220
  8.0200
  9.5800
 10.1900
 10.4340
 10.8260
 12.2240
 12.5320
 12.7020
 12.8460
 13.1200
 13.2820
 13.5700
 14.5200
 15.0820
 15.6280
 15.6520
 16.6000
 16.6980
 17.0780
 17.8120
 19.0760
 19.3100
 19.9820
 20.0140
 22.1120
 23.8240
 24.1800
 24.5020
 25.6460
 30.6320
 30.6640
 31.5960
 33.4380
 33.6380
 36.5120
 39.8420


#Top pat = 31
-37.5060
-31.5600
-29.1920
-27.4340
-27.4040
-26.3680
-25.6320
-25.4220
-24.4940
-21.1360
-20.5220
-20.0860
-19.1500
-18.4500
-17.5140
-16.6820
-15.8880
-15.8680
-15.6560
-15.1660
-15.0760
-14.9320
-14.8940
-14.8360
-14.5300
-14.4040
-14.3700
-13.9900
-13.7340
-13.1460
-12.8280
-12.2640
-11.2340
-10.4840
 -9.0040
 -7.9300
 -7.7580
 -7.1940
 -7.0760
 -7.0260
 -5.7000
 -5.6500
 -5.5240
 -4.5840
 -4.4080
 -4.1220
 -3.5440
 -2.5660
 -2.5020
 -0.9840
 -0.0620
  1.7140
  1.8960
  2.0740
  2.3800
  2.5200
  4.1420
  4.5060
  5.0320
  5.7900
  5.9500
  6.1460
  6.6120
  7.5580
  8.3680
  9.6680
 10.1160
 10.1860
 10.7280
 11.2400
 12.0360
 13.8660
 13.9940
 14.9540
 15.1180
 15.4640
 15.6700
 15.8120
 15.8740
 16.0580
 16.1500
 16.1640
 16.8100
 17.2480
 17.2600
 17.5780
 18.4420
 19.2820
 19.6400
 21.7380
 22.3520
 27.8520
 27.9220
 31.2760
 32.3600
 34.0120
 35.0220
 36.6180
 36.6800
 42.8120


#Top pat = 32
-37.6900
-32.0900
-29.2660
-27.7980
-27.5980
-26.6420
-25.7960
-25.5180
-24.7840
-21.1140
-21.0920
-20.5340
-19.7020
-18.8300
-18.0560
-17.2340
-16.3600
-15.9960
-15.9740
-15.4940
-15.3900
-15.3620
-15.3540
-15.2200
-15.0440
-14.9000
-14.7260
-14.6820
-14.1180
-13.6500
-13.3640
-12.5640
-11.6140
-10.8240
 -9.7720
 -8.3140
 -7.8080
 -7.7440
 -7.6940
 -7.5700
 -6.0920
 -6.0680
 -6.0500
 -5.1440
 -4.7340
 -4.2840
 -4.1340
 -2.9100
 -2.6660
 -1.3080
 -0.7500
  1.3640
  1.4940
  1.5600
  1.7680
  2.0620
  3.7720
  4.1680
  4.6460
  5.4460
  5.6120
  5.7740
  6.2360
  7.2460
  8.0520
  9.5560
  9.8140
  9.8140
 10.1720
 10.8840
 11.6500
 13.3520
 13.8220
 14.5380
 14.6280
 15.1500
 15.4400
 15.4940
 15.6920
 15.7820
 15.9160
 16.0100
 16.4840
 16.8960
 16.9240
 17.0100
 17.8620
 18.9380
 19.0680
 21.4100
 21.9740
 27.5200
 27.6120
 30.9160
 32.3640
 33.8320
 34.8960
 36.1460
 36.3260
 42.1460


#Top pat = 33
-38.0640
-32.3640
-29.8380
-27.9760
-27.7520
-26.9340
-26.3900
-25.8600
-25.5660
-21.7700
-21.6460
-21.1160
-20.0600
-19.1740
-18.0400
-17.4740
-16.7120
-16.4720
-16.2340
-15.8320
-15.5760
-15.5640
-15.5640
-15.5240
-15.4700
-15.2100
-15.0560
-14.6640
-14.0620
-13.8440
-13.7360
-12.7200
-11.7620
-10.9760
-10.3140
 -8.4560
 -8.3200
 -8.2960
 -7.9520
 -7.8440
 -6.6000
 -6.5660
 -6.4080
 -5.7200
 -5.2600
 -4.7640
 -4.4920
 -3.4480
 -2.7840
 -1.7980
 -1.1220
  1.1600
  1.1940
  1.2480
  1.6040
  1.7360
  3.4940
  3.8140
  4.1300
  4.7060
  5.2420
  5.5040
  5.7180
  6.6580
  7.9100
  9.0200
  9.4440
  9.4740
  9.6560
 10.1740
 11.7520
 12.9700
 13.4380
 14.1940
 14.4760
 15.0020
 15.0040
 15.2460
 15.2800
 15.3600
 15.5800
 15.6880
 16.2100
 16.3160
 16.6180
 16.7180
 17.5240
 18.7500
 18.7760
 21.2560
 21.6040
 26.8460
 27.1980
 30.4200
 31.5960
 33.4460
 34.3240
 35.9560
 36.0060
 41.7540


#Top pat = 34
-42.0120
-33.7860
-32.0040
-31.4760
-29.8760
-26.6720
-26.2740
-25.6060
-25.3760
-24.9400
-21.6520
-20.0260
-19.7560
-19.3260
-19.3000
-18.6360
-18.4480
-18.0960
-17.2640
-16.8000
-16.5500
-16.2600
-15.3520
-14.8720
-14.6820
-14.6640
-14.2240
-13.6140
-12.5720
-12.5040
-12.0940
-11.9220
-10.9440
-10.7700
 -9.3720
 -9.0160
 -8.9520
 -8.3560
 -7.9140
 -6.8640
 -5.3080
 -4.8760
 -4.8260
 -4.5900
 -4.4000
 -3.8280
 -3.5160
 -3.0100
 -2.9220
 -2.3380
 -1.8280
 -0.9940
 -0.9780
  0.3580
  0.8480
  1.2800
  2.1340
  2.8340
  2.9400
  3.9480
  4.3120
  5.5240
  5.9460
  6.5460
  6.9320
  7.0180
  8.7880
  8.8640
  9.3640
  9.4040
 11.4500
 11.8840
 12.1780
 12.7260
 13.8500
 14.4060
 14.5020
 14.7860
 14.7880
 16.3000
 16.3800
 16.7120
 16.8340
 16.9660
 17.1960
 17.4780
 17.5580
 18.0460
 18.8300
 21.2540
 22.5740
 24.8180
 26.5140
 28.3860
 30.2520
 32.0440
 32.3260
 35.8340
 37.7760
 43.3640


#Top pat = 35
-39.3380
-35.0460
-32.3680
-32.2040
-29.2260
-27.3560
-26.9600
-26.0800
-26.0120
-25.3920
-24.3600
-22.5320
-21.4120
-20.8140
-20.1620
-19.9320
-19.8340
-19.3380
-19.3260
-18.3760
-18.0900
-17.7280
-16.9340
-16.6180
-16.1700
-14.1020
-14.0520
-13.8620
-13.7260
-12.3120
-11.6860
-10.7640
-10.7480
-10.4440
 -9.7620
 -8.0020
 -7.9860
 -7.8300
 -7.0180
 -6.1380
 -6.0920
 -4.3440
 -4.2160
 -3.9480
 -2.4560
 -2.4400
 -2.3980
 -2.3240
 -2.2360
 -1.9420
 -1.7440
 -1.4340
 -1.2060
 -0.5420
  0.0620
  0.4200
  2.8580
  3.7180
  3.7660
  4.1720
  4.2140
  4.9780
  6.0160
  6.2100
  8.2540
  8.5640
 11.1120
 11.2580
 11.7720
 11.9420
 12.3460
 12.8080
 12.8700
 13.2120
 13.4380
 13.7060
 13.7440
 13.9280
 14.3960
 14.7600
 15.9200
 16.0200
 17.1760
 17.1980
 17.3760
 18.3800
 18.9340
 20.6680
 21.1960
 23.7740
 23.7780
 25.1780
 25.3200
 25.3800
 25.7740
 27.0300
 31.2780
 34.7600
 36.1940
 47.0460


#Top pat = 36
-39.1380
-35.5260
-32.0660
-32.0660
-30.3780
-28.5440
-26.8460
-26.4580
-25.6720
-25.3920
-24.8520
-22.3820
-20.9400
-20.6900
-20.4360
-20.1560
-19.6560
-19.3720
-19.3320
-19.2260
-18.3100
-17.7320
-16.5500
-16.4820
-16.4460
-15.7000
-15.1980
-14.6840
-14.3780
-13.7500
-12.4020
-11.9460
-11.6480
-11.0200
-10.2480
 -9.9360
 -9.7120
 -7.3040
 -7.0880
 -7.0200
 -6.1320
 -5.7640
 -4.1640
 -3.8320
 -3.5180
 -3.4600
 -3.3700
 -3.2660
 -2.0160
 -1.9120
 -1.3840
 -0.9160
 -0.8180
  0.0060
  0.3580
  1.1680
  2.7780
  3.0500
  3.9460
  4.0080
  4.4020
  4.6060
  5.5120
  6.1760
  7.0640
  8.5880
  9.0240
 10.1100
 11.3840
 11.9420
 11.9800
 12.3200
 12.7260
 12.7760
 13.3160
 13.3620
 13.8640
 13.8980
 14.0820
 14.9200
 16.1400
 16.2000
 16.2080
 16.8560
 17.1500
 17.7080
 18.5500
 20.7940
 21.5620
 24.0900
 24.1240
 24.1320
 24.4560
 24.5900
 25.5140
 27.1760
 30.9240
 32.4860
 35.8280
 47.2240


#Top pat = 37
-35.0580
-34.4400
-34.1620
-33.8160
-33.3860
-29.4120
-27.3500
-26.8140
-25.9200
-25.1180
-25.0520
-22.6420
-22.0800
-20.9240
-20.6120
-20.4720
-19.9380
-19.5580
-18.7440
-18.4260
-18.0360
-16.3840
-16.0920
-16.0460
-16.0120
-15.6520
-15.2660
-13.6160
-12.4400
-12.1440
-11.7060
-10.8680
-10.6180
-10.4840
-10.0980
 -9.5720
 -9.5300
 -9.4500
 -9.3640
 -9.0300
 -9.0240
 -8.6000
 -8.3880
 -8.0460
 -7.6400
 -6.6980
 -4.3340
 -3.9240
 -3.4480
 -2.0380
 -1.2920
 -1.0280
 -0.9540
 -0.4600
  0.5600
  0.5800
  0.7520
  4.4060
  4.5060
  4.9800
  5.2680
  6.1600
  7.3360
  7.8040
  7.9400
  8.0420
  8.1400
  9.7060
  9.9380
 10.1600
 10.6040
 10.9380
 11.4520
 12.0500
 12.2440
 12.7020
 12.7500
 14.4860
 14.6880
 15.3080
 15.7560
 16.0280
 17.0160
 17.3080
 18.0620
 18.9860
 19.1600
 20.0220
 22.0960
 24.1960
 24.5760
 27.1480
 28.7760
 29.0900
 29.1900
 30.0420
 32.1980
 33.5480
 35.5140
 50.2840


#Top pat = 38
-36.9820
-36.6760
-36.3200
-34.0140
-32.6940
-29.8600
-28.7340
-28.2180
-27.7680
-24.6260
-23.8260
-22.9080
-21.5200
-20.9940
-20.3780
-20.0940
-19.6840
-18.8840
-18.2580
-18.2120
-18.1240
-17.7060
-17.0460
-16.8180
-14.4120
-14.4060
-14.2160
-14.0500
-13.8580
-11.9480
-11.5860
-11.2800
-10.8800
-10.1120
 -9.9880
 -9.6580
 -9.3500
 -9.0980
 -8.9020
 -8.5580
 -8.4420
 -7.9960
 -7.7580
 -7.3740
 -7.3080
 -6.9140
 -6.4540
 -5.8180
 -5.4260
 -5.0380
 -1.9800
 -1.8440
 -1.7080
 -0.9020
 -0.0260
  1.5920
  1.6560
  2.2960
  3.6300
  3.7800
  4.6860
  5.5760
  6.0840
  6.2120
  6.7800
  7.3280
  8.9040
  9.0380
  9.7000
  9.8860
 10.2380
 10.3520
 10.8280
 11.7500
 13.1260
 13.7380
 14.1820
 14.2180
 14.7180
 15.1660
 15.6020
 15.6600
 16.4180
 17.4760
 18.3220
 18.4180
 19.0940
 21.1940
 21.3760
 23.1040
 25.4760
 27.3800
 28.5620
 28.7020
 29.7680
 30.6840
 30.7980
 32.5780
 32.7240
 47.5340


#Top pat = 39
-38.1460
-36.8500
-36.0160
-34.8440
-31.7300
-31.7040
-31.5720
-30.6780
-26.5860
-26.4900
-25.1160
-23.7580
-23.5000
-23.4840
-22.5440
-21.8240
-20.9580
-20.5460
-18.8840
-17.2700
-17.1420
-16.7000
-16.6080
-15.6960
-15.2860
-15.0960
-13.9740
-13.7200
-13.2760
-12.3760
-12.2860
-12.1400
-11.8120
-10.9520
-10.8920
-10.4980
-10.3200
 -9.2380
 -8.0900
 -8.0440
 -7.1920
 -6.8420
 -6.6240
 -6.3960
 -6.0560
 -5.5800
 -5.5380
 -5.4280
 -4.7680
 -4.4740
 -4.3640
 -3.9400
 -3.5080
 -1.7460
 -0.4940
  0.0460
  3.1580
  3.3040
  3.3580
  4.0560
  4.2300
  4.6740
  7.2260
  7.8200
  8.2580
  9.1200
  9.7680
  9.8780
  9.8900
 10.2400
 10.3360
 10.4920
 10.5700
 10.9340
 11.1680
 12.0160
 12.5420
 12.7080
 14.7900
 14.9020
 15.1200
 15.9180
 17.9320
 17.9780
 18.3700
 19.5160
 19.5260
 19.5540
 19.7500
 21.5060
 21.6040
 27.2480
 27.8360
 28.0340
 28.8980
 29.0580
 29.6680
 30.0640
 30.3580
 47.9900


#Top pat = 40
-38.7340
-36.9880
-36.7140
-34.4500
-32.6100
-31.5660
-30.9820
-30.6120
-28.1040
-27.7320
-24.7940
-23.4220
-23.3520
-23.2900
-22.4000
-22.0260
-21.9180
-20.5160
-20.4040
-17.6900
-16.9560
-16.8180
-16.3720
-16.2540
-15.5500
-14.8660
-14.7740
-14.6260
-14.4660
-13.5020
-12.6040
-11.8400
-11.8300
-11.5540
-11.1540
-10.5520
 -9.9980
 -9.1900
 -9.1880
 -8.1100
 -7.7140
 -7.6440
 -6.8820
 -6.8620
 -5.9460
 -5.6700
 -5.4040
 -5.1960
 -5.1180
 -4.6940
 -4.5220
 -4.3980
 -3.4040
 -1.6320
 -1.5980
 -0.5220
  1.4540
  2.4760
  3.2820
  3.3300
  4.5920
  5.0040
  7.3780
  8.1760
  8.1940
  8.2100
  8.3160
  8.6400
  8.9380
  9.0120
  9.8960
 10.0540
 10.2500
 10.3480
 10.5020
 10.5980
 12.7160
 12.8840
 13.8660
 14.8540
 15.2400
 15.7060
 16.4560
 17.9260
 18.3140
 18.4740
 18.5460
 19.9200
 20.0760
 21.1240
 21.4980
 25.5200
 28.4040
 28.4040
 29.1880
 29.2020
 29.4460
 29.4940
 29.6280
 48.0660


#Top pat = 41
-39.9900
-37.1280
-36.5520
-35.9340
-34.0600
-33.1860
-31.7000
-30.9860
-30.8820
-30.7120
-24.9540
-22.2800
-21.0700
-20.9100
-20.8880
-19.5580
-19.5120
-19.4160
-19.3120
-19.1320
-17.9100
-17.6820
-17.4340
-15.6260
-15.2680
-13.9240
-13.9000
-13.8860
-12.9400
-12.9080
-12.1040
-11.9800
-11.4740
-11.1340
 -9.9120
 -8.8800
 -8.6840
 -8.3040
 -7.8880
 -7.6680
 -6.7160
 -6.6780
 -5.8640
 -5.6880
 -5.5800
 -4.9280
 -3.7520
 -3.2080
 -2.9460
 -2.6320
 -1.9760
 -1.8580
 -1.8340
 -1.3460
 -1.3380
 -1.2180
  0.6280
  1.8860
  2.0420
  2.7660
  3.4400
  4.2000
  4.4360
  4.8000
  4.8460
  5.1300
  5.1480
  5.1480
  5.6840
  7.0840
  7.9000
  8.0220
  9.4200
 11.1740
 11.3660
 11.5140
 12.4900
 13.1320
 13.6480
 15.3960
 15.4040
 16.1480
 16.5900
 17.4180
 17.4240
 17.8680
 19.6280
 20.3500
 20.7420
 21.7200
 22.4780
 23.1900
 25.0540
 25.4160
 26.1360
 27.9640
 31.6940
 32.5200
 33.3020
 45.2580


#Top pat = 42
-41.7000
-41.1260
-41.0220
-38.5760
-35.5340
-35.0040
-28.1540
-27.5160
-27.0800
-25.9780
-25.7560
-25.2220
-25.2220
-24.3980
-24.3480
-23.7120
-21.9760
-21.3500
-20.9620
-20.9220
-19.2980
-17.6180
-17.4580
-17.3920
-16.8240
-16.5900
-15.1020
-13.8940
-13.1140
-12.6520
-12.4940
-12.4080
-12.3340
-12.2700
-11.2980
-10.9340
-10.3680
 -9.0780
 -8.8820
 -8.5960
 -8.3220
 -7.7520
 -6.4580
 -5.8560
 -5.7280
 -5.2320
 -3.2040
 -3.1960
 -2.7900
 -2.4640
 -1.8520
 -1.4140
 -0.7280
 -0.6100
  1.2200
  1.4540
  1.7340
  1.9820
  1.9840
  1.9860
  2.0860
  2.1280
  3.0560
  3.2340
  3.3160
  5.6140
  6.3440
  6.7680
  6.7880
  7.2960
  7.5860
  8.6000
  8.6940
  9.1200
  9.5960
 10.9740
 12.4960
 12.7600
 13.4220
 13.4680
 14.7680
 14.7700
 16.3400
 16.4780
 16.8100
 17.2380
 17.7060
 19.1120
 19.6960
 20.5140
 20.5200
 21.3960
 24.0540
 27.8820
 28.4920
 30.7180
 31.3520
 36.7040
 37.7220
 46.4100


#Top pat = 43
-44.3640
-42.7460
-38.3340
-35.9860
-32.9880
-32.8600
-31.0940
-30.0500
-29.5540
-29.2900
-28.6240
-28.3380
-27.3420
-25.6440
-23.4980
-22.4840
-21.8980
-21.5460
-21.0760
-20.0420
-18.7240
-18.5040
-18.2880
-17.1340
-16.5540
-15.7380
-14.1680
-13.6360
-13.5380
-13.4720
-13.4680
-12.8900
-12.7740
-12.4680
-11.6600
-10.2060
-10.1980
 -9.4440
 -8.8160
 -8.3020
 -7.7360
 -7.5800
 -7.2520
 -6.8620
 -5.5080
 -5.3820
 -5.2360
 -3.8900
 -3.3080
 -2.7460
 -2.6980
 -1.7680
 -1.4740
 -1.2400
 -1.0900
 -1.0820
  0.1980
  0.3460
  2.0900
  2.3280
  2.7420
  2.8280
  4.2120
  4.3240
  4.6980
  5.4720
  5.6000
  5.6420
  6.4960
  8.4100
  8.8360
  9.3400
  9.4980
  9.6300
 10.8560
 11.1200
 11.3260
 11.6140
 12.1720
 13.1860
 14.6300
 15.5340
 15.8320
 16.3240
 16.8940
 17.2740
 17.9760
 18.0280
 20.3660
 21.6600
 21.6720
 22.2220
 23.5640
 25.8040
 27.6660
 28.3520
 34.4820
 35.2720
 39.2100
 47.5300


#Top pat = 44
-45.6240
-44.8040
-36.5740
-35.4400
-35.2960
-34.1960
-32.8300
-32.2980
-31.2780
-30.6440
-27.7040
-27.3340
-26.9540
-26.6520
-25.8580
-25.3560
-22.6240
-22.4780
-21.8760
-19.7180
-18.9540
-18.3680
-18.3040
-18.2840
-17.7140
-16.5260
-15.8780
-15.6500
-15.3640
-14.8400
-13.9980
-13.5600
-12.9300
-12.8380
-10.7820
-10.4000
 -9.9760
 -9.7780
 -9.3660
 -9.2160
 -8.0660
 -7.0800
 -6.6280
 -6.5780
 -6.5680
 -5.7220
 -5.5060
 -5.2120
 -4.9820
 -3.8400
 -3.4760
 -3.3880
 -3.0560
 -2.7420
 -1.5180
 -0.4800
  1.0880
  1.5100
  1.5380
  1.6980
  2.1600
  2.6820
  2.7700
  4.7580
  5.2440
  5.6620
  5.6720
  5.8200
  6.1220
  6.1520
  7.3700
  9.1360
 10.3280
 11.3260
 12.3360
 12.5240
 12.5960
 13.0400
 13.1200
 13.9620
 15.2740
 15.8360
 17.2320
 17.2380
 17.8640
 17.9880
 18.2640
 18.3840
 18.7440
 19.1200
 19.5940
 19.6640
 23.2300
 25.2020
 26.5240
 28.3020
 34.0680
 35.1220
 36.4380
 47.2400


#Top pat = 45
-47.4680
-45.3540
-41.7220
-38.6080
-34.7460
-34.6440
-33.1820
-32.9780
-28.5820
-28.1800
-28.1600
-27.3840
-25.8420
-25.3240
-24.4400
-23.7500
-22.8020
-22.6600
-21.1120
-21.1120
-20.4860
-19.5800
-19.4480
-17.9600
-17.3600
-16.4760
-16.4600
-15.6820
-15.5720
-14.3680
-13.5580
-13.3740
-13.1240
-12.4100
-11.7960
-11.3820
-11.0400
-10.9980
-10.9260
-10.5820
-10.4140
 -9.0700
 -8.8680
 -6.8700
 -6.2700
 -5.9820
 -4.8120
 -4.2620
 -3.8080
 -2.9560
 -2.7560
 -2.6080
 -1.6220
 -1.5160
 -1.2260
 -0.6160
  0.2900
  1.2560
  1.8060
  1.8600
  2.3620
  3.9880
  4.2680
  4.3620
  5.4320
  5.5760
  6.3780
  6.4200
  7.8840
  8.0960
  8.2940
  8.3220
  9.1760
  9.7360
 10.3260
 10.8140
 12.1620
 12.3800
 13.7480
 13.8660
 14.8740
 14.9980
 15.0740
 15.4060
 15.8800
 16.3820
 17.6380
 19.5380
 19.5940
 19.9900
 20.8820
 21.7000
 22.0900
 26.9260
 26.9860
 27.7500
 33.2160
 37.1940
 37.8060
 41.1380


#Top pat = 46
-45.1560
-44.7240
-41.6500
-34.9560
-34.4920
-33.0460
-32.1520
-30.9000
-30.1920
-29.8140
-27.8360
-27.4620
-27.1940
-25.8140
-24.4000
-23.7040
-22.6720
-22.1080
-20.9960
-20.9200
-20.7980
-20.6160
-20.4920
-18.3260
-18.0360
-17.8260
-17.1380
-16.7980
-16.4180
-14.9280
-14.2880
-13.8060
-13.7900
-13.3180
-12.4740
-12.2880
-11.9460
-11.7760
-11.6340
-11.3640
 -9.6540
 -8.9940
 -8.2440
 -6.8580
 -6.6940
 -5.6920
 -4.8100
 -4.3220
 -3.9880
 -2.8200
 -2.6500
 -2.5060
 -2.1200
 -1.9920
 -0.7720
 -0.1060
 -0.0400
  0.8420
  0.9760
  2.2500
  2.8200
  3.0380
  3.2600
  4.0460
  4.7480
  4.8920
  5.8780
  6.5240
  7.3760
  8.5200
  9.4820
  9.5140
  9.8900
 10.8580
 11.6980
 12.0920
 12.6160
 12.7840
 13.1520
 13.2360
 13.4680
 14.6580
 14.9300
 15.2100
 16.0220
 17.3240
 18.4760
 18.6220
 18.7340
 18.9040
 19.7580
 22.6500
 23.1360
 28.0320
 29.9680
 31.7260
 34.3220
 34.6200
 39.3920
 43.7980


#Top pat = 47
 26.8620
 27.5100
 27.7300
 28.2000
 28.2300
 28.3840
 29.7720
 29.9140
 30.1100
 30.2980
 30.3660
 30.4620
 30.5300
 30.7500
 30.8320
 31.3520
 31.5620
 31.6680
 31.7040
 31.8040
 31.8200
 31.9120
 31.9340
 32.0300
 32.0460
 32.0600
 32.1740
 32.2840
 32.4020
 32.5300
 32.6340
 32.7920
 32.8400
 32.9360
 33.1340
 33.1640
 33.2560
 33.4500
 33.7220
 33.7540
 33.8180
 33.8340
 33.8480
 33.9260
 33.9800
 34.0760
 34.1060
 34.3420
 34.3440
 34.3540
 34.4440
 34.4840
 34.5440
 34.5920
 34.6080
 34.7360
 34.8880
 34.9360
 35.0280
 35.0940
 35.4900
 35.7180
 35.8580
 35.9520
 36.0860
 36.1280
 36.1720
 36.2040
 36.2300
 36.2880
 36.3020
 36.3060
 36.3540
 36.3920
 36.7500
 36.7760
 36.8140
 36.9940
 37.0420
 37.1280
 37.1920
 37.3080
 37.5440
 37.7240
 37.9300
 38.2200
 38.8560
 39.2540
 39.5900
 39.8680
 40.3820
 40.5840
 41.7780
 41.9540
 42.1060
 43.8040
 44.9340
 45.8880
 48.5920
 50.4960


#Top pat = 48
 24.6920
 25.4800
 25.7520
 25.9640
 26.1900
 26.6100
 26.6820
 27.8180
 28.2360
 28.3600
 28.5280
 29.3420
 29.6060
 29.7020
 30.1100
 30.2500
 30.3760
 30.4620
 30.5500
 30.6460
 30.9540
 30.9800
 31.0300
 31.1220
 31.1680
 31.2380
 31.2680
 31.4300
 31.4820
 31.7560
 31.9400
 32.1520
 32.2320
 32.2900
 32.3500
 32.3860
 32.4400
 32.5320
 32.5500
 32.7560
 32.8640
 33.2980
 33.5720
 33.6200
 33.6340
 33.8260
 33.8280
 33.8500
 33.8800
 34.3780
 34.4260
 34.6120
 34.6540
 34.6960
 35.1160
 35.1540
 35.1940
 35.4200
 35.4380
 35.6360
 35.6680
 35.8060
 35.9160
 36.3580
 36.6760
 36.8140
 36.8560
 36.9660
 37.0200
 37.0980
 37.1000
 37.2000
 37.2480
 37.3940
 37.4000
 37.6020
 37.8720
 38.0340
 38.0900
 38.0920
 38.2460
 38.6020
 38.8440
 39.0240
 39.5360
 39.6340
 39.7520
 40.1080
 40.5740
 40.9440
 40.9720
 41.1460
 41.2100
 41.3800
 41.5240
 42.3500
 42.6480
 46.8080
 46.8280
 47.5000


#Top pat = 49
 24.1260
 25.0800
 25.2800
 25.4040
 25.8920
 26.1080
 26.2240
 27.4760
 27.6220
 27.8880
 27.9920
 29.0380
 29.2160
 29.3540
 29.9080
 29.9980
 30.1640
 30.1700
 30.2720
 30.3600
 30.4500
 30.6580
 30.6880
 30.7520
 30.8480
 30.8640
 30.9360
 30.9540
 31.2300
 31.3780
 31.3940
 31.6600
 31.7140
 31.9080
 31.9080
 32.0180
 32.0460
 32.1540
 32.1660
 32.5780
 32.6200
 32.9520
 33.0240
 33.1080
 33.2040
 33.2580
 33.4140
 33.4360
 33.5520
 33.6760
 34.0360
 34.0460
 34.1460
 34.3660
 34.5080
 34.5900
 34.7260
 34.8220
 34.8400
 35.1700
 35.2320
 35.5960
 35.7580
 36.0020
 36.2940
 36.3340
 36.4660
 36.5180
 36.5820
 36.6760
 36.8920
 36.9040
 36.9240
 36.9940
 37.2320
 37.3160
 37.4800
 37.6120
 37.6640
 37.8000
 37.9840
 38.0640
 38.2660
 38.8520
 39.0200
 39.0840
 39.3800
 39.7520
 40.3120
 40.3600
 40.4740
 40.6740
 41.0360
 41.1520
 41.3340
 41.7760
 41.8980
 46.2860
 46.4480
 47.1240


#Top pat = 50
  9.6540
 15.2060
 17.7720
 17.9360
 18.0680
 18.1840
 18.5000
 18.5400
 19.3180
 20.1340
 20.9300
 21.0740
 22.6860
 22.8740
 22.9500
 24.1520
 24.3280
 24.4840
 25.2440
 25.2920
 25.6940
 26.1480
 26.3880
 26.5700
 26.7420
 27.8860
 28.2280
 28.7160
 29.6280
 29.8340
 30.6180
 30.6940
 30.7560
 30.9620
 30.9680
 31.0460
 31.1500
 31.2880
 31.3500
 31.4100
 31.9400
 32.3680
 33.1960
 33.2380
 33.4280
 33.6120
 33.8680
 34.0440
 34.1440
 34.7240
 35.0900
 35.1380
 35.4100
 35.7360
 35.7480
 35.9860
 36.3240
 36.6040
 36.9200
 36.9820
 37.2560
 37.3760
 37.5260
 37.6880
 37.7180
 37.9580
 38.4040
 38.5340
 38.6420
 38.8860
 38.9140
 39.7900
 40.0300
 40.0540
 40.2340
 40.6260
 40.7680
 40.7720
 41.2060
 41.4680
 41.6380
 41.8100
 41.8780
 41.9380
 42.0600
 42.2600
 42.5260
 42.5440
 42.5820
 42.5840
 43.2740
 44.0080
 45.0720
 45.1620
 45.2200
 46.1440
 46.5720
 46.8980
 53.0740
 59.0280


