#..\..\Net100seed42.net EP02delta0.1Input0.5.train 42
#Top pat = 1


#Top pat = 2


#Top pat = 3
  5.0580
  8.2480
  8.8180
  9.2680
 10.2960
 11.1800
 12.5580
 12.6640
 13.0620
 13.2920
 13.2960
 13.4680
 13.5960
 13.6280
 13.9760
 14.0140
 14.0980
 14.2160
 14.2940
 14.3400
 14.5540
 14.5860
 14.7560
 15.1000
 15.2480
 15.2880
 15.6280
 15.7120
 15.7940
 15.8600
 15.9000
 15.9640
 16.0460
 16.1600
 16.1620
 16.1860
 16.1860
 16.2120
 16.5100
 16.7160
 16.7340
 16.8800
 16.9040
 17.1400
 17.4800
 17.7260
 17.7840
 18.0200
 18.1020
 18.1600
 18.4800
 18.5140
 18.5500
 18.5500
 18.5620
 18.5720
 18.5960
 18.6780
 18.7380
 18.7960
 18.8320
 18.8440
 18.8800
 19.0200
 19.1380
 19.1380
 19.2320
 19.8280
 21.0880
 21.5560
 21.8940
 21.9680
 23.7380
 23.9200
 25.6220
 27.1420
 48.7620
 49.6040
 49.9140
 50.0200
 50.1100
 50.1580
 50.1720
 50.4120
 50.5420
 50.6000
 50.6400
 50.6640
 50.7560
 50.7740
 50.7900
 50.8780
 50.9880
 51.1280
 51.6320
 54.0080
 56.2020
 58.1040
 58.9020
 61.6180


#Top pat = 4
  5.5980
  6.9780
  8.1260
  8.7160
 10.0880
 10.3820
 10.7380
 10.9580
 11.1280
 11.2280
 11.3320
 12.0020
 12.0120
 12.1320
 12.2780
 12.3040
 12.5800
 12.6940
 12.7560
 12.8660
 12.9820
 13.2060
 13.6800
 14.2100
 14.4080
 14.4260
 14.4280
 14.4300
 14.4820
 14.6160
 14.7300
 15.1020
 15.4440
 15.4460
 15.5260
 15.7500
 15.8260
 15.9360
 15.9880
 16.1440
 16.1640
 16.2060
 16.5480
 17.3640
 17.3780
 17.5540
 17.6500
 17.8160
 17.9000
 17.9120
 17.9260
 17.9720
 18.2300
 18.5940
 18.9100
 19.0900
 19.1480
 19.2660
 19.3540
 19.4020
 19.5520
 19.9800
 19.9800
 20.0820
 20.1680
 20.2020
 20.2460
 20.4660
 20.5600
 20.5980
 23.5280
 23.6680
 24.8040
 25.3800
 26.1480
 27.0920
 46.1860
 46.6600
 47.1140
 47.5120
 47.7260
 47.8680
 48.0360
 48.2740
 51.2440
 51.4040
 51.4340
 51.8280
 51.9920
 52.2000
 52.3540
 52.3540
 52.3600
 52.5560
 52.5780
 52.7680
 53.6540
 59.9340
 60.5820
 63.1480


#Top pat = 5
  2.3480
  3.2300
  4.2000
  4.4940
  6.9620
  7.0800
  7.2800
  7.4480
  7.5260
  7.7020
  7.9020
  8.1940
  9.3200
  9.4380
  9.8040
 10.2820
 10.9900
 11.1140
 11.3220
 11.3780
 11.6280
 12.1100
 12.2100
 12.4200
 13.1820
 13.2040
 13.4660
 15.2580
 15.6700
 16.2360
 17.0380
 18.2980
 18.5240
 18.8280
 18.9440
 19.7780
 20.2780
 20.3340
 20.3740
 20.4920
 21.0240
 21.3020
 21.3880
 21.4800
 21.6220
 21.7100
 21.9160
 22.0740
 22.1940
 22.4060
 22.8940
 23.9900
 24.2240
 24.3300
 24.6100
 24.7880
 25.2700
 25.4120
 25.6980
 26.0940
 26.1460
 27.4200
 27.4460
 27.5540
 27.6060
 27.6500
 28.1780
 28.2100
 28.2660
 28.8220
 33.7380
 40.5860
 40.8240
 40.9720
 41.2680
 41.7340
 41.8240
 42.4140
 42.5280
 43.9860
 46.4700
 47.1420
 47.5080
 47.5680
 47.6560
 48.5460
 52.1080
 52.8760
 53.4500
 54.0020
 54.3860
 55.1340
 56.8080
 58.3940
 58.4040
 58.8440
 58.8640
 59.9500
 60.0560
 60.0620


#Top pat = 6
  1.3960
  6.4900
  7.3440
  7.7900
  8.5160
  8.7720
  9.1960
  9.1980
  9.4240
  9.4700
 10.1240
 10.4060
 10.7000
 10.8440
 10.9220
 11.2460
 11.6540
 11.6560
 11.6900
 11.9040
 12.1620
 12.2800
 12.6580
 13.1700
 13.9580
 14.7500
 16.6420
 17.1140
 17.2160
 17.2340
 17.9400
 18.1040
 18.3040
 18.3260
 18.4480
 18.7900
 18.8220
 19.0460
 19.1220
 19.1660
 19.1720
 19.3640
 19.5800
 19.6460
 19.9060
 19.9080
 20.2120
 20.2880
 20.5700
 20.6900
 20.7300
 20.9560
 20.9880
 21.5560
 21.6660
 21.7280
 21.8280
 22.1200
 22.1680
 22.2620
 22.9220
 22.9940
 23.0180
 23.3980
 23.8020
 24.0380
 24.7920
 25.1800
 26.4740
 27.5220
 27.5700
 27.5740
 27.9940
 30.0820
 42.8000
 43.0640
 43.9880
 44.2680
 44.6020
 44.6060
 45.2540
 46.5960
 49.9780
 50.3400
 52.6700
 52.7440
 53.1600
 53.7220
 55.2380
 55.2700
 55.3180
 55.3600
 56.2820
 56.4480
 56.5140
 56.9220
 57.5180
 59.2460
 60.1420
 61.1760


#Top pat = 7
  0.8180
  2.6020
  3.5620
  3.6340
  4.3280
  5.2320
  5.2420
  5.6100
  5.7860
  5.8160
  5.8280
  5.8740
  5.9600
  6.7220
  6.8040
  7.1020
  7.3120
  8.1320
  8.3180
  8.5900
  8.6060
  9.0160
  9.2500
 10.2440
 10.3040
 11.1240
 11.3140
 11.7260
 12.0500
 12.0920
 12.4500
 13.1740
 13.3260
 13.4180
 13.7620
 13.9400
 14.0360
 14.3560
 14.5780
 14.6380
 14.8060
 15.2000
 15.4280
 16.0740
 16.5240
 16.7260
 17.3840
 17.3920
 17.5400
 17.6680
 17.8520
 17.8880
 18.0560
 18.4980
 18.6720
 18.8520
 20.6160
 21.4480
 21.5100
 22.5780
 23.1840
 24.9060
 25.8460
 28.0740
 28.5000
 28.8300
 29.7260
 32.1300
 32.2480
 33.1360
 33.7540
 35.3100
 35.3240
 35.6080
 35.8700
 35.8840
 36.0240
 36.5920
 37.3380
 37.6400
 37.7300
 38.1920
 40.1460
 40.4180
 41.4800
 41.5840
 41.7180
 42.1100
 43.5120
 43.5140
 44.3160
 44.6940
 45.7060
 47.4920
 48.2700
 49.0380
 57.5660
 62.4300
 69.3380
 73.2020


#Top pat = 8
  0.2060
  1.7820
  2.1820
  2.3000
  3.1480
  3.3540
  3.4680
  3.6240
  4.1840
  4.6300
  6.0280
  6.3480
  6.7140
  7.3560
  8.0060
  9.0460
  9.8520
 11.0040
 11.0060
 12.9020
 13.1260
 13.3340
 13.9800
 14.4020
 15.8300
 16.0660
 16.7040
 17.6000
 17.6520
 17.7400
 18.2900
 18.7300
 20.0260
 20.4600
 20.6440
 21.2040
 21.2820
 21.8140
 22.6580
 22.8920
 23.0280
 23.3060
 23.6100
 23.7360
 23.8000
 24.0840
 24.6220
 24.6680
 26.0420
 26.5920
 27.3420
 27.3620
 27.5200
 27.8360
 28.1220
 28.1960
 29.8100
 30.6140
 31.0040
 33.4200
 34.5760
 34.7620
 36.1940
 36.4880
 37.0420
 37.7360
 38.6680
 39.6580
 39.6720
 40.0400
 40.2140
 40.9580
 41.7540
 42.6720
 42.6740
 42.7260
 43.5980
 43.9040
 43.9760
 44.4860
 45.1400
 45.5080
 46.6300
 47.1520
 48.0340
 48.0940
 50.3480
 50.6720
 51.0260
 53.3840
 53.3860
 53.6300
 54.5220
 55.9120
 57.1500
 57.3780
 58.6100
 60.7220
 68.2660
 75.3060


#Top pat = 9
  4.5340
  5.3480
  5.5360
  6.8280
  7.0880
  8.0280
  8.5860
  8.7320
  9.9860
 10.0820
 10.7400
 10.9640
 11.0340
 11.4560
 11.5120
 11.8140
 11.8640
 12.0860
 12.1060
 12.2600
 12.7600
 13.0260
 13.1780
 13.2240
 13.3580
 13.5480
 14.0420
 14.6340
 14.6700
 14.7080
 14.8340
 14.9320
 15.0620
 15.2880
 15.5540
 15.7360
 15.8360
 16.0800
 16.2000
 16.2060
 16.5140
 16.5500
 16.5760
 16.7540
 17.1660
 17.2480
 17.4660
 17.6180
 18.0720
 18.1020
 18.1680
 18.2160
 18.7360
 19.5140
 19.5820
 19.6520
 19.7180
 19.7480
 19.8540
 20.2360
 20.3420
 20.7560
 20.7620
 20.9560
 21.1160
 21.1180
 21.4080
 21.5420
 21.7060
 21.9080
 21.9180
 22.6400
 23.5640
 23.5660
 24.9380
 25.1680
 25.5480
 25.7280
 41.2780
 43.3960
 44.3440
 44.7320
 44.9320
 45.1000
 45.4380
 48.1600
 49.6220
 50.6700
 51.2620
 51.8100
 52.5100
 53.6680
 54.1160
 54.2640
 55.2760
 56.5820
 57.6400
 59.5660
 61.5200
 65.1900


#Top pat = 10
  1.7820
  3.1420
  4.0260
  4.2940
  6.3140
  6.3140
  6.3260
  6.4160
  6.6080
  7.4100
  7.7600
  8.2080
  8.6320
  9.9740
 10.0200
 10.0860
 10.4320
 10.4900
 11.4880
 11.7200
 12.1040
 13.5620
 13.9080
 14.0240
 14.2160
 14.6760
 14.6840
 14.8240
 15.7240
 16.0620
 16.3400
 16.3760
 17.2140
 17.3260
 17.4820
 17.6400
 18.4820
 19.4140
 19.9080
 20.0560
 20.1520
 20.3040
 20.4960
 21.8980
 22.6180
 23.7400
 23.8920
 25.0880
 25.1320
 26.4720
 26.6320
 27.4020
 27.8020
 28.0820
 28.2860
 28.3480
 28.6140
 28.6640
 29.8460
 30.0620
 30.1240
 30.2060
 31.1080
 33.0020
 33.4780
 33.8320
 34.1240
 35.3220
 35.7800
 36.9080
 37.0660
 37.1320
 38.0720
 38.5460
 39.3820
 39.6840
 42.3700
 42.7200
 43.2900
 43.3720
 44.5880
 45.0720
 45.5480
 46.0400
 46.2800
 50.3420
 50.4120
 52.9620
 54.4840
 55.5180
 56.8960
 57.3560
 57.6760
 58.4880
 61.4200
 62.2440
 62.4980
 69.0820
 71.1520
 78.3920


#Top pat = 11
  0.4060
  2.2800
  2.6900
  3.6160
  5.5380
  6.2720
  6.8100
  8.0580
  8.2540
  8.9340
  9.2900
  9.3460
  9.8340
 10.1020
 10.5240
 10.5420
 11.3420
 11.5820
 11.8120
 12.1060
 12.1640
 12.2780
 12.4360
 13.8440
 14.5980
 14.6000
 15.7740
 16.0080
 16.7600
 17.5320
 17.6040
 17.7220
 18.3300
 18.5040
 18.5100
 19.3360
 20.1700
 20.3140
 20.3360
 20.4500
 21.3640
 21.3820
 21.6780
 22.4060
 23.6680
 24.1180
 26.1020
 26.9640
 27.1740
 28.2880
 28.3800
 28.4440
 28.5100
 29.3140
 30.1860
 30.5480
 30.5940
 30.8180
 30.9100
 31.1240
 31.5620
 31.8700
 32.0960
 33.1200
 33.1860
 33.6720
 34.0340
 34.3220
 35.7140
 36.2920
 36.8520
 38.0940
 38.1080
 38.3020
 38.4620
 38.5160
 40.8560
 40.9860
 41.7040
 42.8880
 42.9740
 43.0500
 45.0860
 45.7480
 46.5700
 46.8560
 47.3520
 47.9680
 51.4360
 53.7420
 54.0940
 56.5360
 56.9300
 62.7440
 62.8840
 63.3280
 66.3920
 70.2360
 75.3160
 90.4020


#Top pat = 12
  1.6840
  2.2580
  2.4600
  2.8660
  3.4880
  3.7940
  4.6780
  4.9080
  4.9640
  6.1040
  6.2540
  6.6380
  7.3380
  7.5920
  7.7720
  7.8000
  8.5160
  9.1680
  9.6040
 11.2420
 11.3740
 11.9440
 12.0740
 12.0960
 13.1380
 13.2040
 13.9880
 14.2620
 15.9300
 16.0100
 16.8220
 17.4400
 18.1080
 18.1200
 18.3000
 18.9320
 19.0600
 19.1160
 19.3720
 19.4540
 19.7660
 19.8980
 20.4680
 21.7280
 22.4600
 23.3180
 23.5540
 24.8140
 25.2960
 25.5580
 26.2960
 26.4680
 26.5200
 26.7340
 26.7680
 27.6620
 27.9900
 28.5900
 29.7560
 30.1100
 30.5540
 30.6020
 30.8760
 31.5660
 32.0600
 32.7020
 33.7700
 34.3620
 34.9780
 35.1740
 36.5140
 36.7940
 36.9040
 37.8500
 39.0720
 39.2520
 39.6920
 41.2000
 42.0640
 42.4180
 42.7240
 45.1700
 45.2080
 45.6540
 47.1740
 47.2900
 48.7660
 49.6260
 50.3400
 50.6300
 50.8360
 54.1760
 54.6860
 54.8840
 56.6800
 58.6060
 60.6800
 67.8320
 72.7660
 89.2960


#Top pat = 13
  0.4080
  2.1340
  2.1380
  2.8080
  3.8400
  4.7080
  4.7840
  4.9980
  5.4940
  7.0100
  7.5680
  7.6820
  8.2620
  8.4580
  9.1520
  9.4420
 10.6680
 10.8160
 11.9000
 12.0540
 12.1300
 12.6820
 12.7340
 12.9160
 12.9240
 13.8440
 14.0840
 14.7200
 16.9600
 17.2220
 18.8700
 18.9260
 19.1220
 19.3220
 19.3420
 19.4740
 19.5540
 19.6360
 19.9680
 21.3920
 21.5800
 22.5260
 22.9860
 23.4980
 23.9840
 24.0820
 25.0180
 25.1180
 25.1560
 25.2500
 25.3340
 25.3820
 26.2260
 26.3500
 26.5120
 26.8420
 27.3820
 27.7700
 29.2520
 29.9660
 30.4340
 30.6860
 30.7820
 31.2020
 31.5840
 34.1120
 34.3220
 36.2100
 36.2140
 36.6480
 37.0820
 37.1920
 37.8120
 37.8540
 38.0560
 38.1040
 38.3960
 38.8340
 40.2800
 41.7420
 44.9220
 45.8000
 45.8360
 45.9780
 46.3060
 47.6800
 47.8480
 47.9820
 49.4920
 50.4320
 50.6180
 57.7860
 57.9500
 60.3860
 61.4060
 65.5560
 65.7740
 67.8780
 69.3940
 72.6720


#Top pat = 14
  0.7260
  0.7980
  0.8420
  1.0260
  1.0560
  2.4520
  2.4960
  2.5800
  3.6520
  3.8100
  4.0560
  4.1000
  5.9960
  6.4740
  6.4920
  6.5400
  6.8160
  7.6320
  8.5080
  8.7080
  9.0660
  9.3000
  9.7020
 10.1440
 10.5600
 10.7620
 11.9780
 12.7500
 13.6620
 14.1960
 14.2220
 14.3260
 14.7060
 14.7880
 15.1280
 15.2120
 15.4000
 15.9980
 16.0640
 16.0940
 16.1620
 17.0780
 17.1940
 17.3120
 17.3900
 17.7980
 18.1880
 18.2680
 18.6960
 18.7720
 19.6040
 19.7200
 20.2240
 21.4400
 21.7360
 21.7460
 22.0200
 22.6140
 22.9560
 24.1640
 25.6360
 27.7500
 28.0540
 28.1900
 28.2740
 28.7260
 28.9760
 29.0160
 29.2140
 29.5780
 31.3320
 31.6020
 32.5820
 33.0160
 33.9900
 34.2400
 34.7400
 36.0160
 36.1940
 37.0600
 37.1060
 37.5020
 37.6780
 37.7440
 38.2760
 40.0440
 40.5940
 41.4580
 46.0160
 46.3140
 46.5580
 46.6580
 47.3900
 47.7040
 48.5200
 54.6540
 54.8220
 58.6240
 66.2400
 83.3460


#Top pat = 15
  1.9200
  2.4260
  3.0160
  3.0340
  4.3260
  4.3920
  4.6160
  5.8860
  6.3300
  6.3400
  6.9580
  7.3260
  7.7260
  8.0940
  8.1980
  8.4200
  8.6060
  8.8140
  9.4160
  9.5600
 10.6500
 10.9100
 11.7360
 11.7980
 11.8100
 11.8560
 12.3880
 12.6540
 13.1100
 16.6820
 17.7760
 17.9520
 18.4240
 18.9340
 18.9940
 19.9600
 20.0600
 20.4480
 20.6020
 20.9820
 21.1400
 22.8800
 22.9860
 23.0000
 23.1180
 23.5160
 23.7860
 23.9860
 24.5520
 24.8700
 25.1060
 25.7200
 26.6300
 27.3160
 27.9380
 29.4180
 29.4780
 29.5560
 30.6820
 30.8860
 31.8120
 32.6280
 32.9680
 33.7000
 34.3600
 35.1020
 35.1340
 35.1420
 35.5600
 35.6740
 36.1640
 36.2760
 36.4020
 37.1300
 40.6940
 41.7480
 42.0180
 43.2800
 43.8140
 44.1160
 45.0480
 46.4060
 47.1020
 47.2500
 48.0560
 48.9380
 50.4980
 52.3060
 53.3420
 53.7200
 53.9800
 54.4560
 57.8200
 58.4180
 58.8580
 60.4000
 61.0620
 62.4140
 62.5360
 66.1300


#Top pat = 16
  0.3640
  0.6480
  1.7640
  1.8220
  3.1120
  3.1540
  3.4160
  5.7100
  5.8580
  7.0480
  7.1840
  7.4680
  7.5540
  7.8560
  8.8300
  9.0000
  9.1240
  9.1520
  9.1620
  9.7620
 10.0020
 10.2100
 10.6320
 10.8160
 10.8420
 11.0940
 11.6120
 11.6800
 11.8600
 12.0080
 12.2560
 12.4860
 12.6000
 12.7720
 13.1660
 13.5940
 13.7140
 14.0200
 14.5020
 14.5040
 14.9620
 15.0100
 15.1040
 15.8180
 17.0860
 17.7040
 21.3300
 21.3780
 21.9540
 22.0420
 22.2920
 22.5540
 22.6940
 23.7900
 24.6080
 24.7160
 25.2860
 25.5160
 25.7960
 26.1460
 28.1200
 28.6020
 28.6460
 28.8880
 29.2360
 29.7560
 30.2540
 30.7440
 31.4240
 31.7060
 32.7320
 34.0940
 34.8240
 34.9220
 35.2340
 35.6280
 35.7560
 36.8200
 37.0360
 37.4380
 37.8360
 40.3200
 42.1260
 42.5140
 42.9000
 44.0760
 44.0760
 44.2520
 47.5660
 51.6540
 55.5000
 55.5740
 56.0500
 59.5260
 60.7260
 65.1180
 65.6040
 68.9720
 78.7460
 89.6580


#Top pat = 17
  0.0380
  0.5320
  2.0420
  2.4380
  2.5940
  3.2100
  3.8420
  4.1940
  4.7620
  6.4280
  7.3120
  7.6680
  8.5780
  9.1480
  9.2520
  9.3320
 10.1380
 11.0960
 12.7820
 12.8220
 13.2100
 13.8260
 13.9140
 14.1580
 14.4340
 14.7400
 15.4220
 15.6200
 15.8380
 16.0620
 16.3020
 17.0740
 17.0940
 18.4360
 18.6740
 20.1020
 20.3520
 20.5160
 20.9760
 21.2040
 21.4020
 21.5500
 21.6920
 21.7660
 21.8840
 22.4460
 24.0680
 25.1180
 25.1520
 25.5000
 25.9660
 27.3020
 27.9840
 28.1860
 29.2780
 30.3940
 30.9280
 31.5420
 32.0880
 32.8140
 33.4720
 34.0200
 34.0520
 34.5040
 35.2940
 35.3100
 35.3960
 36.1600
 36.3080
 37.0080
 37.1200
 37.4140
 39.3300
 39.4440
 39.8660
 39.9940
 40.3220
 40.5040
 41.3440
 42.2360
 43.5500
 43.7740
 45.5460
 45.6680
 45.6720
 45.7480
 45.9760
 46.2080
 47.5800
 47.7640
 49.1300
 50.6540
 53.1660
 53.3280
 54.3200
 55.4560
 60.1300
 62.2240
 77.0560
 87.4760


#Top pat = 18
  0.7840
  1.2280
  1.7320
  1.9160
  3.7620
  4.2460
  4.5100
  5.4920
  6.4980
  6.5280
  6.8440
  6.8600
  7.1160
  7.3500
  7.6860
  8.0260
  8.0940
  9.0280
  9.7320
  9.8360
 10.2620
 10.3540
 10.5540
 10.7480
 10.9440
 11.1160
 11.1180
 12.0460
 12.2640
 12.8800
 12.8940
 13.5060
 14.3000
 15.1340
 15.1600
 15.4160
 15.4900
 16.9500
 17.5160
 17.5960
 18.6480
 19.1240
 19.7880
 20.1560
 20.7320
 20.9840
 21.0660
 21.1020
 21.2620
 21.7780
 21.8020
 21.8880
 23.4420
 24.0800
 24.6780
 24.9140
 25.8020
 26.5180
 27.1140
 27.4960
 27.6700
 27.8660
 29.1760
 30.0460
 30.1960
 30.2860
 30.4180
 30.6500
 30.7320
 31.0220
 32.5060
 32.7120
 34.4780
 34.8520
 35.4500
 38.1600
 38.5820
 38.7720
 38.8360
 39.0420
 40.3840
 41.3780
 42.8760
 43.4620
 44.4340
 44.9860
 48.9240
 49.7020
 49.9140
 49.9760
 50.2120
 52.5540
 52.7960
 56.6260
 57.6500
 57.8940
 63.6900
 64.9300
 65.6040
 66.6960


#Top pat = 19
  3.4160
  4.6800
  5.1380
  5.2160
  5.5920
  6.0760
  6.3800
  7.7800
  8.3780
  8.8520
 10.0800
 10.2420
 10.3860
 11.2640
 12.3740
 12.9640
 13.5160
 13.5940
 13.9140
 14.0420
 15.0800
 15.3420
 15.3680
 15.3880
 15.5020
 16.0080
 16.1500
 16.2800
 17.3960
 17.9260
 18.0700
 18.3500
 18.5700
 18.7120
 18.7440
 18.8440
 19.2760
 19.4660
 19.5580
 20.1160
 20.2140
 20.5240
 20.9060
 21.3740
 22.3640
 23.9300
 24.5080
 25.5140
 25.5640
 25.8320
 26.6840
 26.6880
 26.8980
 27.4420
 28.4160
 28.6020
 28.7660
 29.7500
 29.9520
 31.1380
 31.2300
 31.3580
 31.4620
 32.0740
 32.2860
 32.2920
 32.3120
 33.4360
 34.0480
 34.1880
 36.1660
 37.8180
 38.0200
 38.2340
 39.0420
 39.1520
 39.8320
 40.4780
 41.0260
 42.2520
 42.4020
 43.5280
 43.6500
 43.8820
 44.4060
 44.9180
 45.1580
 45.9480
 47.7300
 48.0360
 50.2380
 52.9120
 55.2200
 56.8020
 57.3080
 58.4160
 61.2760
 69.0600
 71.2260
 74.9920


#Top pat = 20
  0.8180
  2.5520
  2.7840
  3.2420
  3.7400
  4.5420
  5.7140
  5.9580
  6.2580
  7.8660
  7.9600
  8.3340
  8.4100
  9.1380
  9.6480
  9.9960
 10.8380
 11.4600
 11.6000
 11.6200
 13.1320
 14.4300
 14.6620
 15.0940
 15.2600
 15.5520
 15.6620
 16.8340
 16.8520
 17.3320
 17.7540
 18.4940
 18.7320
 18.7660
 20.4760
 21.2820
 22.2760
 22.6700
 22.6780
 22.9000
 23.0820
 23.1800
 23.8580
 23.9920
 24.1480
 24.6320
 24.9260
 27.4940
 27.5780
 27.8180
 28.5480
 28.7220
 29.1940
 30.3040
 30.8860
 31.3980
 31.5200
 31.7200
 31.7620
 32.8020
 33.1700
 33.5300
 34.1000
 34.1240
 34.5960
 35.3020
 36.0240
 38.0840
 41.7300
 42.1360
 43.5100
 44.3100
 45.1540
 45.8180
 45.8660
 45.8960
 46.4760
 46.4980
 46.6200
 46.7400
 47.5040
 47.8160
 48.0940
 48.1800
 48.3540
 48.4180
 49.6540
 50.5160
 51.5240
 52.8680
 54.3440
 54.9460
 55.4640
 56.2940
 57.9300
 58.5980
 61.1180
 61.7080
 62.9480
 78.8600


#Top pat = 21
  1.2420
  1.4580
  2.3180
  2.5320
  2.8460
  4.0500
  4.5600
  5.2340
  5.9860
  6.0620
  6.0740
  7.1220
  7.3160
  7.4400
  9.4020
  9.9640
 10.2560
 10.3120
 10.6220
 11.6280
 11.8720
 12.5820
 12.8900
 13.2200
 14.3200
 14.3820
 14.8360
 15.0080
 15.8560
 15.9520
 16.4140
 16.6640
 16.7040
 17.1780
 17.2900
 17.3620
 17.4660
 17.5360
 17.9320
 18.0460
 18.4280
 18.8160
 18.9880
 19.6340
 20.1140
 20.1480
 20.2680
 20.4920
 21.3020
 21.6680
 22.2660
 22.6560
 23.4420
 23.7640
 24.3840
 24.8080
 25.0100
 25.6200
 25.9220
 27.0960
 27.4000
 28.8400
 30.4480
 30.8780
 31.1860
 31.4880
 32.2040
 35.1560
 36.4800
 36.9060
 37.4380
 37.6740
 38.9440
 40.6940
 40.9220
 40.9420
 42.4100
 43.8500
 46.5440
 47.0020
 47.1760
 47.4060
 49.0380
 50.2960
 53.2340
 55.1920
 55.2060
 55.2520
 57.9280
 58.9520
 63.7820
 64.0460
 65.1080
 65.4120
 65.5360
 65.6320
 70.8560
 71.4720
 71.9380
 73.0360


#Top pat = 22
  0.2840
  1.8300
  2.9340
  4.1060
  4.2000
  4.8960
  5.0820
  6.9420
  7.0500
  7.1820
  7.2840
  7.5380
  8.6920
 10.0820
 10.8500
 12.7920
 13.3940
 14.2680
 14.3760
 14.6080
 14.6180
 14.7000
 15.8900
 16.8500
 17.4720
 17.5420
 17.9680
 18.3300
 19.0700
 19.3340
 19.3900
 19.4980
 19.5580
 19.8080
 19.8960
 20.4340
 20.4500
 20.5200
 22.9640
 24.0500
 24.6000
 24.7000
 24.7680
 25.7700
 26.1620
 26.6900
 26.7120
 26.7400
 26.7560
 27.0100
 27.2220
 27.6860
 27.7440
 27.7960
 28.1800
 28.2720
 28.4960
 29.1500
 29.3100
 30.1480
 31.3420
 32.6000
 32.7240
 32.8720
 34.6820
 37.2440
 37.9620
 37.9900
 38.7540
 39.6660
 40.1080
 40.9740
 41.4000
 41.7780
 42.1020
 42.2800
 42.8100
 44.0600
 44.1620
 44.6740
 44.9340
 46.0680
 47.3980
 47.6800
 48.4160
 49.2780
 49.7840
 50.2660
 50.6540
 51.2880
 51.7580
 53.6360
 55.4320
 56.6600
 56.7240
 56.7460
 59.3060
 63.7800
 66.9840
 70.3980


#Top pat = 23
  1.1980
  1.5340
  2.0080
  2.2740
  3.5820
  4.4520
  4.8120
  6.2880
  6.4020
  6.6040
  7.8960
  8.4720
  8.9000
  8.9620
  9.9260
 10.5120
 10.6580
 10.8800
 11.6300
 11.8880
 13.0400
 13.1880
 13.4660
 14.6260
 15.3540
 15.4300
 16.1980
 16.3880
 16.4380
 16.9860
 17.2140
 17.5160
 17.9000
 18.1620
 18.4360
 18.4620
 18.5240
 20.5820
 20.6900
 21.5140
 23.1280
 23.5760
 23.6500
 24.7860
 25.4960
 25.9480
 25.9640
 26.2660
 26.4620
 27.6240
 27.8660
 28.3360
 28.4660
 29.0400
 29.0520
 30.0180
 30.2460
 31.0120
 31.0880
 31.5400
 31.7980
 31.9080
 32.2920
 32.7180
 33.7080
 34.3340
 34.8380
 34.9740
 35.3000
 35.6280
 36.4700
 37.6680
 38.7040
 38.9000
 39.2320
 39.7760
 40.0280
 41.3880
 41.8340
 42.8300
 43.2280
 43.4100
 44.0860
 44.2060
 44.8600
 45.0540
 46.1000
 46.7080
 47.0020
 48.9380
 49.4780
 49.4940
 51.5560
 55.3840
 62.8460
 64.1140
 65.3180
 67.5260
 74.2240
 74.5640


#Top pat = 24
  0.1000
  0.2280
  1.1080
  1.7040
  2.7060
  2.7120
  3.3840
  3.9240
  5.8260
  6.1960
  8.0000
  8.7820
  9.7240
 10.1360
 10.2160
 10.4660
 11.2640
 11.5080
 13.5160
 13.7340
 14.7480
 14.8080
 14.8520
 14.9720
 15.0640
 17.0180
 18.1040
 18.5120
 18.6620
 18.9360
 19.0420
 19.2360
 19.6720
 19.9580
 20.4500
 20.5040
 20.5760
 20.9440
 21.5820
 21.6660
 21.8520
 22.4620
 22.5540
 23.3040
 23.3200
 23.7560
 25.1480
 25.2020
 25.4340
 26.4760
 26.4760
 27.1160
 27.1520
 27.1560
 27.4860
 28.4420
 28.4580
 28.7580
 28.8740
 29.7680
 30.1080
 31.3500
 32.2700
 33.1880
 33.3800
 33.5540
 33.5660
 33.6680
 33.8900
 34.2980
 34.3000
 35.2220
 35.4680
 35.7540
 35.8540
 35.9380
 38.3760
 38.6280
 38.9500
 39.7520
 41.5900
 41.7200
 42.8740
 43.7180
 43.8580
 44.9140
 44.9780
 49.4380
 50.2420
 51.4040
 52.1480
 53.4360
 53.4960
 54.3000
 58.3080
 60.0700
 61.2420
 76.5260
 80.3920
 83.6840


#Top pat = 25
  2.7120
  4.6160
  4.6740
  6.3220
  7.1720
  7.2580
  7.6280
  8.2880
  8.5000
  9.6920
 11.3080
 11.5140
 11.9220
 12.8060
 12.8300
 13.6040
 13.9940
 14.3280
 14.3920
 14.6240
 14.6420
 14.9240
 15.5420
 15.6200
 15.6720
 15.8280
 16.6860
 17.0960
 17.1720
 17.3920
 17.8760
 18.4700
 18.5360
 19.2560
 19.4840
 20.4200
 21.2380
 21.5280
 22.4300
 22.4820
 23.0640
 23.3500
 23.6880
 24.5320
 24.6580
 24.8500
 24.8700
 25.6540
 26.4640
 27.0680
 27.9940
 28.1020
 29.4760
 29.7360
 29.8160
 30.0940
 30.6180
 30.8560
 30.9620
 31.0380
 31.1000
 31.3360
 33.2720
 33.7600
 33.8320
 34.6300
 35.2040
 35.4080
 36.3560
 36.4480
 36.5740
 36.5880
 36.7500
 37.1640
 37.5460
 37.5480
 38.9760
 39.5120
 39.5320
 40.1200
 40.1220
 41.5500
 42.8440
 43.3060
 46.7740
 46.8540
 47.8120
 49.4760
 49.6920
 50.3340
 51.1120
 51.5440
 53.4080
 53.9180
 58.2100
 58.2180
 59.9580
 60.5280
 68.9680
 75.3080


#Top pat = 26
  0.8800
  2.0520
  2.3800
  3.2040
  3.3480
  5.6900
  6.1320
  6.2320
  6.4800
  6.5000
  7.1060
  7.1300
  7.6360
  8.2780
  8.3200
  9.0500
 10.0360
 10.1880
 10.9820
 12.1700
 12.5360
 12.5600
 13.5720
 13.9940
 14.3400
 14.8820
 15.2900
 15.4300
 17.7160
 17.8460
 18.0160
 18.0940
 18.5800
 18.6880
 19.9080
 20.1320
 20.8540
 21.0960
 21.5340
 22.3420
 22.4440
 22.5340
 22.7040
 23.2380
 23.3260
 23.4820
 23.6900
 24.3660
 24.6640
 24.6940
 25.0820
 25.2320
 25.8060
 25.9160
 26.0520
 26.1520
 26.4620
 26.6120
 27.3560
 27.8720
 28.0100
 28.7540
 29.1200
 29.7580
 29.9740
 30.1500
 31.2760
 31.4000
 31.9220
 32.6540
 33.3140
 33.3960
 33.7800
 34.1540
 34.4080
 35.3860
 36.3160
 36.4160
 36.8220
 37.4280
 37.6740
 37.8060
 38.2580
 39.4420
 40.1820
 40.4060
 42.8740
 43.4940
 43.9540
 47.7320
 53.4420
 57.5180
 57.9680
 58.4440
 60.2940
 62.1440
 63.0280
 63.3200
 66.7640
 73.3660


#Top pat = 27
  0.8840
  1.4180
  1.5280
  2.0020
  2.0500
  2.2800
  2.8840
  3.0580
  3.0660
  3.1220
  3.7120
  4.2940
  4.2940
  8.1340
  8.7380
  8.8700
  9.4280
  9.5180
 10.7380
 10.7460
 12.9340
 12.9420
 14.1000
 14.2920
 14.6900
 15.1120
 15.5540
 15.8120
 16.5140
 16.5760
 17.7840
 17.9280
 18.0540
 18.4740
 19.3260
 19.7400
 19.8300
 20.4780
 21.3340
 21.7780
 21.8900
 22.2400
 23.0120
 23.3440
 23.4260
 23.8740
 24.5840
 25.4060
 25.8760
 27.2040
 28.0860
 28.7800
 28.7940
 29.2180
 29.4280
 29.7120
 29.7940
 30.0600
 30.5380
 30.7840
 32.5360
 33.3360
 33.4700
 33.8080
 34.1980
 34.4480
 35.1520
 36.0060
 36.0840
 36.3900
 36.5020
 39.0360
 39.3300
 39.4140
 39.5460
 41.2220
 41.5260
 42.2780
 43.2660
 43.7000
 43.8780
 47.0580
 47.8900
 48.6980
 48.9200
 49.0200
 50.9460
 51.3100
 51.4160
 52.8480
 53.6220
 55.1320
 57.8820
 60.5260
 61.2480
 61.5760
 62.4160
 64.8580
 66.6000
 75.4740


#Top pat = 28
  1.1140
  1.4320
  3.9820
  4.7740
  5.5600
  5.7420
  5.9340
  6.0280
  6.1140
  6.5440
  7.9340
  8.0840
  8.3820
  8.3880
  9.6440
  9.6520
 10.6980
 10.8820
 11.1620
 11.4000
 12.1420
 13.4760
 13.9200
 14.0320
 15.0600
 15.3880
 15.3960
 15.4840
 15.5220
 15.7900
 15.9800
 16.6440
 16.8740
 17.5880
 19.1040
 19.4440
 20.6940
 20.9700
 21.3200
 21.5740
 21.7440
 21.9520
 22.5960
 24.4740
 24.6120
 24.7000
 25.1520
 25.2740
 25.9800
 26.5900
 27.0560
 27.9460
 28.8120
 29.6860
 29.8760
 30.1560
 30.2680
 30.4420
 30.8080
 31.5880
 32.8660
 32.8900
 33.0600
 33.2740
 33.7640
 35.1640
 36.4480
 37.5680
 38.0560
 38.4660
 39.4300
 39.5180
 39.8800
 40.3600
 40.7680
 41.4300
 42.5880
 42.7480
 43.9180
 45.8040
 46.0940
 46.2600
 46.3220
 47.6780
 47.8320
 48.0320
 48.6960
 49.1180
 50.1560
 51.0040
 52.7880
 53.7720
 60.6340
 60.9140
 62.8180
 63.0340
 67.4820
 73.7060
 76.5080
 84.2400


#Top pat = 29
  0.4560
  1.7160
  4.1560
  4.1800
  6.0860
  8.5260
  8.7220
  9.9980
 10.0460
 10.2540
 10.2680
 10.8700
 10.9060
 11.6520
 11.9160
 12.3560
 13.2920
 13.3900
 13.8580
 16.8200
 16.8980
 16.9840
 17.2540
 17.5000
 17.8220
 19.8160
 20.4200
 20.4240
 20.6440
 20.7980
 20.9160
 21.0320
 21.6820
 21.9600
 22.1460
 22.3100
 22.6680
 23.1580
 23.8160
 23.8540
 24.0580
 24.2860
 26.0000
 26.4420
 27.5880
 27.8700
 29.5800
 29.9720
 30.4260
 30.6100
 32.3640
 33.8200
 33.9080
 34.4700
 35.3060
 35.4800
 35.8620
 36.0200
 36.5860
 36.9340
 37.0980
 37.2020
 37.4440
 38.2840
 38.7380
 39.0600
 39.5080
 39.6000
 40.2400
 40.3000
 40.7580
 41.9580
 43.6920
 44.1860
 44.4260
 45.2460
 45.3240
 45.7600
 45.8980
 46.0120
 46.5860
 47.2460
 47.9720
 48.1540
 48.3760
 48.6920
 49.2200
 49.8620
 49.9800
 52.9800
 53.7340
 57.0260
 57.8520
 58.1480
 59.2980
 60.3320
 62.6720
 66.0940
 70.4500
 70.6920


#Top pat = 30
  0.4540
  2.4140
  3.2240
  4.0220
  4.3300
  4.3620
  4.6580
  4.8300
  5.2480
  7.5380
  7.6140
  8.7960
  9.8740
 10.2080
 11.0900
 11.4680
 11.9520
 12.8340
 12.9060
 13.2500
 13.3940
 13.9640
 15.0580
 15.1540
 17.1740
 17.8040
 18.6020
 18.7780
 18.8060
 18.9220
 19.1620
 19.4420
 19.9220
 19.9400
 19.9640
 20.1160
 20.2400
 20.5980
 21.3420
 22.4460
 23.4600
 23.6520
 23.8940
 23.9680
 24.0580
 24.8360
 25.5160
 26.1620
 26.2460
 26.7400
 27.4740
 28.1280
 28.3980
 28.6080
 28.8940
 28.9380
 29.1880
 29.4240
 30.0040
 30.3240
 30.7520
 31.4480
 32.5860
 35.7200
 35.8260
 35.8620
 36.1260
 37.3800
 37.5980
 38.2080
 39.8100
 40.1240
 40.2120
 40.3280
 41.3940
 41.7100
 42.2200
 42.5500
 45.4080
 46.3980
 46.5460
 46.5580
 46.6020
 47.0120
 47.7620
 48.6180
 49.5080
 49.9360
 51.9180
 53.0160
 53.2720
 56.1420
 56.2860
 56.9180
 60.6900
 63.1960
 67.4800
 68.7100
 74.4420
 80.5320


#Top pat = 31
  0.0340
  1.2080
  2.1440
  2.7960
  3.3980
  3.9580
  3.9980
  4.5980
  6.3640
  6.6340
  6.7740
  6.8400
  8.0720
  8.1500
  9.6460
  9.7420
  9.8460
 10.1300
 10.3680
 10.5420
 11.0400
 11.9800
 12.0040
 13.3540
 14.3920
 15.3340
 15.4000
 15.9260
 16.0300
 16.4180
 16.5960
 17.0840
 18.2920
 18.6880
 19.5660
 20.7860
 20.9520
 21.6320
 21.6880
 22.0120
 22.2120
 22.3240
 22.6620
 23.6060
 23.7960
 23.8980
 23.9180
 23.9620
 24.0060
 24.1460
 24.2680
 25.5100
 25.8360
 25.9540
 26.2480
 26.9140
 27.1200
 27.4760
 29.2220
 29.3360
 30.3460
 30.5120
 30.9080
 31.3120
 31.3980
 31.8020
 32.1600
 32.5520
 32.5600
 33.1400
 33.6620
 34.2100
 34.9260
 35.0500
 35.5960
 36.0660
 36.1400
 37.3460
 41.7040
 42.3500
 42.8540
 44.5880
 45.3020
 45.4440
 45.8980
 49.2820
 50.1680
 54.0660
 55.3140
 55.6580
 56.0440
 58.4280
 61.1240
 62.2800
 62.6780
 62.7080
 69.7520
 72.9940
 77.9260
 85.6620


#Top pat = 32
  3.3540
  4.4220
  5.0500
  5.5480
  6.5960
  7.1620
  7.7680
 10.2280
 10.2760
 11.6180
 12.9000
 13.0240
 13.4220
 13.8280
 13.8420
 13.8660
 14.2580
 14.6680
 14.9980
 16.2140
 16.8220
 17.1020
 17.4200
 17.5560
 18.5700
 18.6440
 18.7180
 19.0080
 19.8660
 19.9760
 20.1320
 20.8320
 21.2020
 21.5460
 21.7600
 21.9740
 22.0200
 22.2740
 22.2800
 22.4600
 22.9500
 23.3340
 24.4020
 24.9620
 25.1820
 25.8600
 25.8720
 26.5020
 26.6600
 27.7460
 28.1800
 28.5180
 28.7760
 28.9260
 29.1620
 29.1920
 29.4840
 30.0260
 31.1500
 31.2520
 31.5960
 31.8760
 32.0460
 33.3580
 33.3720
 33.8620
 34.6720
 35.3400
 36.5020
 37.7060
 39.4160
 40.4380
 40.5220
 40.5940
 40.7980
 40.8260
 40.8620
 41.4840
 42.0580
 43.2500
 44.1220
 44.3780
 45.1740
 45.3460
 46.0060
 46.1480
 47.3880
 51.1080
 52.3480
 53.0640
 53.9440
 54.5140
 55.2040
 55.9700
 56.2500
 57.1080
 58.1680
 60.5080
 68.0460
 69.5760


#Top pat = 33
  1.1840
  2.1660
  3.7600
  3.9260
  4.6660
  4.8900
  4.9200
  5.3460
  5.7720
  8.7880
  9.9840
 10.6800
 11.9840
 12.3420
 13.0580
 13.4360
 13.4760
 13.7200
 13.7660
 13.8940
 14.5260
 14.5880
 14.9660
 15.0120
 15.2720
 15.5240
 15.9760
 16.1440
 16.2360
 16.4800
 16.8940
 17.0600
 17.2140
 17.7600
 17.8600
 19.1140
 21.2880
 21.5220
 21.6000
 22.4080
 22.6460
 23.1620
 23.3220
 23.3440
 23.8940
 23.9760
 24.2520
 24.4000
 24.9840
 25.7300
 25.8320
 26.4560
 27.1640
 27.5620
 27.5660
 28.9580
 29.6840
 29.7000
 29.8740
 29.9740
 30.0180
 30.2580
 30.7720
 31.4880
 31.5340
 31.9520
 32.3660
 32.9920
 34.7000
 34.7400
 37.2180
 37.2760
 38.0940
 38.1760
 38.7380
 40.2640
 40.3140
 40.8440
 42.0380
 42.6720
 42.8500
 42.8520
 43.6180
 46.8040
 48.3620
 48.6120
 49.8080
 50.8700
 51.3280
 51.9440
 53.9960
 55.7660
 57.0340
 57.7000
 57.8480
 58.6500
 59.1080
 61.3520
 75.3760
 77.9140


#Top pat = 34
  1.0660
  1.1920
  1.2940
  1.6020
  2.9980
  3.0980
  5.1000
  5.1300
  5.1320
  5.8420
  5.9760
  6.2300
  6.5920
  6.6100
  7.6180
  8.3820
  8.7900
  9.0240
 10.3160
 10.5680
 10.5960
 10.9620
 12.0480
 12.4480
 12.7180
 12.8120
 13.0440
 13.5500
 14.1800
 14.3580
 14.7220
 15.1800
 15.4160
 15.9320
 16.0640
 17.0240
 18.0440
 18.1860
 19.2200
 19.3320
 19.6480
 19.9440
 20.6700
 21.0800
 21.2420
 22.1160
 22.3800
 22.9320
 22.9720
 24.4200
 24.7480
 25.1500
 27.0180
 27.5300
 27.5400
 29.5420
 29.5480
 30.3120
 30.3740
 30.3800
 30.6800
 30.9780
 31.5380
 31.7100
 32.1340
 32.5340
 32.5700
 32.5880
 32.8660
 33.4620
 35.6600
 36.1040
 37.1060
 37.8340
 38.1220
 38.1680
 38.4540
 38.6580
 40.6420
 41.0920
 41.8680
 42.4180
 43.2400
 44.2440
 45.2160
 45.2340
 45.8200
 45.9100
 47.5240
 50.1940
 52.9520
 53.4180
 56.8320
 60.4920
 63.2460
 64.6560
 65.2360
 65.3320
 71.5880
 75.1080


#Top pat = 35
  0.0020
  0.1360
  1.2800
  1.4200
  3.6860
  4.7080
  5.5880
  6.2960
  6.3500
  7.9160
  8.2860
  8.9720
 10.2620
 10.2900
 11.3540
 11.7940
 11.9480
 12.0840
 12.4300
 13.2480
 13.2560
 13.8200
 14.2480
 14.8020
 15.6840
 15.9000
 16.8300
 17.5480
 18.0920
 18.1100
 18.3120
 18.3420
 19.2740
 19.7660
 19.9260
 20.5480
 21.0600
 21.7060
 22.3920
 22.7920
 22.8060
 23.2100
 23.2500
 23.7520
 24.2040
 24.3040
 24.7980
 24.8540
 24.9480
 25.1040
 25.1740
 26.8060
 27.3380
 27.9660
 28.0200
 28.5700
 29.5980
 29.9660
 30.1820
 30.5740
 31.3200
 31.6160
 32.0660
 32.3520
 32.7100
 33.3900
 33.4040
 33.9140
 34.1620
 34.1640
 34.1800
 35.4420
 35.6060
 35.8360
 36.2860
 36.5440
 36.7940
 39.9140
 39.9140
 40.2080
 40.2440
 40.9740
 41.2000
 43.2080
 43.4000
 43.6820
 44.2140
 44.5260
 45.7880
 45.8180
 46.4120
 46.8240
 47.8620
 52.7340
 54.4320
 55.0520
 57.1860
 60.9680
 66.0080
 68.0820


#Top pat = 36
  0.8680
  1.0840
  2.0840
  2.8600
  3.0100
  4.4400
  5.6180
  6.2500
  7.1120
  8.7080
  9.3960
  9.5720
  9.5860
  9.8940
 11.5940
 12.1340
 12.1960
 12.2760
 12.4000
 12.6960
 12.7200
 13.0640
 13.0900
 13.1540
 13.9840
 14.9060
 15.0700
 15.0920
 15.3440
 16.6860
 16.7960
 17.1160
 17.3720
 18.1080
 18.5580
 19.7820
 20.0340
 20.4980
 21.2740
 21.5100
 21.7960
 22.4600
 24.2580
 24.4400
 24.5240
 24.8080
 25.5300
 26.1060
 27.0100
 27.1600
 27.5140
 27.6860
 27.8780
 28.0640
 29.8720
 29.9120
 30.0260
 30.5000
 30.5740
 30.6000
 30.7000
 31.2640
 32.0620
 32.2720
 32.6380
 32.9780
 34.5060
 35.1640
 35.4160
 36.2580
 36.4280
 36.5920
 36.9840
 37.3760
 38.4300
 38.7320
 39.1360
 39.5440
 39.5820
 39.7960
 39.8480
 40.7120
 40.7600
 41.9660
 42.0940
 43.0820
 43.5340
 45.5280
 48.4920
 49.2080
 49.4460
 50.1780
 52.6000
 52.8220
 53.6720
 61.6980
 62.8720
 64.2380
 72.8580
 75.0120


#Top pat = 37
  0.0360
  0.4680
  0.8520
  1.2380
  1.3520
  2.1020
  2.3240
  2.7640
  3.0480
  4.3600
  4.6080
  4.6100
  5.5520
  6.8000
  6.9140
  8.5420
  8.6120
  9.4980
  9.5920
 11.0460
 11.2700
 11.6220
 12.1180
 12.2560
 13.1740
 13.7680
 14.6500
 16.9300
 16.9880
 18.0040
 18.9920
 19.1800
 19.3120
 19.7360
 19.8580
 19.9660
 20.1640
 21.4200
 21.8720
 22.7720
 23.4520
 23.5700
 23.8660
 24.3280
 24.3320
 24.6280
 24.7860
 25.2520
 25.8660
 25.8960
 27.0740
 27.1660
 27.7320
 28.1180
 28.2600
 29.4120
 30.2040
 30.8200
 31.3500
 31.8580
 33.0320
 33.3160
 35.3900
 35.6660
 35.9680
 36.4920
 36.9600
 37.4280
 38.4500
 38.5620
 38.7340
 38.8760
 39.9760
 40.2720
 40.5140
 40.9720
 41.5480
 42.6100
 42.9020
 44.6900
 45.6000
 47.1540
 48.2680
 48.7320
 49.5120
 53.1000
 53.9160
 55.4980
 57.9420
 58.2680
 59.4880
 60.5420
 61.7060
 61.8920
 62.6140
 63.4960
 70.6640
 72.9960
 76.4540
 80.4180


#Top pat = 38
  1.6100
  1.9260
  2.0720
  2.4700
  2.5980
  4.0280
  4.5700
  5.6840
  6.1460
  6.5960
  6.6680
  6.8540
  7.2640
  7.5920
  8.1940
 10.2100
 10.2500
 10.3780
 10.5160
 11.2700
 11.3080
 11.4280
 11.4920
 12.3340
 12.4140
 12.8620
 13.7220
 14.3200
 14.5120
 14.5520
 14.6100
 14.7540
 14.7900
 15.3720
 15.6820
 16.3300
 17.0960
 17.1540
 17.4740
 19.3560
 20.1620
 20.4940
 20.9880
 21.3700
 22.2360
 22.4360
 22.6460
 22.6540
 22.7340
 22.8540
 23.1880
 23.4780
 23.6100
 25.4020
 26.8600
 26.9540
 27.0140
 27.5160
 28.1960
 28.2160
 28.5500
 29.1500
 29.7660
 30.1520
 31.0500
 31.5300
 32.6480
 32.6880
 33.5060
 33.7480
 33.9880
 34.5440
 36.2660
 36.5840
 37.7920
 37.8820
 38.1220
 38.9000
 40.8720
 41.2920
 42.9620
 43.4100
 43.4940
 43.6740
 43.8220
 44.3480
 44.9520
 45.0940
 47.8280
 47.9580
 48.9000
 49.2520
 53.6100
 55.6720
 56.1460
 56.2840
 57.9060
 66.3500
 69.5080
 79.9540


#Top pat = 39
  1.2000
  1.5580
  3.0740
  3.8060
  4.1620
  4.2300
  5.5760
  5.8340
  6.3000
  6.5840
  6.7040
  6.7040
  6.8220
  7.4440
  8.2980
  8.6180
  8.8540
  9.4100
 10.3060
 10.7500
 10.8080
 10.8880
 11.0540
 12.1460
 12.2540
 13.9080
 13.9880
 14.3240
 14.8720
 15.1360
 15.2900
 15.4080
 15.7780
 17.0860
 17.9240
 17.9560
 18.0540
 19.1820
 19.5740
 21.3700
 21.6680
 21.8580
 22.7480
 22.8740
 23.2500
 24.9800
 25.4340
 25.7940
 25.9520
 26.7540
 26.8940
 29.2200
 30.2440
 30.2500
 30.4140
 30.5160
 31.2220
 32.4220
 32.4820
 32.9200
 33.0380
 33.1880
 33.3980
 33.4500
 33.6880
 34.5320
 34.6160
 35.1400
 35.1740
 35.9340
 36.2400
 36.3040
 37.3440
 37.9880
 38.7940
 38.9500
 39.5160
 39.8420
 41.3160
 41.9880
 43.9720
 44.6160
 46.2120
 46.4880
 47.8900
 50.1800
 50.5460
 52.8520
 53.5420
 54.8120
 55.9880
 56.8320
 61.0320
 61.7120
 62.5940
 63.3680
 64.6640
 64.9520
 67.6580
 75.7680


#Top pat = 40
  0.8600
  1.9900
  2.6200
  3.2940
  3.8640
  5.0620
  5.6380
  5.9640
  6.1160
  6.3980
  6.6560
  7.1500
  7.5860
  7.8680
  8.7260
  8.9300
  9.5380
  9.6360
  9.9100
 10.0020
 10.0340
 10.2360
 10.5260
 13.4980
 13.5700
 14.6760
 14.8040
 15.4460
 15.9620
 16.7000
 18.9220
 19.2700
 19.9060
 20.0940
 20.1800
 20.2240
 21.0960
 22.1340
 22.5820
 22.5940
 22.7800
 22.8440
 23.3320
 23.5020
 23.5420
 23.8800
 24.7100
 25.6200
 28.6800
 28.9540
 29.5420
 30.1280
 30.1760
 30.4820
 30.5020
 30.7980
 31.0740
 32.2120
 32.7180
 32.7220
 32.8280
 34.1780
 34.2620
 34.3120
 34.9740
 35.1980
 35.4040
 36.0780
 36.2240
 36.2260
 36.8000
 36.8620
 37.1140
 38.8780
 39.1180
 39.3060
 39.6560
 40.3700
 40.3700
 40.8580
 42.3740
 42.7480
 42.9580
 43.0620
 44.1100
 44.6660
 45.5880
 50.2460
 56.0520
 56.8520
 57.2260
 58.1080
 59.8340
 60.0760
 65.1380
 66.0720
 68.0460
 77.5840
 77.7480
 80.4520


#Top pat = 41
  0.0500
  0.3200
  1.0500
  1.3280
  1.9540
  3.8500
  4.1820
  5.3160
  6.4780
  6.7680
  6.7960
  6.9460
  8.0540
  8.3940
  8.4760
  8.8440
  9.1440
  9.5240
  9.8060
  9.9000
 10.5200
 10.9000
 11.6500
 11.7860
 12.1360
 12.1820
 12.2740
 12.5220
 13.4160
 13.5400
 14.6920
 14.7080
 14.8240
 17.1880
 17.4480
 17.6880
 17.9660
 18.0600
 19.3220
 19.7300
 19.8280
 19.9660
 20.1220
 20.7520
 21.4280
 21.5260
 22.5140
 22.9440
 23.0320
 23.1120
 24.1160
 24.1960
 24.3060
 24.4100
 24.5320
 25.1880
 25.9600
 26.9520
 27.0520
 28.2160
 28.3780
 28.7700
 28.9200
 29.9280
 29.9640
 33.7880
 33.9300
 33.9500
 34.5040
 36.3160
 37.1780
 37.4420
 39.7240
 39.7640
 40.0220
 41.0780
 42.1520
 43.0580
 44.1000
 44.4500
 46.4020
 47.0400
 48.3440
 49.3880
 50.9540
 52.4660
 53.3800
 53.4960
 53.6020
 55.8160
 56.5740
 57.5820
 58.3120
 58.7600
 59.9300
 62.0220
 62.8320
 63.6560
 66.0380
 71.9720


#Top pat = 42
  0.0820
  0.8000
  1.7580
  1.9000
  2.9600
  3.8400
  3.9120
  7.5200
  7.8260
  9.0320
  9.0700
  9.8840
  9.9420
  9.9480
 10.4500
 11.8220
 11.8600
 12.4340
 13.1180
 13.1220
 13.3140
 13.4040
 13.4060
 14.6880
 14.7680
 15.2920
 15.3460
 15.5520
 16.1100
 16.2120
 16.6980
 16.7940
 16.9760
 18.1360
 18.7200
 18.8240
 18.9080
 20.3880
 23.1540
 23.4020
 23.5240
 23.6740
 23.9580
 24.0140
 24.3080
 24.6160
 24.8500
 25.1980
 25.3760
 26.0480
 26.4940
 26.6380
 26.6820
 27.3820
 27.4700
 27.7280
 28.1400
 28.7280
 29.5500
 30.1200
 31.0120
 32.7360
 33.3300
 33.6120
 33.6380
 34.4860
 34.5780
 34.7720
 34.7980
 37.3380
 37.6860
 38.1400
 38.5660
 38.6400
 38.7140
 38.7940
 38.9360
 38.9420
 39.2000
 40.4900
 41.5620
 42.1160
 42.2660
 45.5600
 46.8900
 47.1500
 48.8160
 49.9060
 50.0240
 50.2980
 52.9600
 53.1840
 54.7620
 55.3800
 57.9900
 61.7860
 68.1340
 70.9440
 73.2960
 81.9660


#Top pat = 43
  0.1160
  0.6100
  4.7320
  5.2360
  5.3560
  6.8400
  7.1000
  7.2740
  9.3080
 10.3600
 10.9220
 12.6120
 13.6060
 13.9880
 14.0600
 14.3540
 14.6820
 14.9380
 14.9520
 14.9800
 15.1580
 15.3640
 15.8020
 16.7400
 17.1280
 17.9040
 17.9860
 18.5560
 19.4260
 20.3900
 20.5780
 20.6320
 20.7180
 21.3140
 21.3280
 21.4280
 22.1820
 22.5700
 22.7980
 23.1420
 23.6380
 23.8520
 23.9540
 24.0320
 24.7840
 25.2060
 25.2260
 25.5580
 25.7200
 25.7640
 26.0320
 26.4200
 26.6920
 26.7460
 26.9980
 27.0660
 28.8120
 29.0140
 29.3680
 31.1060
 31.4700
 31.6660
 32.3040
 32.5520
 33.1160
 33.9640
 34.1200
 35.0640
 35.3460
 35.5220
 38.3160
 38.8380
 40.0220
 41.1500
 41.7940
 41.7980
 41.9540
 42.4200
 42.6840
 42.8920
 42.9620
 43.6240
 44.4480
 45.8740
 47.1780
 47.2540
 47.2600
 47.9100
 48.8200
 51.0340
 51.9420
 52.5920
 55.2680
 56.9280
 57.6860
 60.1860
 73.5780
 76.7220
 76.7620
 79.3580


#Top pat = 44
  0.0600
  1.5220
  1.8980
  2.4700
  2.5020
  3.3100
  4.0000
  4.1520
  4.5660
  4.8280
  5.7680
  6.1580
  8.7060
  9.5500
 10.8520
 11.1280
 11.8520
 12.8320
 12.9920
 13.0500
 13.1300
 13.2680
 14.2000
 14.2240
 15.7380
 16.3820
 17.0200
 17.5520
 18.7660
 18.9720
 19.2720
 19.5600
 20.3120
 20.4620
 20.8660
 21.2360
 21.7000
 22.0220
 22.2060
 22.4140
 22.4540
 22.4560
 22.6340
 23.4180
 23.8720
 24.7240
 25.1160
 25.2540
 27.2900
 27.5320
 27.6820
 28.6460
 29.6320
 30.6460
 31.1680
 31.3060
 31.9580
 32.3660
 32.4500
 32.6800
 32.9540
 33.2560
 33.4960
 33.7520
 34.2780
 34.8980
 35.0720
 36.5240
 37.7840
 38.6000
 39.1640
 39.4500
 39.5460
 39.5680
 39.8780
 40.3980
 40.6480
 43.3840
 43.4440
 44.9200
 45.1600
 45.4800
 45.8620
 47.0360
 47.7100
 48.1720
 50.7200
 52.5660
 54.2100
 54.6340
 57.2300
 58.4300
 60.0760
 62.6560
 63.6880
 71.0200
 72.9600
 74.9840
 80.6820
 84.4200


#Top pat = 45
  0.0680
  0.5540
  0.9260
  2.7800
  3.0500
  3.5720
  4.4160
  4.8240
  5.2040
  6.6220
  8.3860
  8.5040
  9.5300
 10.5660
 11.0140
 11.6620
 12.3720
 12.8080
 14.3660
 14.8260
 16.3080
 16.6540
 16.7560
 17.1780
 18.0040
 18.1400
 18.8360
 18.8640
 19.2100
 19.3200
 20.0240
 20.5640
 21.7000
 22.2200
 22.5820
 23.0260
 23.2420
 23.9180
 24.0900
 25.0600
 26.2300
 27.0700
 27.5920
 27.6420
 27.7160
 28.1740
 28.4960
 28.6700
 28.8340
 29.4940
 30.0300
 30.6320
 31.0100
 31.1280
 31.2160
 31.2420
 31.3420
 31.5320
 31.6500
 31.9280
 33.0780
 33.2700
 33.6280
 35.2620
 36.1740
 36.9160
 37.5660
 38.2460
 38.7280
 38.9200
 38.9740
 39.0380
 39.2320
 39.3400
 39.9920
 40.9320
 42.4760
 44.5460
 45.7980
 46.4540
 46.8000
 47.9420
 49.3880
 49.6340
 52.4060
 52.8480
 53.5000
 55.0940
 55.2740
 55.8160
 56.6180
 57.0340
 57.2060
 58.7760
 60.6140
 61.0820
 62.4240
 67.2460
 70.6520
 83.1500


#Top pat = 46
  0.8720
  1.5800
  3.6040
  3.8320
  4.0880
  4.3000
  4.9780
  5.0440
  5.3740
  5.6320
  6.1700
  6.2740
  6.9160
  7.4680
  7.9600
  8.6560
  9.0800
  9.1060
  9.4820
 10.0920
 10.6140
 10.6300
 10.8900
 11.4220
 11.4920
 12.3260
 12.5000
 14.2860
 14.3120
 15.6260
 17.0420
 17.4280
 17.6180
 19.1660
 19.3780
 19.9460
 20.4560
 21.5700
 21.7300
 23.0720
 23.7580
 24.2700
 25.3960
 25.5680
 26.4160
 27.1740
 27.2020
 27.3740
 27.5780
 27.6380
 29.2780
 29.7860
 30.0820
 30.3000
 30.4920
 32.4780
 33.7000
 33.8800
 34.2840
 34.3800
 34.4080
 34.8920
 35.7020
 36.2280
 36.4800
 37.5520
 37.8480
 38.9500
 39.4920
 39.8740
 40.2440
 41.9220
 41.9980
 42.0160
 42.6280
 43.7660
 44.7660
 45.5280
 46.5920
 47.6400
 47.9860
 48.1560
 48.5720
 49.2920
 50.7960
 51.8400
 52.4620
 52.8060
 53.1020
 55.3120
 57.9780
 60.2460
 60.9300
 61.0420
 61.3100
 61.6400
 66.5480
 69.4480
 69.8660
 73.6680


#Top pat = 47
  0.1240
  0.5280
  2.4240
  2.8480
  4.7960
  7.1300
  7.3480
  8.3820
  8.4360
  8.8560
  8.9340
  9.0320
  9.3220
 10.7680
 11.0360
 11.1080
 11.3820
 11.6400
 11.7280
 12.2540
 12.3180
 12.3240
 12.5360
 12.5800
 12.6720
 12.9460
 12.9920
 14.0460
 14.4240
 14.4780
 15.9020
 16.0980
 16.3500
 16.6460
 16.8180
 17.4720
 17.8500
 19.3640
 21.0980
 22.1360
 22.1940
 22.5480
 22.8940
 24.4380
 24.8260
 25.3580
 25.6920
 25.8240
 26.0260
 26.0360
 26.5120
 27.4580
 27.6660
 28.3460
 28.3680
 29.4020
 29.4720
 30.2640
 32.2460
 33.7900
 33.8540
 34.2760
 35.1060
 35.5640
 36.2580
 36.4680
 37.0480
 37.0560
 37.1040
 37.1200
 37.1620
 37.3300
 37.9680
 38.4340
 40.5520
 41.0580
 42.3300
 42.9040
 43.8820
 44.5420
 45.0460
 45.1600
 45.8980
 46.6580
 46.9800
 47.3280
 47.7100
 49.5080
 51.3800
 53.5500
 53.8540
 58.5820
 59.4380
 62.2800
 67.4280
 69.9200
 71.4140
 73.4640
 83.1380
 83.7180


#Top pat = 48
  1.9440
  3.9400
  5.6520
  5.6960
  6.6760
  6.8040
  7.4040
  7.4100
  8.3660
  8.6580
  9.5640
  9.8580
 10.8600
 12.3040
 12.3680
 12.4060
 14.1900
 14.5880
 14.6820
 16.0420
 16.4620
 18.8240
 18.9080
 19.8580
 20.1580
 20.2560
 20.7540
 21.3340
 21.4920
 22.4080
 22.8840
 23.0520
 23.8200
 23.9160
 25.1380
 25.1560
 25.1720
 25.2820
 25.3980
 25.4620
 25.9360
 25.9420
 26.1920
 26.3680
 26.4820
 26.5440
 27.0680
 28.6620
 29.2100
 29.5260
 29.7880
 29.7940
 30.2280
 30.3800
 30.5940
 30.7280
 30.9960
 31.1300
 32.0300
 32.3980
 33.7140
 33.8180
 34.1340
 34.7320
 34.7920
 36.1200
 36.5600
 37.0320
 37.7920
 38.3560
 38.7680
 39.0380
 40.3580
 40.9860
 43.4320
 43.6780
 44.2200
 44.6880
 44.8220
 44.9500
 45.2900
 45.4420
 48.4560
 49.6520
 50.3160
 50.9580
 52.1260
 52.2180
 54.3540
 55.8440
 56.5620
 56.7060
 58.0440
 60.3940
 65.6180
 70.0320
 70.4660
 72.6680
 83.0720
 84.2060


#Top pat = 49
  0.1720
  2.2000
  3.6740
  3.9160
  5.6640
  6.1920
  6.3160
  7.7060
  8.6220
  8.7360
  8.9900
  9.5680
 10.2020
 10.3240
 11.1840
 12.1220
 12.7400
 12.8220
 13.2680
 13.5840
 13.9340
 14.0040
 14.2320
 14.2700
 14.3220
 14.7600
 15.7660
 16.0880
 16.7320
 16.8560
 17.2720
 17.6620
 18.1700
 18.9160
 19.0880
 19.3220
 19.3280
 19.7080
 20.0900
 20.3500
 20.7000
 20.9720
 21.9000
 22.5060
 22.6720
 23.5260
 23.9540
 25.0380
 25.0960
 25.1320
 25.1500
 25.3760
 25.5320
 25.9620
 26.3240
 26.6160
 26.7740
 27.9360
 28.2660
 28.8120
 29.5220
 30.4880
 30.6600
 31.2480
 31.2880
 31.6000
 31.7800
 32.5820
 33.1100
 34.3380
 35.6600
 36.1420
 36.8940
 36.9140
 37.3560
 37.5080
 38.0520
 38.4920
 39.6680
 40.4800
 41.1140
 43.1280
 44.0820
 44.1600
 45.4180
 45.5600
 46.1840
 46.8360
 47.0060
 48.6300
 49.9000
 50.4800
 51.2900
 51.7460
 52.5820
 56.9040
 58.2620
 62.6480
 71.6280
 75.9580


#Top pat = 50
  0.6140
  0.6860
  0.9480
  2.2180
  3.3160
  3.4840
  3.8300
  4.1220
  5.4460
  5.4680
  6.7540
  7.1740
  7.7740
  8.0520
  8.1320
  8.4020
  8.6100
  9.7640
 10.2080
 10.5740
 12.1200
 12.1480
 12.2080
 12.3560
 12.8600
 13.0760
 13.2200
 13.8700
 13.9020
 14.1300
 14.1800
 14.5920
 14.7820
 15.1920
 15.5240
 15.8440
 15.9560
 16.2880
 16.4000
 16.6020
 16.7260
 17.9700
 18.0060
 19.4940
 19.5440
 19.6560
 20.4600
 21.0740
 21.1120
 22.0560
 22.3620
 22.6000
 22.8620
 22.9040
 23.2340
 23.8480
 23.8700
 23.9200
 23.9880
 26.1080
 26.1400
 27.8040
 30.1260
 31.5560
 32.0140
 32.2380
 33.6120
 33.8260
 34.2940
 34.5000
 35.2660
 35.7100
 35.8360
 36.1560
 36.2740
 39.2620
 39.4000
 39.8100
 39.8600
 40.8700
 40.9340
 41.5100
 42.1140
 44.1760
 44.2740
 44.7260
 48.0920
 50.5360
 53.1700
 53.2900
 53.2980
 57.4660
 57.7480
 60.5320
 61.0940
 64.9620
 68.4780
 70.3120
 74.2600
 77.5900


