#..\..\Net100seed42.net EP02delta0.1Input0.5.train 42
#Top pat = 1


#Top pat = 2


#Top pat = 3
-58.2160
-55.3640
-51.9820
-51.5540
-51.3240
-51.2840
-50.9780
-50.8220
-50.8080
-50.5400
-50.4520
-50.4440
-50.3540
-50.2920
-26.5360
-20.2120
-19.9600
-19.9500
-19.8860
-19.3800
-18.7600
-18.7140
-18.4380
-18.4000
-18.2980
-17.7920
-17.6000
-17.1600
-17.1280
-17.0540
-17.0480
-16.9320
-16.1960
-16.1800
-16.1060
-15.4220
-15.3160
-15.0060
-14.3160
-14.1420
-14.1340
-14.0800
-13.3880
-13.2440
-12.9620
-12.0120
 -6.1260
  1.9540
  5.1040
 12.5780
 12.8480
 12.9680
 13.0040
 13.0060
 13.5140
 13.8320
 14.2620
 14.8200
 15.9360
 16.1260
 16.1480
 16.5400
 16.6440
 16.7040
 16.8900
 16.9740
 17.0220
 17.0380
 18.1680
 18.2980
 18.4900
 18.4940
 18.5560
 18.6660
 18.7960
 18.8000
 19.2280
 19.2620
 19.3560
 19.7440
 20.1600
 20.8740
 21.1880
 23.2820
 23.8720
 25.4260
 27.0060
 29.7860
 49.5620
 49.8080
 49.9020
 50.0040
 50.3280
 50.5840
 50.6320
 50.8480
 50.8880
 51.9640
 55.2300
 58.7480


#Top pat = 4
-56.2860
-54.5500
-53.7360
-53.3720
-53.0280
-52.8200
-51.6720
-51.1460
-50.5820
-50.4040
-50.2700
-50.1460
-49.5400
-48.8700
-30.4980
-29.2280
-27.3480
-23.5400
-21.9580
-21.0540
-20.7360
-20.3980
-19.5860
-19.4660
-19.3600
-19.2520
-19.0840
-18.3420
-18.1760
-17.6580
-17.5980
-17.5840
-17.2200
-16.5740
-16.3440
-15.9500
-15.4100
-15.2400
-15.1320
-14.9120
-14.4640
-14.3700
-14.2380
-12.8600
-12.1480
-11.7160
-11.5220
-11.1140
-10.7860
 -9.4760
  9.1000
  9.8400
 11.3220
 11.5460
 11.8720
 11.9420
 12.0220
 12.4120
 13.8220
 13.8820
 14.3160
 15.0940
 15.1600
 15.4760
 15.8200
 16.0220
 16.2600
 16.2760
 16.3020
 16.6260
 16.7720
 16.8880
 17.4620
 17.5900
 17.6940
 17.7420
 17.7940
 18.1440
 18.3280
 18.5640
 18.8860
 19.4260
 19.8240
 20.0920
 20.3100
 20.9380
 20.9960
 21.7740
 22.2180
 24.2360
 24.5680
 48.9780
 49.1640
 49.5940
 50.5980
 51.1140
 51.4400
 51.6600
 55.4260
 55.8440


#Top pat = 5
-59.2140
-58.6780
-58.1520
-57.4920
-53.7800
-53.2740
-48.3940
-48.2040
-44.8260
-33.1840
-31.8940
-31.2500
-28.2520
-27.8260
-27.6580
-26.3660
-26.2460
-25.9920
-25.8480
-25.1920
-24.5740
-22.9100
-22.4820
-20.7120
-20.4740
-20.4140
-20.1220
-20.0660
-19.1560
-18.9420
-18.9420
-18.0160
-17.7720
-17.5700
-17.5200
-15.8480
-15.7400
-15.6540
-14.8540
-12.4600
-12.3220
-11.8440
-11.1920
 -7.4720
 -7.2800
 -5.3020
 -4.9820
 -3.5820
  8.5700
  8.6220
  9.4300
 11.4420
 11.7960
 12.4700
 12.8100
 13.5860
 13.5880
 15.1780
 15.4260
 15.9840
 16.6760
 17.4920
 17.5460
 17.5980
 18.5460
 18.8540
 18.9080
 19.2800
 19.3500
 19.6360
 19.6540
 19.9240
 20.2360
 21.1060
 21.5440
 21.7760
 22.0140
 24.9260
 24.9420
 25.0840
 25.1140
 25.9880
 26.3220
 27.0040
 30.6220
 31.0820
 42.6700
 46.1740
 47.8300
 47.9900
 48.0140
 48.0900
 49.0260
 50.0740
 50.5500
 52.2180
 54.6260
 57.5460
 57.8680
 59.1200


#Top pat = 6
-61.3300
-51.8740
-50.4940
-50.2940
-50.1400
-43.8840
-42.8420
-41.3420
-38.2460
-38.2000
-37.8140
-37.2220
-36.0320
-35.3040
-34.5480
-33.9820
-33.7420
-32.9940
-32.2280
-31.6940
-30.9860
-30.8800
-29.3320
-29.2660
-28.6460
-28.1000
-24.4980
-23.9040
-23.8700
-20.6500
-15.9700
-14.7380
-14.2020
-14.0220
-12.2200
-11.2880
 -8.8340
 -8.0080
 -6.9380
 -5.9020
 -4.7140
 -3.5400
 -3.2720
 -0.4680
  2.1340
  3.0680
  3.1000
  3.5360
  5.0880
  7.7960
  8.6000
  9.7480
 10.4080
 10.7060
 11.9540
 11.9600
 12.0700
 13.9700
 14.4060
 14.7820
 15.4840
 16.2860
 17.6240
 17.7440
 18.9660
 20.8600
 21.0980
 22.0760
 27.5620
 27.8880
 28.1980
 28.3100
 29.7780
 30.9260
 31.3460
 31.4660
 31.5900
 31.7780
 32.1040
 33.6680
 34.8300
 36.0100
 36.6880
 38.1400
 38.5520
 39.2120
 39.5140
 40.2560
 41.8900
 41.9900
 42.4860
 42.5120
 42.6460
 42.8420
 50.4600
 52.4300
 57.5560
 59.9260
 61.2780
 61.7080


#Top pat = 7
-57.5860
-53.6260
-53.1860
-52.9380
-52.4800
-52.3560
-51.9760
-51.5900
-50.1140
-46.3520
-45.4940
-32.7060
-30.0820
-29.0620
-26.0800
-25.9960
-25.1880
-24.8880
-23.4260
-21.8580
-20.9920
-20.8500
-20.8140
-20.2420
-19.0720
-18.9500
-18.6460
-17.0300
-16.8240
-15.9860
-15.5940
-15.4800
-15.2660
-14.3680
-14.2420
-13.8220
-13.6400
-13.0480
-12.9300
-11.4540
-11.2400
-10.8800
 -9.9580
 -9.5960
 -8.8600
 -8.5640
 -6.3520
 -5.5500
 -3.9140
 -3.7020
 -2.5080
  5.2720
  6.7100
  7.4580
 10.1640
 10.6760
 12.4920
 12.5600
 13.0520
 13.4240
 13.9100
 14.3020
 15.2600
 15.6480
 16.0740
 17.0640
 17.1040
 17.2760
 17.4520
 17.6420
 17.6780
 17.6940
 17.8740
 19.1880
 20.0180
 20.8660
 21.9420
 22.0500
 22.7380
 23.3440
 23.7400
 24.1620
 24.4500
 25.1300
 28.0800
 35.6920
 40.2660
 44.5180
 45.8140
 46.6720
 48.0800
 48.1860
 49.8620
 50.1820
 50.4040
 51.3720
 53.7000
 54.1840
 57.6780
 59.5060


#Top pat = 8
-59.7060
-57.8800
-56.9960
-53.8700
-52.7180
-51.3440
-50.9080
-49.6360
-47.0260
-42.7680
-31.0900
-29.2360
-26.8720
-23.8240
-23.5120
-22.8220
-21.7780
-21.3140
-20.5100
-20.0960
-19.1080
-18.9600
-18.6840
-17.7800
-16.8820
-16.4500
-15.8680
-15.5180
-15.5120
-15.1720
-14.8100
-14.7260
-14.4740
-14.4440
-14.4380
-14.0580
-13.2320
-12.7540
-11.6120
-11.1720
-11.1400
-10.6940
-10.0360
 -9.8860
 -8.1820
  1.2820
  6.5480
  6.5540
  6.9940
  9.0120
  9.4200
  9.7300
  9.9660
 11.6020
 13.2680
 13.2880
 13.6040
 14.1500
 15.0860
 15.3980
 15.5100
 16.0680
 16.8340
 17.0780
 17.0900
 17.6960
 18.1360
 18.6420
 19.0980
 19.4460
 19.7920
 20.0740
 20.3680
 20.7340
 21.0220
 21.3640
 21.3860
 21.8840
 22.1980
 22.8840
 22.9680
 23.6420
 26.7000
 27.3820
 28.1100
 28.8560
 29.7660
 45.7660
 48.4040
 48.4860
 48.9260
 53.7460
 55.7200
 56.8780
 57.4320
 57.4380
 58.1320
 60.4380
 61.8140
 64.7920


#Top pat = 9
-71.6420
-57.4640
-53.1760
-51.6800
-50.9680
-47.8720
-46.4920
-45.2280
-44.9880
-44.8880
-40.5980
-37.1720
-36.9800
-36.1320
-36.0740
-35.1760
-34.8020
-34.7700
-32.8400
-31.6820
-31.2840
-29.5180
-29.2640
-28.9780
-28.5820
-28.5180
-27.9100
-27.5020
-27.3180
-27.2400
-25.1680
-23.1780
-21.8080
-20.5540
-17.5520
-16.5080
-16.1540
-14.7220
-14.6860
-13.7200
-13.4060
-11.7060
-11.6260
 -9.2780
 -8.6720
 -8.6320
 -8.2460
 -7.4240
 -5.8880
 -4.7140
 -3.9920
  0.1180
  1.8280
  2.6300
  4.4760
  4.5080
  4.5400
  5.0600
  5.1320
  5.8100
  7.6920
  8.0860
  8.4740
  9.5140
 10.2900
 10.6500
 11.4420
 13.0860
 14.0240
 14.1160
 14.5060
 14.7500
 15.7720
 17.1260
 19.8500
 20.0040
 21.7120
 21.9720
 22.0180
 23.2920
 23.5760
 24.6400
 26.9000
 28.2100
 28.8280
 28.9520
 30.1900
 30.2620
 32.4980
 32.8340
 34.4260
 36.2540
 36.3000
 38.0120
 38.2280
 50.7120
 54.7220
 60.7720
 65.4640
 74.3160


#Top pat = 10
-66.1560
-59.7560
-56.7420
-53.5040
-53.1620
-52.2760
-51.6160
-51.5500
-50.0160
-46.6660
-45.7140
-45.1000
-42.0620
-41.7560
-41.5820
-39.9900
-39.4480
-39.1940
-38.0700
-36.4400
-36.0560
-36.0280
-35.8760
-33.8680
-33.7100
-28.7240
-26.0440
-25.4280
-22.3220
-22.2200
-20.8240
-19.5720
-19.2120
-18.5780
-18.0560
-17.1500
-16.9800
-15.3760
-13.7720
-13.7340
-13.2880
-13.2740
-12.4760
-12.0520
-11.3100
-10.0680
 -9.7300
 -7.4520
 -5.4280
 -3.5900
 -3.3200
  0.3180
  2.3860
  2.4400
  2.7220
  3.1920
  4.8000
  5.7180
  8.3420
  8.8200
  9.1280
  9.2240
  9.9780
 10.2660
 11.3760
 12.2060
 12.5940
 13.4080
 13.4340
 15.5300
 15.7020
 16.5500
 16.7040
 17.3440
 17.8720
 20.8840
 22.8720
 22.9220
 23.5840
 24.4720
 24.8520
 24.8700
 26.5020
 29.2100
 29.6940
 30.4600
 31.7060
 32.7520
 33.7280
 36.0020
 38.8400
 43.2960
 43.9520
 48.1420
 50.0880
 52.2140
 56.5320
 59.6000
 64.3960
 77.5840


#Top pat = 11
-63.4720
-63.4300
-60.5740
-59.6520
-58.0000
-57.4640
-56.7640
-55.9620
-54.8480
-54.2040
-53.0740
-52.6760
-52.5160
-48.2920
-47.6900
-47.1420
-46.4020
-24.9240
-21.1520
-20.9660
-20.7660
-20.3380
-20.1580
-19.8680
-18.8260
-18.7220
-18.0420
-17.7960
-17.7440
-17.4780
-17.3700
-17.2980
-17.2520
-17.1340
-16.5840
-16.1080
-16.0860
-16.0620
-15.8660
-15.5180
-15.2580
-14.8660
-14.7120
-14.6060
-14.3080
-13.8180
-13.4660
-13.3700
-12.1400
-12.0680
-12.0020
-11.7400
-10.8320
-10.3360
-10.1620
 -9.9960
 -9.9100
 -9.6780
 -7.8800
 -6.7240
  9.6380
 11.0220
 11.9540
 14.0020
 14.0720
 14.5560
 15.2620
 15.4820
 16.0180
 16.5440
 16.8720
 17.2080
 17.6000
 17.6800
 18.0920
 19.0000
 19.1380
 19.1900
 20.0380
 20.2400
 20.7020
 21.9980
 22.4520
 24.2140
 26.6880
 27.6520
 41.6500
 45.9040
 46.1860
 50.3080
 50.3820
 51.8220
 52.3200
 56.1860
 57.6740
 58.6640
 61.7740
 61.8780
 62.6600
 67.8060


#Top pat = 12
-84.5340
-75.6340
-63.9600
-63.6580
-57.0360
-55.9360
-55.5020
-51.5800
-50.4720
-46.5080
-45.3180
-44.5100
-44.1700
-43.8720
-40.0240
-39.4280
-37.3620
-33.7920
-33.6820
-33.5280
-32.4500
-32.2480
-31.0260
-31.0040
-29.7740
-29.4260
-28.2220
-26.6680
-26.0140
-21.8840
-21.8760
-21.4740
-21.2940
-20.2260
-18.2360
-16.7600
-16.7500
-14.8800
-14.8720
-12.7000
-12.6880
-10.2840
 -9.2520
 -8.3700
 -8.3500
 -6.9240
 -6.5320
 -5.1420
 -4.3860
 -4.3160
 -3.3800
 -2.3940
 -2.3180
 -1.3160
  1.3480
  2.3440
  3.6160
  4.6340
  6.1100
  7.0220
  7.9260
  8.6560
  9.0160
  9.5380
 10.0900
 10.3560
 10.7380
 12.4620
 15.5800
 17.7620
 19.1780
 22.2220
 23.4800
 23.7840
 24.0500
 24.6960
 24.8100
 25.6740
 26.2640
 27.4120
 29.7700
 29.8600
 31.5420
 31.7260
 31.9140
 32.2660
 33.9260
 35.8440
 36.0300
 36.5480
 41.4100
 42.3680
 47.2160
 57.7880
 58.3560
 59.7820
 60.4880
 61.9900
 65.6160
 67.5400


#Top pat = 13
-58.1620
-56.0600
-52.0140
-51.1060
-47.0220
-45.2820
-43.0180
-42.4020
-41.9060
-40.9940
-40.4080
-33.2140
-32.7500
-32.1760
-32.0060
-30.7340
-27.6400
-26.4200
-26.3000
-25.6620
-24.9340
-23.3680
-22.4060
-22.1420
-21.1300
-21.0980
-21.0260
-20.8840
-19.4480
-18.9520
-18.6080
-16.5940
-14.4500
-14.0300
-13.5280
-13.3320
-12.8440
-12.4720
-11.4500
-10.1620
 -9.4560
 -8.9340
 -8.4620
 -7.9960
 -7.1920
 -4.6740
 -3.5420
 -0.8420
 -0.4340
  3.6020
  3.7940
  4.5020
  6.2600
  6.7540
  7.7580
  7.8480
 10.7440
 11.0240
 11.2760
 14.7820
 15.5160
 17.8980
 19.2900
 21.7200
 22.0900
 23.2440
 27.7040
 28.3680
 28.9000
 30.5600
 30.8220
 30.8740
 31.1760
 31.2940
 32.0340
 32.3160
 32.4340
 32.5400
 33.6260
 33.8580
 34.1520
 34.3580
 34.8540
 37.3300
 37.5500
 38.4620
 39.1660
 40.3120
 40.4380
 41.1040
 41.1660
 41.2100
 42.7600
 43.8300
 44.3800
 58.9620
 60.0020
 60.0440
 70.6640
 79.4960


#Top pat = 14
-83.3860
-74.8260
-56.2060
-55.1460
-52.6720
-50.2420
-49.4120
-43.2500
-37.1600
-36.6180
-36.3000
-32.0380
-31.3480
-31.2380
-30.8220
-28.8440
-28.6900
-27.1600
-27.1200
-26.9000
-26.4840
-26.4200
-25.5060
-24.8540
-24.4620
-24.2420
-23.5960
-22.5660
-22.2120
-21.5800
-21.3080
-20.4000
-19.8440
-19.7160
-18.7900
-18.6940
-17.0640
-16.9200
-14.6300
-14.2300
-13.8340
-13.4160
-12.2640
 -8.7620
 -7.7080
 -6.2320
 -3.4920
 -2.0780
 -1.4140
  0.7300
  1.9240
  4.7580
  6.5660
  8.6560
  9.4280
 11.6760
 12.1400
 12.1420
 12.3600
 13.5480
 13.7200
 14.2220
 16.6940
 18.1920
 18.3860
 19.0920
 20.9120
 22.2240
 25.0140
 26.2440
 27.9920
 28.6900
 29.6340
 31.0740
 31.3180
 31.4240
 32.4000
 32.5480
 32.5640
 33.3120
 34.2420
 34.7860
 35.3480
 37.4420
 38.0000
 38.8320
 39.5520
 39.6960
 40.2820
 43.3340
 43.6260
 47.4620
 48.6380
 50.4140
 50.9040
 55.8940
 56.0000
 56.6360
 67.1200
 73.5100


#Top pat = 15
-62.2960
-55.5040
-55.2380
-54.4540
-54.1780
-50.1200
-48.6680
-41.2240
-38.4420
-38.4280
-38.1040
-37.6340
-35.4620
-34.4620
-32.2960
-30.8140
-27.3620
-26.7020
-26.1880
-25.0560
-24.3620
-23.7020
-23.3420
-21.8280
-21.3860
-21.2280
-18.6300
-17.3420
-16.9660
-16.1160
-15.3080
-12.2240
 -8.7020
 -6.6420
 -6.3140
 -4.2520
 -3.5020
 -2.6640
 -2.4800
 -2.1700
 -1.5520
  2.6600
  3.1580
  3.3280
  3.8100
  4.4900
  6.3420
  7.9980
  8.2100
  9.0260
  9.4400
  9.4980
 11.8600
 14.4860
 16.2900
 16.6500
 19.1120
 19.4820
 20.6700
 21.1980
 21.5320
 21.9440
 22.3620
 23.0420
 23.2780
 24.2120
 24.2960
 25.9940
 27.3060
 27.3500
 27.4220
 28.3340
 29.6480
 29.8860
 31.8080
 32.0400
 32.2400
 33.8280
 36.8800
 38.0260
 38.7820
 38.8960
 39.4640
 39.5580
 39.9080
 41.1860
 41.3380
 45.1520
 46.3140
 47.3080
 49.1820
 49.9720
 53.9340
 54.0400
 54.9620
 57.0960
 58.5080
 68.8380
 70.2460
 81.5200


#Top pat = 16
-66.2460
-64.4640
-61.4660
-60.3880
-55.8400
-55.5640
-55.2080
-45.5400
-43.8300
-41.7480
-40.6640
-39.7020
-38.7240
-37.0720
-36.2220
-34.8740
-31.7900
-31.2780
-30.5800
-28.5680
-26.4320
-23.0020
-22.3920
-22.1360
-21.1380
-20.2840
-19.0660
-18.1580
-16.5720
-15.0760
-14.9140
-10.4780
 -9.1420
 -8.6280
 -7.6180
 -7.5640
 -6.6380
 -4.4680
 -3.7100
 -3.1920
 -1.2700
 -0.9880
  3.4500
  7.6520
  8.3520
  9.0060
  9.1500
  9.8980
 10.4180
 10.4540
 10.4740
 11.1900
 11.4000
 13.6640
 15.1240
 15.7300
 16.0920
 16.7820
 18.8540
 18.9300
 19.7220
 20.0680
 20.6600
 20.6680
 22.1440
 22.3080
 23.8640
 23.8680
 26.6300
 28.5020
 29.0920
 30.1280
 32.8060
 33.6780
 34.9100
 35.0340
 35.1360
 35.2240
 36.0400
 36.0740
 36.4600
 37.0200
 38.9060
 39.3940
 40.1020
 43.2320
 43.2740
 44.0960
 46.2580
 48.4800
 50.1740
 50.2660
 51.3860
 53.2140
 53.5600
 55.3000
 57.3880
 58.5400
 62.8060
 74.2400


#Top pat = 17
-75.1000
-73.7980
-73.5480
-67.4320
-66.6280
-63.7380
-55.0960
-51.7880
-50.4520
-46.7520
-43.1800
-42.8120
-42.4980
-42.1060
-38.5200
-37.5620
-36.3220
-36.3180
-34.9460
-34.7820
-34.7100
-33.9240
-31.8840
-29.9280
-28.7680
-27.0260
-25.4840
-24.9420
-23.8220
-23.7800
-23.5660
-23.4700
-22.5820
-21.9740
-21.3500
-20.7940
-20.3220
-19.5960
-18.6620
-17.9700
-16.6720
-16.1860
-15.4560
-15.4520
-14.5600
-13.7720
-13.2720
-13.2620
-10.8660
 -9.5120
 -9.2400
 -8.7240
 -8.3000
 -6.4040
 -6.0700
 -4.3080
  0.0440
  0.7340
  2.1700
  2.3020
  2.6460
  3.7180
  5.4480
  6.3200
  9.5340
 10.1860
 10.6780
 10.9760
 16.6340
 17.3220
 18.0400
 19.4340
 19.4800
 19.7140
 21.3540
 22.2440
 22.7360
 24.8660
 29.5180
 30.1020
 30.7960
 32.3360
 33.7320
 34.5520
 35.8780
 38.1520
 39.8520
 41.0080
 42.3660
 45.4540
 47.4440
 49.3640
 49.6440
 52.7220
 53.1460
 53.1680
 53.3460
 56.2380
 56.9740
 67.2420


#Top pat = 18
-73.7880
-67.6320
-57.3060
-56.2520
-53.3300
-52.2920
-52.2140
-51.5500
-48.6940
-47.6660
-43.3400
-42.6820
-42.0880
-41.8600
-39.6680
-35.5700
-35.3340
-34.1000
-32.9320
-32.1380
-30.7880
-29.9580
-26.6400
-25.5900
-25.2600
-24.8300
-24.1400
-24.0940
-23.7140
-23.2680
-22.6080
-18.8440
-18.4420
-18.0400
-17.5260
-16.8860
-16.5940
-16.1840
-14.7800
-13.1400
-11.8820
 -9.9200
 -9.6900
 -8.5700
 -7.9620
 -5.9640
 -5.9160
 -1.9960
 -1.4460
  0.6660
  1.0360
  1.6240
  8.3260
  8.8400
  9.9740
 10.2500
 11.5200
 11.7780
 11.8540
 12.9220
 13.2060
 13.9460
 15.2640
 17.2840
 17.9980
 19.3540
 20.5400
 22.0920
 25.6880
 26.0100
 26.2380
 27.7620
 28.9980
 29.5940
 30.7540
 30.8760
 31.2400
 32.7980
 33.3700
 33.6520
 37.3920
 37.6600
 39.3180
 40.5320
 40.6780
 43.3940
 44.5540
 46.5820
 49.6660
 50.5340
 51.6800
 54.7600
 55.7120
 57.7400
 57.8960
 59.7220
 60.1660
 64.3620
 71.1400
 71.9640


#Top pat = 19
-68.0780
-57.6380
-49.4020
-48.4860
-47.6160
-46.8360
-42.7200
-35.6180
-33.9960
-33.8920
-33.7760
-31.4520
-30.9000
-30.4180
-30.2500
-29.4620
-28.6240
-28.4240
-28.2300
-26.8180
-26.7040
-23.6040
-23.5000
-23.0540
-21.6920
-20.8500
-19.9220
-19.7440
-18.3100
-17.0720
-14.5080
-12.7200
-12.0000
 -9.9700
 -8.0100
 -7.5160
 -6.9520
 -3.8500
 -2.9280
  0.0960
  0.9760
  2.2560
  3.1380
  3.3500
  5.4180
  5.7440
  6.3400
  7.1240
  7.6940
  9.7340
 10.6940
 11.2860
 11.5000
 11.5300
 12.4280
 12.9360
 14.3980
 14.6680
 15.0160
 15.3820
 15.4380
 16.2400
 16.4340
 20.3320
 21.2140
 21.7060
 22.9340
 23.6240
 23.7320
 24.1780
 24.2560
 25.1220
 25.2060
 27.8280
 28.0920
 28.9820
 29.1560
 29.4840
 31.3100
 33.1200
 33.8280
 34.5080
 34.8600
 37.1540
 38.3280
 39.0600
 41.7780
 42.3660
 46.2260
 47.1080
 47.8520
 48.9500
 49.2940
 51.8220
 53.3120
 54.0260
 54.5340
 55.6060
 66.7740
 66.8580


#Top pat = 20
-74.7700
-59.1560
-48.1020
-46.1560
-44.7960
-42.1080
-42.1020
-41.8820
-39.3440
-39.0520
-36.6720
-36.3320
-35.8980
-35.5900
-35.0900
-34.1360
-33.9740
-33.8280
-32.3180
-31.3720
-30.7340
-29.8940
-28.9480
-28.6660
-28.5460
-27.4300
-27.2820
-26.4660
-25.7900
-24.9580
-23.2800
-20.3220
-19.8760
-19.3540
-18.7720
-18.7440
-18.2080
-17.0400
-17.0120
-17.0020
-16.6360
-15.7900
-10.5560
 -9.2500
 -6.6940
 -5.1020
 -3.3260
 -2.8440
 -1.8760
 -0.0740
  0.4480
  1.5960
  2.3660
  6.3220
  7.2120
  8.0060
  8.3060
 14.0480
 14.0720
 15.1980
 15.2340
 16.6600
 16.8000
 18.3020
 18.7200
 19.9080
 21.1740
 22.3080
 23.4100
 24.0740
 25.6580
 26.6080
 27.9700
 29.2680
 31.1720
 32.0860
 32.4220
 33.5880
 33.8840
 34.0120
 34.1000
 34.7500
 34.8540
 35.0620
 35.2100
 36.1520
 38.7820
 40.3760
 40.4940
 40.8680
 41.3100
 41.6380
 41.8080
 42.9520
 43.6220
 43.9240
 47.4820
 49.7360
 54.4020
 55.8340


#Top pat = 21
-63.3760
-62.1120
-59.8320
-56.1500
-55.8280
-49.5860
-43.2480
-41.1440
-40.7560
-39.8480
-38.9120
-38.8660
-37.1180
-33.1060
-32.4160
-30.7220
-29.3420
-27.7900
-26.3360
-24.5360
-23.3460
-21.5240
-21.2220
-21.1960
-21.1440
-20.4800
-20.0720
-19.6800
-19.5080
-19.0700
-17.9680
-17.6700
-17.5980
-17.4940
-17.4060
-16.8420
-16.4140
-14.3360
-13.3780
-13.2860
-12.6240
-11.5440
 -9.5140
 -9.4780
 -5.2760
 -4.7900
 -4.7880
 -4.7820
 -1.5100
 -1.4380
 -1.1500
  3.2520
  3.3020
  6.1500
  6.6720
  7.6860
  8.5540
  8.8720
  9.8980
 11.0040
 12.8120
 17.0980
 18.2380
 18.6680
 20.3480
 21.8760
 23.9180
 24.6420
 25.6840
 26.3840
 27.5600
 27.8640
 28.4480
 30.0840
 30.5400
 33.4120
 36.4800
 37.2300
 38.4740
 38.9540
 39.3840
 39.9720
 40.1640
 40.3960
 40.5900
 42.9200
 44.3120
 44.6220
 44.8680
 44.9920
 45.4020
 49.1900
 50.4240
 53.4480
 55.0820
 56.5380
 56.9440
 56.9620
 57.4780
 70.5600


#Top pat = 22
-82.8240
-72.6060
-56.5500
-56.3300
-56.0920
-54.7060
-53.8880
-50.0600
-46.9260
-46.8460
-44.3520
-43.8660
-43.7100
-42.5920
-42.2900
-41.2280
-41.1220
-40.5860
-40.5560
-38.6640
-37.0600
-35.0300
-33.4640
-32.7320
-32.0680
-31.0700
-29.4980
-29.4120
-28.6600
-25.8300
-25.2960
-22.9040
-22.1380
-21.7440
-20.3360
-17.3740
-17.1500
-16.8880
-16.6440
-15.2660
-14.7460
-14.0460
-12.5580
-12.0240
-11.6060
-10.8580
-10.5340
-10.3880
 -6.8400
 -5.7440
 -5.4060
 -5.3660
 -4.5120
 -4.0020
 -3.7620
 -2.3260
  2.3840
  4.8560
  6.3660
  7.8780
  8.0020
 11.4120
 14.5200
 14.9340
 16.2420
 17.3040
 19.8040
 21.4100
 22.8500
 23.6600
 24.4980
 25.1740
 25.3400
 25.9260
 26.7540
 27.8640
 29.3440
 29.5440
 30.8900
 31.2580
 31.9280
 32.2520
 32.9100
 33.4120
 34.5680
 35.5900
 36.7260
 37.2480
 38.8380
 40.3400
 41.6280
 41.6780
 41.8120
 41.8580
 42.6840
 43.9540
 48.2240
 56.9820
 57.3100
 81.3980


#Top pat = 23
-68.9720
-62.9920
-60.8760
-58.4100
-55.7200
-55.2600
-53.1700
-49.4600
-47.6860
-47.4280
-47.3900
-47.1200
-45.5560
-43.2180
-39.7220
-37.6120
-35.7780
-35.7700
-35.3160
-34.8480
-34.2260
-33.1940
-30.4040
-30.0360
-29.7780
-27.8580
-27.5620
-26.3560
-26.1680
-25.0720
-23.3660
-19.9720
-18.3460
-18.0100
-16.2800
-15.1680
-11.9020
-11.1960
-11.1780
-10.0040
 -9.6620
 -9.0360
 -8.5100
 -7.1220
 -4.1180
 -3.4760
 -3.1180
 -1.3880
 -0.6400
  0.1400
  1.8660
  1.9380
  3.7120
  5.4160
  9.3720
  9.9260
 10.5600
 11.8740
 13.1880
 14.3120
 14.4460
 15.5780
 16.0000
 16.1800
 16.6180
 18.0680
 18.7020
 19.7580
 19.8900
 20.2700
 22.2780
 22.6740
 22.7080
 23.7960
 23.8160
 24.3320
 24.8900
 25.5600
 26.2020
 28.0800
 29.7300
 30.9760
 30.9980
 31.2280
 31.7880
 33.2220
 36.2660
 36.2940
 37.8860
 39.7640
 40.0960
 40.1320
 40.6380
 40.9980
 42.2500
 42.8920
 46.0260
 47.5020
 55.3920
 78.1580


#Top pat = 24
-63.4420
-50.5920
-49.8020
-47.3180
-46.8880
-46.0560
-44.6820
-44.2540
-43.5380
-42.1880
-40.2600
-38.2600
-36.8640
-34.6420
-33.5720
-32.8320
-32.3000
-30.9900
-30.8160
-30.5820
-29.9820
-29.9300
-28.0000
-25.8160
-25.1040
-24.5520
-24.2420
-23.8360
-22.1420
-21.5040
-20.6040
-20.2000
-19.8040
-19.3800
-18.7800
-15.8360
-14.3440
-13.8180
-13.5480
-13.2280
-12.2680
 -9.1800
 -9.0120
 -8.5900
 -7.1100
  2.2600
  2.6520
  5.5480
  5.9440
  6.0120
  6.5620
  7.8700
  8.5680
  9.5380
 11.5120
 12.6760
 13.8140
 15.8920
 15.9260
 16.4360
 16.4900
 16.5880
 18.4680
 18.4740
 19.7120
 21.0340
 21.3160
 21.9400
 22.9360
 23.4140
 24.0460
 24.3480
 25.6340
 26.3780
 26.4380
 26.7160
 29.2180
 30.4260
 30.4420
 32.2460
 33.3880
 33.5460
 35.8000
 35.9220
 36.1800
 37.9800
 38.0300
 39.4660
 39.6140
 41.5300
 41.6880
 41.8560
 41.9380
 42.5260
 47.2000
 51.3540
 52.6480
 56.6780
 57.2720
 66.2160


#Top pat = 25
-98.8560
-67.3640
-65.4600
-64.0900
-63.3840
-62.4520
-56.8720
-51.8680
-49.6880
-49.1560
-47.9500
-47.0800
-46.8880
-46.2820
-45.4660
-38.1160
-35.0420
-34.3820
-32.6200
-29.2420
-28.4560
-28.3060
-28.2240
-28.1540
-27.7600
-25.7160
-25.4840
-24.1100
-19.9680
-18.4840
-17.1420
-15.5040
-14.9580
-14.8140
-14.7900
-14.5220
-13.6080
-13.4500
-13.2300
-10.6940
-10.6940
-10.6280
-10.6240
-10.2560
 -9.0260
 -7.2000
 -6.0320
 -2.6060
  0.2200
  2.2000
  4.1020
  4.2300
  4.2560
  5.4820
  6.2620
  7.5160
  8.2980
  9.6300
 12.5560
 13.9020
 13.9640
 13.9760
 14.6100
 14.7520
 14.8700
 15.6840
 16.3880
 17.8120
 18.1020
 18.6760
 19.1480
 19.6920
 21.3660
 22.2560
 22.9720
 23.5600
 26.7980
 31.2640
 31.7900
 32.3960
 34.7200
 35.8480
 36.6120
 37.4780
 38.1220
 40.5360
 41.7360
 43.7140
 44.0280
 44.1400
 46.2840
 47.1360
 48.4000
 48.7200
 49.2660
 51.3380
 52.4760
 58.5360
 70.2820
 70.9200


#Top pat = 26
-94.5700
-59.3760
-58.2760
-58.0740
-53.3900
-52.6260
-46.9340
-46.5880
-45.2200
-41.7380
-41.1420
-37.5780
-37.5460
-36.0300
-33.9940
-32.7560
-31.3780
-30.8060
-29.4100
-28.9160
-28.0560
-27.4440
-26.2240
-25.4120
-25.3840
-24.8760
-24.4100
-24.0780
-23.8500
-23.6380
-23.0940
-22.5580
-22.3220
-21.4600
-19.4720
-17.9960
-17.9780
-17.7720
-16.7840
-16.0160
-15.8840
-15.2620
-13.7400
-13.0940
-11.8460
-11.2100
-10.9920
-10.4500
-10.1680
 -4.3360
 -3.7740
 -0.8600
 -0.8420
  0.2040
  1.2760
  3.4680
  3.5620
  4.8720
  6.2080
  6.5260
  7.5800
  9.1340
 10.4840
 10.8740
 12.3420
 12.4440
 14.1880
 14.2760
 14.5280
 14.7680
 15.7680
 16.1840
 16.5080
 17.0500
 17.0580
 18.4220
 21.6760
 22.6380
 23.9880
 24.4240
 25.0000
 25.8800
 26.9640
 30.4220
 30.6740
 32.7800
 33.2420
 33.7480
 35.8720
 39.8020
 44.8900
 45.3900
 50.4660
 52.1400
 56.6980
 59.1940
 59.3740
 61.5740
 63.6320
 67.6380


#Top pat = 27
-67.9280
-63.5540
-56.1840
-55.3220
-55.2040
-50.9600
-50.4880
-50.4160
-49.4340
-45.7140
-45.4880
-44.7580
-43.6900
-42.0940
-37.1660
-37.1540
-35.7840
-34.6940
-33.0080
-30.9720
-30.2920
-30.0560
-29.3420
-28.6960
-28.5920
-27.0620
-26.7940
-26.6820
-26.5220
-26.4180
-25.6840
-25.5000
-23.2340
-22.1600
-20.5180
-19.4540
-17.0680
-12.9060
-11.4780
 -8.3260
 -6.4640
 -6.3640
 -5.8980
 -4.7740
 -3.4500
 -0.7860
  0.3680
  1.4240
  1.5500
  2.0260
  2.1580
  6.9280
  8.9660
  9.4260
  9.6660
 11.8280
 13.4020
 14.3460
 14.4760
 14.5500
 16.0860
 16.0880
 16.9760
 17.5220
 18.2660
 19.9000
 20.3340
 22.7780
 24.1400
 24.7220
 25.1640
 26.0940
 26.1780
 27.2120
 27.2900
 28.5600
 31.3760
 31.8460
 32.3660
 35.4600
 35.5580
 36.1580
 36.9100
 37.2800
 38.0080
 39.8420
 40.2920
 40.4900
 40.7780
 42.9520
 44.5420
 48.3080
 49.4460
 50.6300
 53.1800
 56.5100
 59.6080
 60.7880
 62.0180
 84.6100


#Top pat = 28
-66.4360
-64.3340
-59.4460
-55.8360
-54.1000
-52.7380
-50.3540
-49.8160
-48.3960
-46.9700
-43.6380
-43.3080
-42.0220
-41.8620
-40.9680
-40.1780
-40.1720
-39.1840
-38.2840
-35.9960
-35.8040
-35.1300
-33.1080
-32.7760
-29.8880
-27.5380
-27.2060
-27.0740
-26.1640
-25.9880
-25.5320
-23.7060
-23.6140
-23.3040
-22.8140
-22.4360
-21.7280
-20.5280
-19.8280
-18.5920
-17.9500
-15.3740
-12.2020
-11.6140
-11.3300
-10.8400
 -9.9560
 -8.9180
 -4.3980
  0.9540
  0.9700
  4.0140
  4.9160
  5.1600
  6.0400
  6.4120
  9.2600
 10.3400
 11.2700
 11.6000
 14.0520
 15.0300
 17.5060
 18.0020
 18.4880
 21.8080
 22.2760
 22.8200
 23.5080
 23.8440
 23.9080
 25.1480
 26.5140
 26.6320
 28.5920
 31.3220
 31.5740
 33.5980
 34.3760
 36.8940
 38.3800
 40.0620
 41.1660
 41.8680
 45.1440
 46.0920
 46.1720
 46.3620
 46.7840
 47.1920
 47.8220
 48.7280
 49.9600
 50.4660
 53.3240
 54.6520
 57.0820
 60.6920
 67.0200
 70.5980


#Top pat = 29
-69.4940
-66.2760
-64.7580
-60.0420
-59.7120
-58.4820
-56.6300
-51.6300
-49.4340
-48.1480
-48.0080
-46.5020
-46.0720
-45.3080
-44.8080
-44.1780
-44.1580
-43.8840
-42.0680
-41.9640
-38.1860
-37.5320
-37.5100
-36.0780
-32.4600
-29.5560
-28.7800
-26.2920
-22.9880
-22.5840
-21.8180
-20.8540
-19.7780
-18.4320
-18.3860
-17.1640
-14.1180
-13.9980
-10.8040
-10.2680
 -5.5280
 -4.9500
 -4.8620
 -4.3440
 -4.2020
 -3.8920
 -1.3500
  0.0940
  2.5860
  3.3880
  3.4880
  3.5460
  6.3540
  6.6120
  6.8120
  8.2680
  8.5900
  9.1560
  9.9080
 12.6080
 15.5460
 16.1960
 16.8580
 20.9700
 21.5140
 21.8520
 24.0140
 24.1660
 24.2760
 24.5900
 25.9780
 27.1800
 27.7340
 28.2140
 28.7760
 29.0440
 29.2360
 31.3500
 31.4340
 33.0680
 33.8000
 36.6080
 36.8620
 37.5220
 38.8040
 39.3080
 40.1220
 44.5160
 44.5900
 45.7960
 47.0680
 47.5960
 47.8980
 47.9460
 52.2800
 55.0120
 59.5480
 61.3480
 63.3460
 63.4140


#Top pat = 30
-58.2420
-53.3540
-53.0240
-51.6540
-50.6980
-50.6360
-50.2140
-50.1320
-47.9900
-47.7940
-44.8040
-44.0300
-42.8660
-41.2280
-39.2880
-38.3380
-38.3220
-36.2120
-35.6340
-35.6340
-34.9740
-29.6000
-28.6100
-28.1720
-27.5600
-27.5460
-27.3460
-22.8620
-22.8200
-22.5100
-18.4980
-18.0980
-18.0380
-17.5760
-17.5520
-17.2940
-17.0420
-15.9860
-15.7980
-15.6780
-15.0980
-14.7120
-14.0160
-11.8880
-10.7560
 -7.5640
 -6.7900
 -3.5900
 -2.0260
  0.4180
  1.0820
  3.1040
  4.2560
  5.9780
  7.7840
  8.9540
 10.4720
 11.2740
 12.3300
 12.7100
 14.4740
 15.0700
 16.3740
 17.6760
 18.1540
 18.6860
 19.1700
 19.3640
 22.0920
 23.5560
 23.5760
 26.0680
 26.4940
 27.9920
 28.4520
 30.0680
 30.3800
 30.8900
 30.9020
 31.9580
 33.6520
 35.6360
 35.7640
 37.2460
 38.5060
 38.5820
 39.6540
 39.9100
 46.1500
 46.1680
 46.2060
 46.6280
 46.7920
 47.9960
 48.1220
 51.0660
 51.3800
 52.4660
 60.6000
 62.0560


#Top pat = 31
-70.2840
-68.2520
-59.7900
-59.1520
-52.6240
-51.4120
-47.6900
-47.4240
-46.9080
-46.1880
-42.5260
-39.9040
-39.5980
-39.3540
-39.2280
-36.6940
-35.0440
-32.8500
-30.8580
-26.6680
-26.3060
-25.5560
-25.4360
-25.3700
-24.1280
-20.8560
-18.1660
-16.5460
-16.4740
-16.3140
-16.0840
-16.0600
-15.7680
-15.3380
-15.2840
-15.1800
-15.0380
-14.9940
-13.8020
-13.7260
-13.3860
-12.8040
-12.6280
 -9.7840
 -9.5640
 -9.0740
 -8.9140
 -8.3340
 -8.0820
 -6.1340
 -2.6760
 -0.3960
  0.0380
  2.0200
  4.4120
  6.0500
  7.1660
  9.2160
 12.5780
 13.5600
 14.5940
 15.8380
 15.8820
 17.9660
 18.7460
 19.4220
 19.6980
 20.4080
 23.8480
 24.1960
 24.2140
 24.9840
 26.2260
 26.3660
 27.4420
 27.6800
 27.7460
 28.3040
 28.7820
 30.1680
 33.7920
 35.9820
 37.3780
 38.1020
 40.1040
 40.3980
 44.1360
 44.3520
 44.4060
 49.4140
 51.8480
 53.0040
 53.5800
 55.1360
 55.3660
 56.1540
 56.5760
 57.1060
 60.8560
 68.9620


#Top pat = 32
-76.4360
-58.9880
-56.1780
-55.4940
-53.9300
-52.5640
-50.4760
-49.7980
-49.7980
-47.2100
-46.4580
-43.6900
-40.4760
-40.3280
-40.0040
-39.3980
-37.3960
-36.0520
-35.6440
-32.7540
-31.6940
-25.8680
-25.2980
-24.7580
-24.1760
-22.7620
-22.1820
-22.1740
-21.3360
-19.8620
-18.7780
-18.1340
-16.5100
-15.7280
-15.4700
-13.6300
-12.9920
-10.9240
-10.4560
 -9.4120
 -8.6960
 -7.0320
 -4.0760
 -1.3140
 -1.2520
  1.2540
  2.4220
  3.0600
  4.2660
  4.7580
  5.4580
  6.6060
  6.6180
  9.2360
 10.1740
 10.6520
 11.3940
 11.5960
 11.7640
 12.6380
 14.1820
 14.3480
 14.7020
 14.9620
 15.0420
 15.9280
 18.6120
 18.7880
 19.9400
 20.6700
 20.8820
 21.7700
 23.4700
 23.8480
 24.3460
 24.6660
 25.9160
 26.9240
 29.3060
 29.3080
 29.9360
 31.5600
 31.6400
 32.8520
 34.0460
 34.9860
 35.1300
 36.0660
 37.6180
 37.9820
 41.0920
 41.7680
 42.9140
 46.3060
 51.5360
 55.2920
 57.6820
 70.2020
 74.4000
 78.6600


#Top pat = 33
-66.4020
-53.9060
-49.7660
-47.3460
-45.7400
-45.0620
-43.8580
-43.0000
-40.8240
-39.5760
-38.6960
-38.3720
-38.1680
-35.0220
-34.7160
-34.5400
-32.3880
-31.6000
-31.1280
-31.0360
-30.9860
-30.5800
-29.0200
-27.5140
-27.1980
-26.3220
-26.0440
-25.2480
-25.0580
-24.8880
-24.7380
-24.4860
-22.9020
-21.6200
-21.0420
-20.1100
-19.3020
-17.4780
-17.3040
-17.1320
-13.7820
-12.9200
-12.8020
-12.5140
-12.0160
-11.6700
-11.5960
 -8.3060
 -7.7340
 -7.3040
 -6.8960
 -4.9300
 -4.1900
 -1.1280
  1.0780
  4.3000
  4.9480
  5.5140
  8.0620
  8.1380
  9.0120
  9.1400
 10.3380
 11.1440
 12.4400
 12.8400
 15.4840
 16.9640
 17.0420
 17.7680
 18.3480
 19.8800
 21.1800
 23.0980
 26.5520
 27.5400
 27.6980
 28.6400
 29.7180
 29.9300
 30.5360
 30.8960
 31.4160
 31.9340
 34.6720
 35.6080
 37.8000
 38.3260
 41.5260
 44.1680
 44.5960
 45.1760
 46.7800
 47.6920
 48.5260
 49.4920
 52.3760
 55.3600
 59.3780
 63.1680


#Top pat = 34
-61.6760
-60.7060
-51.3880
-51.0460
-50.6380
-49.2600
-49.0600
-42.2480
-37.2320
-36.9900
-36.0160
-35.5740
-35.1240
-35.0120
-34.3360
-33.4280
-31.0160
-30.5660
-30.2280
-29.8720
-28.8340
-28.0280
-27.8200
-27.6660
-24.0740
-23.7620
-23.4840
-23.3840
-23.0460
-22.7880
-22.4780
-21.8020
-19.7440
-19.1540
-18.6940
-18.3100
-16.8940
-16.0420
-15.6540
-14.9720
-13.2920
-12.1040
 -9.4800
 -5.6800
 -4.7260
 -2.7420
 -0.6460
 -0.4120
  0.1160
  2.9140
  3.3320
  4.2200
  4.3560
  5.1340
  6.0340
  6.9380
  7.7760
  8.0040
  8.2340
 11.7160
 12.0880
 12.4400
 13.2040
 14.3660
 14.7100
 15.2280
 16.2620
 16.3760
 17.7680
 19.1200
 19.3660
 22.2560
 22.4020
 22.4360
 24.6180
 24.7320
 25.0700
 26.4620
 28.2940
 28.8820
 31.9160
 33.2540
 33.5040
 35.1380
 35.8100
 35.9260
 40.6820
 40.6960
 41.5140
 41.9240
 42.1000
 42.3500
 42.7720
 44.3720
 45.0240
 45.1400
 48.2720
 58.2520
 66.0940
 70.5720


#Top pat = 35
-76.3160
-72.6960
-55.6120
-52.8780
-50.3960
-47.8160
-47.6020
-46.4680
-44.2460
-43.7340
-42.2700
-41.4500
-40.2120
-38.1540
-36.5460
-36.2240
-33.8500
-33.3400
-32.8640
-32.5900
-30.9400
-30.6900
-30.1720
-29.1300
-29.0600
-28.9960
-28.0960
-27.7560
-27.2920
-24.9100
-23.9420
-23.6940
-22.2680
-21.4280
-20.5440
-20.5120
-20.4220
-19.8680
-19.3420
-18.9220
-18.1800
-18.0580
-16.3340
-16.2380
-14.5560
-11.2080
-11.0020
 -9.5920
 -8.4720
 -3.3100
 -2.0060
 -1.1520
 -0.6760
 -0.2100
  1.3940
  5.0240
  7.0740
  7.6480
  8.3700
  8.3740
  9.6100
 10.7540
 12.1020
 13.6280
 15.6100
 16.9880
 17.3100
 17.9760
 19.3800
 20.8500
 21.2220
 21.7260
 22.0780
 23.0720
 25.2540
 26.9840
 28.0400
 28.8080
 28.8480
 30.4280
 31.4920
 32.1360
 32.3260
 34.4160
 34.4180
 35.8220
 36.2900
 37.9580
 38.4660
 38.5660
 44.9340
 45.6800
 47.8300
 48.5500
 48.7480
 48.9560
 53.1600
 55.0720
 59.6460
 64.9380


#Top pat = 36
-63.1760
-60.3080
-59.6480
-52.8680
-51.3840
-47.9940
-47.8400
-47.4540
-47.0580
-45.5500
-44.7440
-43.6240
-42.8040
-42.7740
-41.4860
-41.0000
-40.6700
-37.5180
-34.0960
-33.7300
-32.1180
-30.6160
-30.2560
-29.8480
-28.1660
-27.9780
-26.6380
-26.3800
-23.0060
-22.4340
-22.1280
-21.6020
-20.9840
-20.4940
-20.2840
-19.1520
-18.5680
-17.2220
-16.1400
-15.0100
 -9.6180
 -8.1940
 -7.4120
 -3.2040
 -2.4780
  0.3160
  1.3540
  3.9320
  5.5380
  9.0780
 11.0520
 12.3360
 13.8280
 15.1120
 15.5160
 16.4660
 16.5140
 21.8840
 22.3920
 22.9500
 23.6020
 23.7840
 24.0900
 24.3200
 25.9960
 26.8680
 27.1160
 27.1640
 27.4520
 27.7300
 28.0600
 28.7140
 29.2100
 29.3260
 31.0820
 31.4000
 31.4340
 31.8860
 32.6680
 33.0160
 33.8400
 36.9120
 36.9460
 37.0280
 37.1520
 39.0100
 41.1220
 42.0600
 42.7360
 43.5420
 45.4240
 47.0800
 47.1920
 50.9600
 52.5080
 54.4980
 54.5200
 55.4600
 68.0220
 73.9500


#Top pat = 37
-66.9840
-63.7720
-63.7520
-60.3560
-56.7040
-56.3600
-54.4840
-54.4160
-54.0600
-51.3180
-51.1480
-45.8820
-40.5820
-40.0920
-40.0880
-38.3620
-37.4040
-37.1940
-35.4900
-35.2960
-33.9080
-32.0120
-31.4580
-31.0900
-31.0480
-29.8780
-29.7900
-29.6080
-29.5860
-29.0280
-27.8540
-26.6600
-22.3580
-21.8300
-21.1980
-20.5860
-19.9760
-19.1160
-18.6880
-17.7840
-17.7540
-17.5540
-17.3580
-16.5820
-11.6200
-10.2620
 -9.5960
 -8.6480
 -7.1040
 -7.0900
 -3.4760
 -2.7000
 -1.6080
 -0.6900
  1.9420
  2.9840
  3.5820
  4.3320
  8.3200
  8.7160
 11.0360
 13.4940
 14.0520
 16.0940
 17.7180
 17.9640
 18.3900
 19.3480
 19.6940
 22.3880
 23.7880
 24.4740
 25.4220
 26.5080
 27.1220
 29.1660
 31.0260
 31.5400
 35.5440
 35.8780
 36.8720
 36.8960
 37.4020
 38.6760
 40.9440
 41.3300
 42.6160
 43.6160
 44.3300
 45.7620
 45.9320
 48.3800
 56.3760
 57.2480
 59.9160
 64.2280
 67.7580
 68.4200
 71.5320
 73.0440


#Top pat = 38
-74.5840
-68.3900
-67.8100
-65.2120
-64.5200
-56.8120
-52.5820
-49.5800
-47.2520
-44.7860
-44.3340
-40.5740
-40.1920
-39.2440
-38.9000
-38.2000
-37.8520
-37.7200
-37.3880
-37.3760
-36.0900
-35.8900
-35.8440
-35.2620
-34.5600
-33.8860
-33.2060
-32.8380
-31.4340
-30.0540
-29.6660
-26.5140
-26.0780
-24.8440
-23.7900
-22.8440
-22.7700
-21.1000
-20.8480
-20.8040
-18.9660
-18.8120
-17.6020
-17.2740
-12.8620
-11.7900
-10.0420
 -9.6380
 -8.7660
 -7.3620
 -6.4380
 -5.9500
  2.3180
  3.2520
  5.6740
  6.1300
  7.5760
  7.6300
  9.2320
 11.8540
 13.1240
 13.3160
 15.4400
 15.6200
 16.9880
 18.1060
 19.6780
 19.8700
 21.6420
 21.8020
 22.1360
 23.3380
 24.0440
 29.4520
 30.9580
 31.5840
 35.4600
 35.9620
 36.5780
 37.9200
 38.3200
 39.0420
 40.4920
 40.7020
 40.8700
 43.7660
 44.6960
 45.0380
 45.1540
 46.8700
 47.9580
 50.5080
 51.3460
 53.1320
 57.8660
 58.7740
 61.2600
 64.9600
 65.6300
 78.1800


#Top pat = 39
-79.9060
-61.6400
-58.0840
-56.9740
-56.8220
-48.2700
-45.8040
-43.6640
-43.2960
-42.1680
-37.9380
-37.7220
-35.9840
-34.8820
-34.0880
-29.3420
-29.0700
-28.9920
-28.6180
-28.2060
-28.0940
-27.4780
-27.3200
-26.3680
-25.8840
-25.1720
-24.9800
-22.6400
-20.9800
-20.6680
-19.8000
-19.6540
-18.6860
-17.9600
-17.2420
-17.0960
-15.5120
-15.1260
-13.9640
-13.2420
-12.6880
-12.1320
-11.9780
 -9.7400
 -7.7100
 -2.5340
 -2.4960
 -0.9000
  2.0040
  2.6260
  2.8460
  4.5880
  7.7040
  8.4440
  8.9660
  9.4320
 10.0800
 10.6060
 11.1480
 12.3100
 14.1480
 14.3540
 14.8680
 14.9060
 16.7160
 17.8680
 17.9820
 18.3220
 18.9820
 21.9000
 22.5840
 23.1540
 23.6040
 26.0780
 26.7400
 27.8740
 27.9080
 29.2540
 29.8740
 31.0880
 31.5480
 33.9920
 34.1900
 36.7720
 37.3220
 39.2100
 39.4340
 41.4380
 42.4780
 43.6800
 44.4020
 45.1980
 47.6740
 48.9200
 51.0120
 51.7520
 52.5840
 59.3140
 60.9260
 75.7620


#Top pat = 40
-78.9000
-68.1640
-67.9460
-67.8520
-62.6320
-62.5060
-61.5740
-54.6980
-52.8760
-50.9620
-49.8860
-48.5900
-48.3300
-47.5020
-46.7200
-43.9240
-42.6720
-40.2140
-37.4380
-36.4680
-36.4360
-35.1400
-33.8100
-33.4180
-32.2440
-30.7060
-29.9060
-29.3080
-28.3500
-27.7060
-27.6860
-24.8980
-23.8260
-23.3740
-22.0000
-21.5340
-20.5160
-20.2420
-18.0600
-17.5080
-17.1380
-14.3860
-13.9380
-12.6940
-12.3380
-12.3340
-10.3260
 -7.9220
 -5.9420
 -5.7760
 -2.7400
 -2.5740
 -2.5500
  2.5480
  3.7900
  4.0620
  7.1040
  7.6780
  8.3080
  9.6120
  9.9520
 10.9840
 12.6360
 13.5340
 13.6160
 14.2220
 15.1300
 15.4600
 17.0560
 18.1420
 18.7720
 20.9640
 22.0860
 22.3740
 22.4300
 23.1720
 24.0340
 25.7540
 27.2380
 30.4200
 31.0760
 31.9980
 32.1900
 32.8140
 32.9020
 35.0200
 35.3020
 35.3060
 37.5660
 40.0020
 43.9940
 44.2320
 47.6700
 49.5360
 49.6500
 51.4820
 53.1740
 55.0440
 58.2400
 64.2640


#Top pat = 41
-75.5420
-74.3780
-63.4200
-63.0400
-63.0180
-58.1180
-55.7900
-48.1780
-47.4660
-45.2100
-40.2920
-38.9560
-37.1920
-36.4020
-35.5940
-34.0480
-33.6500
-32.2800
-31.0040
-29.1080
-25.0700
-24.9260
-24.2100
-23.6680
-23.3280
-21.7120
-21.1480
-21.0840
-20.2120
-19.1720
-19.1640
-18.5220
-18.3220
-16.6340
-16.3740
-16.3500
-16.2140
-16.1940
-12.2980
-11.5480
 -9.9840
 -9.7060
 -9.5700
 -9.2920
 -6.9060
 -4.8040
 -4.6880
 -4.6100
 -0.7780
  0.6620
  1.2000
  4.9140
  5.9380
  8.2480
  9.6220
 12.3280
 13.0720
 13.3240
 13.7200
 14.4920
 15.3760
 16.9160
 16.9440
 17.0220
 17.6280
 19.4980
 20.6560
 21.2720
 21.4980
 23.7120
 25.2600
 26.4920
 29.9720
 30.6640
 30.9440
 31.2280
 33.7540
 35.0040
 36.2840
 36.8160
 37.6940
 40.3300
 41.1080
 41.9120
 42.3400
 43.5500
 44.2660
 44.4560
 45.1360
 45.2280
 52.4000
 54.7400
 55.1540
 58.1680
 60.0460
 61.8560
 63.1520
 63.3280
 77.3820
 81.4580


#Top pat = 42
-73.2900
-62.4540
-57.8400
-53.6440
-47.3520
-47.1140
-43.4240
-39.4820
-37.8160
-36.8980
-36.7800
-36.2880
-34.8180
-34.5200
-34.3660
-33.9820
-33.3280
-32.3900
-31.2960
-30.7340
-27.4240
-26.9540
-26.0320
-25.9620
-25.1180
-23.8760
-22.5340
-22.5120
-22.4720
-20.1020
-19.4960
-18.1040
-13.9120
-13.5940
-13.4660
-12.7440
-12.6860
-11.6460
-11.3660
-10.8360
-10.3420
 -8.9860
 -8.6420
 -6.5080
 -4.0580
 -1.4160
 -1.3240
 -0.1760
  1.1700
  3.8320
  6.7360
  7.2460
 10.1360
 10.6460
 12.3880
 15.7940
 18.4500
 20.0840
 20.2800
 20.9020
 21.1460
 22.5300
 22.5520
 24.7140
 25.8240
 25.9720
 28.1140
 28.4020
 29.2440
 30.6300
 31.9300
 32.0800
 32.2840
 32.4420
 34.6900
 36.2060
 36.4280
 36.5740
 36.6600
 37.6260
 40.7520
 41.0240
 41.9280
 43.6440
 44.6540
 44.8920
 45.3060
 45.4160
 45.4220
 46.0220
 46.1100
 49.1000
 51.8320
 52.1500
 52.3220
 52.3240
 61.9980
 65.9260
 66.5000
 68.4260


#Top pat = 43
-66.5620
-63.3780
-62.5100
-59.7600
-56.7520
-56.6000
-54.7960
-46.0100
-43.9780
-43.2500
-42.6440
-42.0000
-41.2000
-40.2720
-40.2080
-39.4820
-38.0340
-37.9040
-36.9420
-35.6820
-33.2720
-31.9480
-31.9240
-31.8440
-31.0280
-29.8140
-28.1580
-28.0020
-27.4580
-24.6920
-24.3540
-23.8380
-22.5740
-20.7980
-18.3180
-17.6540
-17.5840
-14.8040
-14.5080
-13.7540
-13.6480
-12.6200
-11.6220
 -8.7260
 -7.5220
 -7.1820
 -4.2140
 -3.8700
 -3.7100
  2.2520
  2.9780
  4.5120
  5.8540
  9.3260
 11.0820
 11.2200
 11.6300
 11.7640
 14.2820
 14.5680
 15.1280
 15.4360
 16.1420
 17.2180
 18.4660
 20.1240
 21.4220
 21.5080
 21.7480
 22.9300
 23.4000
 24.1060
 24.3460
 25.5640
 25.8960
 26.5720
 31.4040
 33.6360
 33.9060
 34.1460
 34.6420
 35.5340
 36.3860
 37.6260
 37.8080
 38.4400
 38.5560
 41.0500
 41.2440
 43.6920
 47.7800
 48.3440
 48.5300
 55.9000
 56.9720
 59.0420
 59.6840
 64.9900
 69.7760
 75.0660


#Top pat = 44
-77.6040
-73.9840
-59.4020
-58.5020
-55.1440
-51.9820
-48.6100
-46.6920
-43.9200
-41.5740
-39.0800
-38.6660
-37.9040
-35.2020
-34.9740
-32.9520
-31.9520
-29.9280
-29.7880
-29.4240
-28.2140
-28.0440
-27.8480
-26.9520
-25.0680
-23.7820
-21.5600
-21.4480
-21.0740
-20.1920
-19.3100
-18.6800
-16.1980
-15.9220
-15.5020
-15.1140
-14.2700
-14.2580
-13.8760
-13.7040
-13.5640
-13.4300
 -9.3900
 -9.0580
 -5.8680
 -3.0560
 -0.8100
  0.1200
  5.2200
  7.3040
  8.1680
  9.8400
 11.3920
 11.8260
 11.9400
 12.7800
 12.9400
 13.5060
 14.5560
 15.7740
 18.0320
 19.6940
 19.7600
 21.5220
 22.7140
 23.7580
 24.8160
 25.5500
 26.1000
 26.1980
 26.3940
 28.1820
 28.3460
 28.4340
 30.2140
 31.8860
 32.8540
 34.8560
 35.1200
 36.1280
 37.5560
 37.8860
 38.3840
 38.4860
 39.6080
 41.7180
 42.0240
 42.4860
 42.8660
 44.4240
 46.2740
 46.4280
 47.5240
 53.1200
 58.1160
 62.3460
 64.8280
 70.2720
 71.2120
 73.1340


#Top pat = 45
-50.6620
-48.1180
-46.4100
-46.2380
-46.2060
-46.1840
-45.7140
-45.4440
-45.1540
-44.4780
-44.1240
-43.3760
-42.7240
-42.2260
-41.5640
-40.2300
-39.7880
-36.2880
-36.0960
-34.8740
-34.2940
-31.1580
-30.1920
-29.3780
-28.9040
-28.4160
-27.7360
-27.5480
-27.4120
-26.9720
-26.4460
-26.1540
-25.7260
-24.7740
-24.6760
-23.6460
-21.1680
-20.6540
-20.2040
-19.2380
-18.2480
-18.2200
-17.3280
-16.2360
-14.0840
-13.6380
-13.5520
-10.2140
 -9.3160
 -9.3140
 -9.1440
 -5.2940
 -5.2580
  4.5640
  7.0940
  7.8460
  9.8240
 10.2680
 10.8780
 10.8800
 11.3780
 11.5520
 11.9900
 13.5020
 13.8100
 14.1780
 15.0580
 15.6020
 15.7080
 15.9580
 17.6880
 18.1540
 18.5300
 19.4760
 19.7220
 21.7420
 26.1040
 29.2040
 30.1340
 31.7020
 33.3820
 34.5380
 34.7440
 35.2060
 35.8580
 37.3000
 38.8920
 39.4160
 39.7080
 40.1260
 41.3820
 42.5180
 49.7240
 51.9280
 54.6580
 55.9660
 56.8340
 59.9100
 62.9400
 63.9040


#Top pat = 46
-81.8680
-74.2020
-67.5740
-63.3480
-60.7840
-58.6220
-58.6000
-54.9520
-52.5540
-50.7040
-49.4080
-40.7160
-40.1220
-39.4840
-37.5640
-33.2380
-32.8800
-32.3980
-32.2920
-31.7320
-31.5600
-31.4600
-30.2460
-30.0580
-29.3900
-29.2440
-28.7060
-28.5100
-27.6180
-26.0040
-25.9160
-25.2760
-23.7940
-22.3340
-22.2780
-22.1540
-18.1600
-16.3800
-14.7700
-13.0540
-12.0600
-10.9880
 -8.8980
 -7.7540
 -6.6320
 -5.5220
 -4.9100
 -3.4960
 -1.5040
  2.2620
  2.8200
  3.2480
  4.2260
  5.7060
  8.2680
  8.6120
  8.7400
  9.7520
 12.0580
 12.8080
 14.1600
 14.3300
 14.6000
 16.1600
 16.4040
 18.0500
 19.9660
 20.2360
 20.6980
 20.9240
 21.9340
 26.2380
 26.7500
 27.6320
 30.4800
 31.3980
 32.2040
 33.6960
 34.5300
 36.7740
 39.9620
 40.1420
 40.2180
 41.2220
 43.4600
 44.1100
 44.9200
 45.9040
 48.6720
 50.1200
 51.2440
 52.1400
 55.1380
 56.1340
 57.2900
 57.8220
 58.8800
 73.7380
 75.2120
 76.6780


#Top pat = 47
-82.4880
-74.9820
-55.9740
-55.6260
-53.3760
-51.9860
-51.2840
-48.4220
-48.0620
-44.9600
-44.4980
-41.5400
-39.8280
-39.5200
-38.5260
-37.7580
-36.6540
-34.7240
-34.1660
-34.1340
-33.7300
-32.6780
-32.2780
-31.8860
-29.8960
-28.9880
-28.3000
-27.8660
-26.6080
-26.5860
-26.5540
-24.1420
-24.0800
-23.9500
-23.7960
-23.6160
-23.4020
-23.1700
-23.1260
-22.2360
-21.1440
-20.6060
-17.7680
-17.2540
-15.6660
-14.9620
-14.9240
-12.9180
 -9.6180
 -7.1480
 -7.0720
 -4.8540
 -4.7200
 -4.1520
 -4.0140
 -0.9840
  0.1720
  0.9540
  1.5120
  7.1760
  7.3480
  9.3680
 10.0040
 10.1760
 10.7820
 10.8280
 13.2420
 15.2240
 15.2300
 15.8280
 15.8800
 18.8500
 22.0220
 23.1840
 23.9440
 26.3200
 27.2960
 27.3780
 28.2160
 28.5260
 28.8580
 28.9320
 31.3120
 32.0020
 32.0480
 32.6740
 34.6720
 35.0920
 37.0280
 40.5160
 40.9140
 41.2560
 44.7940
 45.3920
 49.0580
 49.3700
 53.5940
 56.2180
 63.7980
 70.1360


#Top pat = 48
-74.0880
-69.0700
-66.5120
-66.1820
-64.4100
-62.9620
-50.2500
-50.2440
-46.7580
-43.3400
-42.6380
-40.9620
-38.5720
-38.3120
-37.2480
-36.2940
-35.4500
-34.9540
-34.7520
-34.7220
-33.6860
-33.6700
-32.6200
-31.5940
-29.5480
-29.1960
-28.9760
-27.6000
-25.9940
-25.8860
-25.2760
-24.7920
-21.6120
-18.4420
-18.3820
-15.3860
-12.7380
-12.3020
-11.3640
-10.2820
 -9.4840
 -9.1420
 -7.9880
 -7.0920
 -5.7180
 -1.5640
 -0.7920
  2.3760
  5.5240
  5.5980
  7.6720
 11.0060
 11.0600
 11.4220
 11.7220
 12.8960
 13.3720
 15.9680
 16.2220
 17.0840
 17.6940
 17.9760
 19.4420
 20.8400
 21.7560
 22.2300
 23.0520
 23.5800
 24.2220
 24.5000
 25.2740
 26.9480
 26.9660
 27.3480
 28.7220
 29.2260
 29.8060
 30.1480
 31.4280
 31.5180
 31.8520
 32.8560
 32.9120
 33.9520
 34.1200
 37.6580
 37.9280
 39.6520
 40.3620
 41.6320
 41.6440
 44.1980
 44.9980
 48.2820
 49.1020
 49.1720
 49.1940
 64.4380
 68.2160
 70.1200


#Top pat = 49
-60.1100
-55.4140
-50.6760
-49.7060
-49.2640
-48.2060
-47.6920
-43.6980
-43.0440
-42.7920
-41.5660
-41.3200
-41.3060
-40.8760
-40.8300
-39.5780
-39.0400
-38.2080
-37.9640
-37.7120
-37.0660
-36.5680
-36.1640
-34.7440
-33.9020
-33.0460
-31.9840
-30.4340
-29.5620
-29.3180
-28.9800
-27.2800
-27.2040
-26.9400
-26.3580
-25.4800
-24.8960
-24.8140
-24.0180
-23.6240
-22.7400
-22.2420
-18.9100
-18.5740
-18.1020
-17.4200
-15.6760
-14.9140
-14.0460
-12.5800
-11.6160
 -9.0640
 -8.0180
 -7.0640
 -2.2360
  0.1440
  0.4500
  2.6640
  6.8720
  9.0300
 10.8480
 13.5540
 14.3300
 16.5680
 16.9040
 18.5740
 19.8680
 21.2400
 23.0080
 25.8720
 28.9440
 29.4240
 30.5140
 32.4360
 33.7440
 35.1960
 36.3500
 37.9000
 38.7400
 38.9160
 38.9620
 39.6500
 39.8120
 40.5800
 42.3720
 42.5000
 42.9960
 46.4580
 46.5420
 47.1640
 52.4760
 52.6380
 52.9840
 53.0080
 53.8140
 57.3560
 60.5840
 70.1940
 70.5900
 71.7780


#Top pat = 50
-77.3900
-69.3520
-64.3500
-61.3060
-57.9180
-57.2600
-56.9080
-51.3400
-50.0760
-49.3100
-47.1340
-44.0940
-42.9820
-40.1700
-40.0580
-39.9920
-39.8960
-37.0440
-36.8920
-36.5540
-36.0120
-36.0000
-35.0520
-31.6880
-31.0460
-29.9540
-28.8900
-27.6500
-27.3160
-27.3060
-26.5780
-26.1700
-24.7620
-24.0480
-22.7260
-21.3960
-20.9680
-19.8560
-19.7460
-19.5380
-19.3540
-16.2040
-16.1020
-14.0700
-13.2620
-13.0260
-12.7640
-12.2280
-10.9540
-10.7040
 -5.7460
 -5.3520
 -5.2440
 -3.3760
 -0.4260
  1.6300
  2.2840
  2.9980
  5.2960
  7.2540
  8.0560
  9.6260
 10.0280
 10.7460
 11.8260
 12.3880
 13.8680
 15.6760
 16.8000
 16.9760
 17.1960
 19.4520
 21.3060
 22.4620
 22.7320
 22.9380
 23.4200
 23.8500
 24.9720
 28.1620
 28.4720
 29.8820
 31.4120
 33.1320
 33.1660
 36.3520
 36.8860
 37.5320
 37.7840
 37.8360
 41.3380
 41.3560
 42.4340
 43.2860
 46.2860
 47.9560
 53.4140
 62.8520
 63.5980
 77.3440


