#..\..\Net100seed42.net EP02delta0.1Input0.5.train 42
#Top pat = 1


#Top pat = 2


#Top pat = 3
-64.1940
-53.7520
-52.9320
-51.6840
-50.7540
-50.5160
-49.9820
-49.8820
-49.7480
-25.0860
-23.3680
-20.8940
-20.6600
-18.3080
-18.2960
-18.0500
-17.9360
-17.8500
-17.7640
-17.6780
-17.6620
-17.5680
-17.4680
-17.3800
-17.2620
-17.0600
-16.9800
-16.8140
-16.6820
-16.5840
-16.5800
-16.5400
-16.3680
-16.2620
-16.2380
-16.2340
-15.9480
-15.7320
-15.1120
-14.7480
-13.9880
-13.9340
-13.5760
-13.4900
-13.3920
-13.3220
-13.0740
-13.0580
 -9.5900
 -9.5300
 12.8160
 13.4840
 13.5040
 13.6140
 13.9840
 14.1480
 14.1960
 14.2440
 14.2580
 14.2900
 14.5960
 15.9120
 16.0700
 16.1920
 16.4040
 16.6880
 16.7440
 16.8660
 16.9120
 16.9720
 17.0500
 17.3400
 17.3440
 17.4260
 17.5480
 17.5840
 17.6780
 17.8500
 18.0460
 18.0560
 18.3360
 18.3520
 21.5700
 22.4640
 22.4880
 23.1620
 48.7060
 49.3760
 49.5980
 49.7840
 50.1320
 50.5820
 50.6960
 51.4200
 51.5460
 53.8200
 57.2320
 57.3080
 59.1420
 59.5660


#Top pat = 4
-54.5400
-53.4440
-53.3740
-52.8900
-51.7860
-49.8400
-49.3140
-39.2200
-39.1180
-36.9720
-36.8880
-35.9380
-35.7980
-33.3320
-33.1660
-32.7920
-32.6140
-32.5060
-32.4900
-32.1560
-31.5740
-31.3100
-28.7040
-28.6960
-28.2840
-23.0440
-21.4700
-19.2560
-19.0160
-18.8600
-17.4980
-17.0900
-17.0880
-16.4340
-16.3240
-15.8820
-15.6420
-15.6320
-15.1300
-15.0700
-13.9020
-13.8960
-13.6260
-12.7060
-11.7720
-10.2920
 -8.2300
 -2.6320
 -2.4280
 -1.8420
 -1.8280
 -1.5360
 -1.3040
 -0.8600
 -0.4580
  0.8960
  0.9220
  1.0740
  1.4280
  7.3740
 11.4040
 12.3180
 12.7980
 13.9840
 13.9920
 14.3400
 14.5460
 14.8300
 16.2520
 16.8200
 21.9640
 25.4580
 25.9780
 26.4060
 29.7980
 31.3800
 31.9760
 32.3880
 32.6120
 33.3400
 33.4140
 33.4660
 35.5380
 36.0140
 36.3500
 36.4340
 36.9000
 37.3240
 38.4540
 42.5980
 44.8120
 51.9040
 51.9880
 52.0940
 52.1700
 52.5940
 52.7280
 52.7700
 56.5320
 56.5880


#Top pat = 5
-61.5060
-57.2700
-55.3860
-48.6420
-48.4660
-47.8520
-47.8420
-47.7420
-47.6200
-44.3880
-33.0840
-31.0540
-28.6260
-27.0460
-26.7600
-24.8100
-24.6100
-23.9360
-23.8060
-23.7940
-23.6080
-21.5780
-21.5560
-20.2980
-19.9660
-19.9280
-19.1980
-19.1460
-17.6540
-17.4660
-17.2980
-17.1700
-17.1580
-16.9440
-16.7740
-16.6300
-16.2340
-15.2720
-15.1760
-15.0020
-14.8100
-13.9000
-12.8260
 -9.8840
 -9.3960
 -9.3260
 -8.6740
 -8.3040
 -7.4340
 -6.8620
 -4.2940
 -4.2560
 -2.5980
  4.5320
  6.8320
  8.7800
  9.4960
  9.9060
 10.4660
 10.6180
 10.8460
 10.8980
 10.9660
 11.1300
 12.0460
 12.4340
 12.6920
 13.5740
 15.2140
 15.2540
 16.0760
 16.6540
 16.7180
 17.0600
 18.2620
 20.1500
 20.9480
 21.2860
 24.2200
 24.3540
 24.8600
 24.9720
 25.8700
 26.1040
 26.9880
 27.0000
 27.2680
 28.0420
 28.5520
 30.4700
 42.8760
 45.1100
 45.3120
 47.5500
 48.4880
 52.0740
 52.1860
 55.6480
 56.9620
 62.1800


#Top pat = 6
-58.0420
-54.4300
-54.2300
-54.0180
-53.5880
-50.1340
-48.9820
-48.4020
-48.3260
-45.2100
-44.8900
-44.3800
-43.5020
-39.6160
-34.1000
-32.3740
-27.0060
-26.8340
-26.3440
-23.9700
-23.8860
-23.2240
-23.1780
-22.4000
-22.2200
-19.6100
-19.5780
-18.7320
-18.4940
-18.2180
-18.1100
-17.3000
-17.3000
-16.7120
-16.4960
-15.9960
-15.6860
-14.6900
-12.9880
-11.3180
-10.4180
 -9.8220
 -9.5900
 -9.4420
 -4.5740
 -1.0480
  0.2760
  2.0640
  3.1660
  8.0200
  9.1140
  9.1920
  9.8020
 11.3180
 12.7160
 12.8320
 14.2160
 14.5040
 15.4300
 16.9540
 17.4600
 17.4760
 17.5720
 17.6340
 18.4960
 18.7480
 19.2720
 21.0560
 22.8120
 22.9780
 24.1500
 24.1700
 24.4100
 24.5780
 24.7140
 26.6160
 26.7100
 27.5720
 28.2120
 28.7680
 29.7540
 29.8300
 44.9600
 44.9940
 45.1340
 45.7580
 46.0620
 46.1900
 48.2320
 48.6660
 49.7440
 49.9620
 50.2800
 51.5260
 54.1340
 54.4200
 56.4840
 57.9500
 58.0280
 58.0700


#Top pat = 7
-67.4720
-60.7140
-59.9660
-59.1800
-55.2600
-54.2860
-53.0820
-52.7180
-52.3620
-52.2800
-52.1320
-51.7880
-51.3100
-51.0540
-50.5560
-49.1840
-46.8680
-45.1460
-45.0160
-43.1820
-29.1840
-26.1540
-22.5280
-22.3780
-22.2940
-21.3340
-21.2840
-20.8640
-20.2120
-19.8080
-19.2460
-18.1980
-17.3780
-17.2460
-16.8420
-16.7760
-15.8280
-15.7820
-15.5260
-15.2140
-15.1380
-14.8420
-14.8220
-14.7200
-14.4740
-13.0080
-12.9420
-12.7040
-12.1300
-11.5420
-10.6900
-10.3120
 -2.1760
  5.5980
  6.1000
  6.3860
  7.7680
  7.8260
  8.9540
  9.1920
 10.2580
 10.9400
 12.6980
 12.8720
 13.2240
 13.6340
 13.8740
 14.0280
 15.1780
 15.6180
 16.0000
 16.0220
 16.0260
 16.6380
 17.3040
 19.0820
 19.5220
 20.6180
 20.8260
 21.0840
 21.6640
 21.7300
 21.7520
 22.1460
 22.6400
 22.7560
 23.3440
 24.4760
 24.5180
 26.8320
 27.3480
 44.5960
 45.0600
 47.0020
 49.4780
 49.9280
 51.1640
 51.8040
 52.2980
 55.5340


#Top pat = 8
-69.0460
-60.6180
-59.5380
-49.2140
-47.0420
-46.8980
-46.3700
-39.0860
-37.3280
-36.8540
-34.7160
-32.6000
-29.3040
-26.9360
-26.1980
-25.5020
-23.7300
-22.1840
-21.4020
-20.3960
-19.8820
-19.6420
-19.5240
-18.7020
-18.6940
-18.5480
-18.1080
-17.7160
-17.5040
-14.2200
-14.2180
-13.0040
-10.7600
-10.6300
-10.3100
-10.1080
-10.1000
 -9.8880
 -9.7220
 -9.4700
 -8.4900
 -8.0800
 -6.4920
 -4.5320
 -3.5580
 -3.2720
 -2.7880
  2.1980
  3.3880
  5.6440
  6.6820
  6.7340
  7.7960
  8.1740
  8.2380
  8.4760
  9.5660
 10.8920
 10.9280
 12.8380
 13.0300
 13.0860
 13.1260
 14.5580
 15.1460
 15.1580
 15.2600
 15.9880
 16.6060
 17.6440
 17.7120
 17.7840
 20.3620
 21.9040
 22.0060
 22.4660
 25.6700
 26.1060
 26.4000
 28.6320
 30.1540
 32.8780
 33.3160
 33.5540
 33.8400
 34.5340
 35.5480
 35.8820
 38.0920
 38.9820
 39.1500
 40.0320
 40.4900
 40.9140
 43.6020
 52.0840
 58.3120
 61.8900
 70.6600
 79.4800


#Top pat = 9
-65.6640
-65.4980
-57.1640
-51.6280
-51.2080
-50.3060
-49.4040
-43.2260
-39.6300
-37.8360
-36.1300
-35.2400
-32.4840
-31.7280
-31.7000
-30.2240
-30.1340
-29.7140
-25.0900
-23.4040
-23.1680
-22.6280
-20.6020
-18.5740
-16.0760
-15.9980
-15.2840
-14.3040
-13.8980
-12.9120
-12.5300
-11.9240
-11.6140
-11.1620
-10.9720
 -9.8700
 -9.0320
 -8.8880
 -6.6240
 -6.5800
 -5.8580
 -4.4460
 -4.1080
  1.9620
  2.5560
  3.5680
  4.7040
  6.6900
  8.3480
  8.5420
  9.3500
 10.0920
 10.3860
 10.3940
 10.6520
 10.8780
 11.3820
 12.0120
 12.7940
 13.8060
 14.8100
 19.6020
 19.6940
 21.0020
 21.0200
 21.4620
 21.5580
 21.8800
 22.8260
 24.8240
 25.5940
 25.7920
 26.5980
 27.9400
 29.0960
 30.5320
 30.8820
 30.9940
 33.0400
 33.1180
 33.5200
 34.6680
 37.1540
 38.2680
 39.6960
 39.9700
 40.3060
 40.8900
 45.1960
 47.4160
 47.6220
 47.6860
 49.8800
 50.3720
 57.4800
 57.9600
 58.0720
 59.1040
 66.1100
 66.6520


#Top pat = 10
-75.1840
-61.6440
-58.9120
-57.3340
-56.3720
-42.8540
-42.2960
-38.3140
-37.8960
-37.5520
-37.4000
-36.5600
-36.3680
-35.4180
-34.5360
-30.9880
-30.7960
-29.1160
-26.6380
-25.7180
-24.9700
-24.4980
-22.4340
-22.1420
-19.6400
-18.8800
-15.6940
-15.6560
-15.1900
-14.9320
-14.0400
-13.5060
-12.7420
-11.8400
-11.8080
-10.9860
-10.9620
-10.1760
 -8.4640
 -6.4260
 -5.6160
 -5.2960
 -4.2060
 -4.1100
 -3.3700
 -3.2640
 -0.4700
  1.1040
  2.5960
  4.9740
  5.1480
  5.2440
  7.0500
  7.3140
  7.3580
  8.6960
 10.8320
 13.3420
 13.4500
 14.5800
 15.7760
 17.3240
 17.5920
 17.6840
 18.3720
 18.6160
 18.9240
 18.9400
 19.1960
 22.1880
 25.6040
 29.8300
 29.8460
 30.1060
 30.6200
 30.8360
 31.9220
 31.9580
 32.0980
 33.2840
 34.3500
 35.0340
 35.2280
 37.5280
 39.2620
 39.6200
 40.5440
 40.8780
 41.0800
 41.8580
 43.5400
 44.1400
 46.3420
 46.6320
 47.3500
 52.2800
 59.3520
 59.6760
 62.3780
 66.7960


#Top pat = 11
-62.4020
-52.5600
-47.5580
-47.4180
-44.6220
-44.0480
-44.0340
-43.8060
-42.7000
-41.7200
-41.6160
-41.2820
-40.1540
-40.1420
-39.4200
-38.8640
-38.4520
-38.4460
-38.3500
-37.6360
-37.5300
-36.8220
-35.6860
-35.5540
-34.8680
-34.1140
-32.6860
-32.5520
-32.2620
-32.1820
-31.7580
-31.0820
-29.2960
-28.2100
-27.8500
-27.4020
-27.1780
-27.1280
-25.4900
-25.4460
-23.4680
-22.8120
-22.6620
-22.0320
-21.9580
-20.3040
-18.3740
-16.9660
-13.1040
-10.7040
-10.4940
 -7.9560
  0.2620
  3.5060
  7.8280
 12.4140
 14.7560
 14.7620
 15.6120
 18.1600
 20.3640
 21.3800
 21.4800
 21.9120
 22.8120
 23.3380
 23.7940
 23.9020
 24.0620
 24.6160
 24.9640
 26.5460
 27.6880
 28.9620
 29.0240
 29.1420
 30.0720
 30.4440
 32.8020
 33.3140
 33.5700
 33.6240
 34.3880
 36.9560
 37.0920
 37.7000
 38.1860
 38.2880
 39.5900
 40.0060
 40.0220
 41.9720
 42.1220
 43.0720
 43.9680
 44.3100
 44.6760
 44.8440
 48.9140
 52.2260


#Top pat = 12
-61.9940
-59.0120
-53.2300
-51.5900
-48.4880
-46.4500
-45.5720
-43.6920
-42.5140
-42.0540
-41.3100
-41.2040
-40.9680
-40.2840
-40.2600
-39.7560
-39.3740
-38.7640
-34.7980
-33.3580
-32.0580
-31.1320
-28.1600
-28.0020
-26.5760
-25.6360
-23.8160
-23.5020
-22.9180
-21.9580
-21.8240
-20.7680
-20.6020
-20.4800
-19.4620
-17.6480
-16.9700
-16.3020
-15.6180
-10.4420
-10.3600
 -9.3360
 -4.8180
 -3.7820
 -3.6560
 -1.9440
 -1.5640
 -1.3620
 -1.0360
 -0.6580
  2.1880
  2.8340
  2.8540
  7.1920
  8.5460
 13.8500
 16.1080
 17.0800
 17.5400
 18.2620
 18.7700
 20.2880
 21.2440
 21.9980
 23.1640
 23.3320
 23.6780
 23.9600
 25.1380
 25.4920
 25.9360
 26.9360
 28.3960
 29.1760
 29.5660
 29.9780
 30.1140
 31.6640
 32.8480
 33.3720
 33.4020
 35.8040
 37.0740
 37.6460
 38.3540
 41.4200
 43.8100
 44.1640
 46.0060
 47.1660
 48.2440
 50.3220
 50.3360
 53.4320
 54.3500
 54.8980
 57.0040
 57.1720
 58.8380
 59.3220


#Top pat = 13
-65.7120
-59.6280
-57.7020
-57.5780
-54.0900
-51.9120
-51.8500
-50.4700
-50.1500
-48.5880
-48.0640
-47.9160
-46.9440
-46.8420
-46.6740
-46.3860
-45.9860
-41.9660
-38.6420
-35.8320
-35.4840
-34.8860
-32.8220
-30.2380
-29.9980
-29.6080
-29.4080
-28.7740
-28.7500
-27.3980
-26.9400
-26.9020
-26.5440
-24.3900
-22.5280
-20.1440
-19.5180
-19.0700
-19.0300
-18.8840
-18.3840
-16.9320
-16.2300
-15.6420
-14.8600
-14.8020
-13.9220
-13.8180
-12.9680
-12.4940
-10.3340
 -9.8920
 -8.6660
 -8.1940
 -6.8320
 -6.6140
 -6.5640
 -5.4180
 -5.4100
 -4.7460
  0.7660
  1.4080
  1.5880
  4.8080
  6.4380
  6.6860
  7.5040
 10.2480
 10.4820
 10.6820
 11.1900
 11.3380
 11.9860
 13.0980
 14.8040
 15.4200
 16.6740
 19.7540
 20.1700
 22.6620
 23.5760
 23.8080
 25.1740
 26.5160
 26.8720
 28.5520
 29.5340
 32.2440
 32.4620
 33.5300
 35.5120
 38.5600
 39.6060
 39.7680
 43.6780
 44.9620
 45.6460
 52.7180
 55.9040
 67.8440


#Top pat = 14
-56.5820
-49.6100
-48.0440
-46.1080
-44.9120
-42.0740
-41.9840
-39.8260
-39.4340
-36.4300
-35.6820
-35.4380
-35.0020
-34.6640
-32.3420
-28.2780
-27.5040
-25.1440
-23.9760
-22.5720
-21.9220
-21.3000
-20.9780
-18.6220
-17.2460
-15.9040
-14.9040
-14.8040
-14.4420
-14.3860
-13.6240
-12.3640
-11.9320
-11.3800
 -9.5540
 -7.9140
 -7.0120
 -5.8560
 -4.9200
 -3.2120
 -3.1840
 -2.1680
 -1.4020
 -0.8680
  1.9100
  5.8480
  7.0200
  8.9960
  9.1020
 11.5840
 12.1060
 12.1680
 12.9520
 14.6040
 14.7560
 14.8360
 14.8900
 16.2680
 16.3580
 17.2940
 18.5220
 20.4060
 20.7280
 21.9220
 22.1900
 22.9940
 23.9360
 24.6080
 25.3600
 27.5240
 28.1400
 29.9300
 30.0160
 30.6860
 31.3340
 31.9500
 32.2640
 32.3180
 32.8240
 33.2220
 34.6300
 35.0560
 35.3860
 36.3720
 36.5740
 38.8440
 40.5080
 41.0580
 41.9780
 42.8340
 42.9000
 43.3460
 43.5000
 44.9140
 47.5160
 54.4580
 58.0280
 66.7180
 69.4160
 71.9840


#Top pat = 15
-72.1840
-71.2740
-63.6820
-62.7560
-59.5780
-58.3340
-57.9920
-57.6480
-56.8140
-56.2820
-51.9180
-51.6720
-49.0120
-48.9640
-48.4640
-48.1860
-47.0780
-33.2100
-30.7960
-30.6000
-26.7560
-25.5440
-24.3980
-23.4100
-23.1200
-22.6620
-21.9240
-21.1040
-18.9020
-18.6980
-18.4120
-18.2700
-17.4660
-17.4060
-16.3620
-15.6740
-15.4080
-15.3700
-15.1400
-14.9680
-14.2000
-13.8700
-13.3940
-12.7820
-12.2200
-12.1380
-11.2380
-11.2380
-10.4800
-10.4760
 -9.8420
 -9.1720
 -8.7200
 -8.1220
 -7.2340
 -4.2300
 -0.7120
 -0.5560
  5.0080
  7.0060
  7.6780
  8.1480
 11.0900
 13.3020
 13.3940
 13.6340
 14.3740
 14.4260
 15.5620
 15.6780
 15.8720
 15.9280
 18.2720
 18.3760
 18.7460
 18.8180
 19.2040
 20.0660
 21.6860
 22.6880
 23.0820
 23.5200
 23.7960
 26.9180
 30.9740
 39.7340
 43.5220
 45.9600
 48.0100
 49.1100
 50.0800
 52.6200
 53.4800
 55.0500
 57.0560
 57.5960
 59.3980
 60.2100
 64.3900
 68.0720


#Top pat = 16
-70.3400
-59.9520
-57.3180
-56.7720
-51.5940
-50.6280
-45.5760
-41.1620
-40.2260
-38.9220
-38.0420
-35.9640
-35.8720
-35.0540
-33.5780
-32.4040
-31.1360
-30.8640
-29.0380
-28.4440
-26.4000
-25.7860
-24.6980
-23.4340
-22.1160
-21.2260
-20.9960
-20.9480
-20.4780
-19.5640
-16.4640
-15.2840
-14.6680
-13.6040
-11.5980
-11.2260
-11.1720
-10.2620
-10.0660
 -9.1540
 -8.8880
 -8.8100
 -8.6000
 -8.5900
 -8.1840
 -7.5400
 -7.3620
 -7.2980
 -6.0500
 -5.9220
 -4.2180
 -3.7400
 -2.0560
 -0.8500
 -0.1920
  2.1760
  5.9700
  6.3600
  8.5500
 10.9740
 11.4360
 13.5420
 15.4000
 15.7080
 15.8100
 19.9400
 21.1500
 21.3720
 23.4360
 24.5260
 25.3860
 26.0960
 27.3760
 27.9120
 28.5360
 29.2300
 30.7280
 32.3660
 32.4940
 32.5640
 33.6260
 33.8320
 34.6520
 35.6960
 35.7380
 36.6440
 37.8040
 39.0400
 39.6520
 43.7260
 46.8700
 49.1420
 49.8740
 52.8780
 53.6780
 53.9840
 57.1260
 57.9880
 63.6460
 66.5220


#Top pat = 17
-82.4600
-64.7200
-53.5840
-52.7660
-51.4660
-51.2440
-50.9300
-50.0380
-49.3980
-44.7280
-44.1200
-44.0440
-43.8840
-43.0900
-40.6980
-40.5240
-39.7500
-39.5240
-38.6940
-38.2040
-37.6540
-31.6860
-30.2240
-28.3760
-28.0820
-28.0300
-27.6580
-24.3240
-22.7460
-21.1600
-20.3140
-19.7300
-18.9280
-18.9040
-18.9020
-15.6440
-14.5800
-13.7520
-10.8760
 -8.4560
 -7.8280
 -7.6600
 -5.4740
 -4.7300
 -2.4620
 -1.2480
 -0.3560
  0.3820
  0.4280
  2.2720
  3.0380
  4.2220
  4.2700
  4.7140
  7.7300
  8.8480
  8.9920
  9.1940
  9.2500
  9.2500
 11.2900
 12.6140
 13.3320
 13.8500
 14.2100
 14.8100
 16.6020
 17.0740
 17.6440
 19.1460
 19.5920
 20.3960
 21.8520
 21.9020
 21.9420
 24.2320
 24.4940
 24.8200
 28.9500
 29.1980
 29.8900
 31.9280
 32.4940
 33.7000
 33.9380
 33.9760
 35.5580
 37.0280
 38.0680
 38.9780
 40.2820
 41.2220
 42.2520
 42.9400
 43.8620
 48.4080
 50.4800
 54.0560
 56.4680
 65.2880


#Top pat = 18
-66.5740
-60.6340
-55.8500
-55.7720
-52.1780
-49.5180
-49.5080
-48.1240
-47.6120
-46.6760
-45.0660
-44.9060
-41.5180
-41.0960
-38.5740
-35.4460
-35.1260
-34.8680
-33.9060
-33.7520
-31.5740
-31.4880
-31.0680
-29.1080
-28.9420
-28.7080
-27.7080
-26.7140
-24.9780
-24.3860
-24.2080
-22.6920
-22.3460
-21.0260
-20.8640
-20.4540
-19.6880
-19.4340
-17.6080
-16.8820
-13.2140
-11.4080
-11.1640
-11.1360
-11.1100
 -7.4100
 -7.3580
 -6.3960
 -6.1840
 -5.1060
 -4.5040
 -3.8140
 -0.9080
  1.3760
  2.4000
  4.4520
  4.8980
  5.0480
  5.4020
  5.9160
  8.4580
  8.4660
  9.6120
  9.7060
 11.4600
 12.2440
 14.3500
 15.7100
 16.2620
 17.2560
 19.4360
 19.4780
 19.7800
 21.5860
 21.9780
 24.5900
 24.9160
 26.7100
 27.0660
 27.6060
 28.1440
 28.7180
 29.2360
 31.8700
 32.8760
 32.9420
 33.0980
 34.3920
 36.1460
 36.5140
 36.7780
 36.9260
 37.1720
 37.8280
 38.3700
 39.1560
 42.0360
 43.0000
 43.9640
 46.4980


#Top pat = 19
-58.4600
-55.8380
-55.2260
-52.3060
-51.4540
-48.1740
-48.0620
-46.8480
-45.7440
-45.3520
-44.8680
-42.4400
-42.2340
-41.6780
-41.4540
-41.3780
-40.5900
-40.4900
-37.0340
-36.0540
-33.7740
-32.8500
-31.9640
-30.9120
-27.0040
-26.9900
-26.9240
-24.1360
-23.7520
-22.8280
-22.1100
-21.4440
-18.7640
-18.1540
-16.5660
-16.0700
-15.6760
-14.6920
-14.2740
-14.0480
-13.7080
-12.6000
-12.1400
 -7.5540
 -6.8120
 -1.5980
  0.6920
  0.7800
  1.7620
  3.7640
  4.0500
  5.6980
  6.3460
  6.8420
  7.3460
  7.3540
  9.2960
  9.6420
 11.7840
 12.8700
 12.9820
 14.6740
 17.5080
 18.4440
 18.6700
 19.7420
 20.7640
 26.3600
 27.0040
 27.0320
 27.7760
 28.4700
 28.6880
 29.0360
 29.3060
 30.1620
 30.4400
 31.0320
 31.3080
 32.3160
 32.5460
 32.8200
 33.2520
 36.1300
 36.5780
 38.0880
 38.2780
 40.9300
 41.4000
 44.3620
 44.4320
 45.0380
 52.8400
 53.9360
 54.8340
 60.8000
 61.4060
 64.1240
 73.3280
 80.3240


#Top pat = 20
-58.8000
-57.6500
-57.3960
-54.7000
-54.5080
-52.4740
-52.3340
-52.0300
-50.5900
-50.5040
-47.9400
-44.6200
-43.7320
-43.6480
-41.4760
-39.4360
-38.6260
-37.7940
-37.5140
-37.4880
-36.8540
-36.1660
-35.5860
-34.5660
-34.0340
-31.7560
-29.7580
-28.1740
-27.9940
-27.5060
-27.3760
-27.3720
-26.6240
-26.2260
-25.4600
-25.2520
-24.7640
-23.5660
-23.3820
-22.9160
-20.2260
-17.5360
-16.6780
-15.8540
-13.6280
-12.0640
 -9.8300
 -6.5720
 -5.3100
 -2.8120
  0.3740
  0.8340
  2.0620
  2.0820
  4.0520
  5.2220
  5.9480
 10.8860
 13.4200
 13.5380
 13.7420
 14.5280
 15.9460
 17.2020
 17.5120
 17.7700
 20.5800
 22.5760
 23.4180
 23.4180
 23.9480
 24.0440
 24.9340
 25.0900
 26.5120
 26.9000
 27.1020
 27.5260
 29.8160
 30.2300
 31.1100
 32.1480
 33.5540
 34.5380
 39.4480
 39.9800
 40.2160
 40.9180
 41.1740
 43.5920
 44.3880
 44.5000
 44.9520
 50.7420
 56.5100
 56.8100
 60.7740
 61.0020
 65.1760
 68.8520


#Top pat = 21
-72.0520
-59.9060
-57.8740
-56.5580
-56.0380
-51.0760
-48.7300
-47.7600
-47.4880
-45.9960
-45.7100
-43.4220
-43.1740
-42.9300
-42.0560
-37.0800
-36.9880
-36.7280
-35.8320
-33.2200
-31.8240
-29.5940
-29.0700
-28.2140
-26.8100
-25.8940
-25.1640
-23.6620
-23.3640
-22.4400
-22.2440
-21.7200
-17.7440
-17.3180
-16.3080
-14.5500
-13.8160
-12.5540
-12.5160
-12.1200
-11.3280
 -9.5560
 -9.2280
 -8.4280
 -4.6660
 -3.3620
 -0.5180
  2.5280
  3.1760
  3.3920
  3.8320
  4.7020
  5.9500
  6.5940
  6.9100
  8.3820
 10.3380
 10.6080
 12.1580
 15.3320
 15.4140
 17.8160
 17.8540
 18.2560
 18.7340
 19.1000
 19.6400
 20.7280
 23.7920
 24.2720
 25.2680
 25.7600
 26.6780
 27.1620
 27.8500
 29.4080
 29.7200
 30.1140
 30.1180
 30.6400
 31.3320
 31.6480
 31.7660
 33.4160
 33.8200
 35.9020
 37.6480
 37.7260
 38.1620
 40.7740
 40.8740
 41.6500
 47.0540
 47.2120
 47.3960
 47.9640
 48.0500
 50.7740
 53.3760
 55.3840


#Top pat = 22
-65.5140
-63.8000
-62.8400
-61.3820
-55.2740
-51.7780
-48.7400
-47.1480
-46.7880
-42.4180
-41.8660
-37.3340
-36.6500
-36.3740
-35.1300
-33.9280
-33.7960
-32.9320
-32.5780
-31.8720
-30.2180
-29.5360
-29.1860
-27.9800
-27.6900
-25.2000
-24.3580
-22.5360
-22.2560
-21.9080
-21.3720
-21.3380
-19.9900
-18.9800
-17.9860
-17.8440
-17.3640
-16.4880
-16.3580
-16.0980
-14.9680
-14.0680
-13.1300
 -9.4860
 -8.7440
 -7.1360
 -6.4360
 -6.3920
 -6.0420
 -5.8020
 -3.6460
  0.5080
  1.3440
  2.1820
  2.7400
  6.2820
  6.6980
  6.7460
  6.8160
  6.8620
  8.9660
 10.0360
 11.3120
 12.0980
 12.1140
 12.9280
 13.7260
 15.0620
 15.4660
 15.4860
 15.6460
 16.5360
 19.1620
 19.3640
 19.5820
 20.1980
 22.4240
 23.0260
 23.5040
 24.8080
 28.4640
 29.5900
 31.1580
 31.4840
 31.6840
 32.2220
 32.4000
 33.0800
 34.0580
 34.9980
 35.0240
 38.0680
 40.5720
 50.8000
 54.5460
 56.0260
 56.4580
 63.4940
 67.3780
 73.9340


#Top pat = 23
-67.2240
-60.3300
-58.5400
-54.1300
-53.6580
-52.6960
-51.0800
-50.1880
-46.3420
-45.5840
-45.3320
-44.5840
-44.5780
-42.1580
-41.4680
-40.5240
-37.6140
-35.5740
-34.1460
-32.5800
-31.3220
-30.0660
-29.2680
-28.7860
-28.5420
-28.1060
-28.0240
-27.8120
-26.7660
-26.4040
-23.9220
-22.2400
-22.1140
-22.0940
-21.8260
-20.1720
-18.0960
-16.4440
-15.8980
-14.6540
-13.2240
-12.4740
-11.5720
-11.3880
-11.2220
-10.4200
 -9.6400
 -9.1640
 -8.0720
 -6.5720
 -6.4840
 -5.4500
 -1.2300
  1.4620
  2.2380
  4.7520
  5.6020
  6.9600
  7.6920
  8.2980
 12.2340
 12.4140
 13.3860
 14.2360
 15.0820
 15.2940
 16.7020
 18.4200
 19.6840
 21.8300
 22.3920
 22.7580
 23.4900
 24.1960
 29.0360
 29.3280
 29.9760
 30.4920
 31.7140
 32.8000
 33.2280
 33.3940
 33.9080
 33.9540
 35.5340
 35.5740
 36.1940
 36.4840
 42.6840
 42.9800
 44.7980
 45.9140
 46.7340
 47.6240
 47.9340
 48.0960
 51.9620
 71.7220
 77.6040
 78.6960


#Top pat = 24
-66.2540
-60.0860
-59.2020
-59.0160
-52.9960
-51.7960
-49.9200
-47.7540
-46.4960
-46.0920
-45.4420
-41.7760
-41.5680
-37.7860
-37.4940
-36.4760
-33.8240
-32.3600
-31.8460
-31.1380
-31.0680
-29.7340
-28.6540
-28.1800
-27.8160
-25.9660
-25.3120
-24.7840
-24.0060
-23.0640
-22.8800
-22.5840
-21.1420
-21.1260
-19.9140
-19.5060
-19.1700
-18.2360
-17.6040
-17.5580
-17.0200
-15.4460
-14.7020
-14.6100
-14.5500
-13.9000
-12.5800
-11.4940
 -9.4160
 -9.0160
 -8.9840
 -7.9160
 -7.6140
 -5.4040
  4.4400
  5.1420
  6.1700
  6.7300
  7.4920
  7.9320
  8.2560
  9.2440
  9.4680
  9.6340
  9.6780
 12.8840
 16.1140
 16.5520
 18.8520
 19.7320
 20.2440
 21.3060
 23.4400
 23.9880
 25.3080
 25.4080
 26.1260
 28.1160
 29.9020
 30.4020
 31.8600
 32.8480
 36.3880
 38.1880
 38.7280
 38.8820
 39.4260
 39.8040
 40.4260
 41.0880
 44.2280
 45.2520
 45.7980
 49.2200
 50.3960
 54.4500
 55.3580
 57.5020
 58.0140
 71.0080


#Top pat = 25
-70.3520
-63.7080
-59.2960
-55.8460
-55.5940
-52.6240
-49.5780
-47.1140
-44.3200
-43.0280
-41.4200
-38.6260
-38.0720
-37.8240
-36.8880
-33.0200
-29.9840
-29.6900
-26.1240
-23.8200
-23.7240
-23.1940
-23.1020
-20.8560
-20.7420
-20.2600
-19.1380
-17.2240
-17.2060
-16.5660
-14.4480
-14.3860
-14.2640
-12.6800
-10.5200
-10.3940
-10.1080
 -8.6980
 -6.4580
 -6.0060
 -3.7660
 -3.4480
 -2.7800
 -2.5980
 -0.3720
  0.8320
  3.9560
  4.5560
  8.5000
  8.9380
  9.5860
 13.3560
 14.9440
 15.8780
 17.1000
 19.2920
 19.5360
 19.7600
 20.6140
 21.1120
 21.2880
 21.3860
 21.9700
 22.3960
 23.5140
 25.4880
 26.4620
 27.8760
 28.0020
 31.0020
 31.5260
 32.6480
 33.8420
 34.9640
 35.2480
 36.2640
 36.3400
 36.4780
 37.0140
 37.0460
 37.4340
 38.4960
 39.9080
 40.5200
 41.7720
 41.9100
 42.6600
 42.7640
 44.0840
 44.1440
 44.4360
 45.2140
 47.0180
 47.0900
 47.8400
 49.4940
 50.3880
 50.6000
 52.7840
 59.6960


#Top pat = 26
-65.9180
-62.9420
-62.3540
-56.5300
-56.2680
-49.4880
-49.2940
-44.0180
-43.3740
-41.7620
-41.7340
-41.4180
-40.7240
-39.0760
-38.1340
-37.6140
-34.0620
-31.9700
-31.4800
-30.1880
-30.1400
-28.2920
-28.0620
-27.6580
-27.3680
-25.3240
-25.0400
-24.4360
-22.6980
-22.5860
-20.5720
-19.5820
-19.0820
-17.7800
-16.3980
-16.0640
-15.8640
-11.2440
-10.3400
 -9.0560
 -8.5680
 -6.9220
 -6.7620
 -4.3940
 -3.0420
  1.0580
  1.3440
  2.4260
  2.8920
  3.5220
  5.0460
  6.8060
  7.8980
 12.2120
 13.1140
 13.4320
 13.6200
 13.7440
 16.1000
 16.2100
 18.1660
 18.8500
 19.3200
 21.6420
 23.0360
 23.4480
 23.8200
 24.8320
 25.1020
 26.5940
 27.0960
 27.2500
 27.6560
 28.4640
 28.5520
 29.8300
 30.2440
 31.5100
 31.9140
 33.3520
 33.4040
 37.4520
 39.9960
 40.4040
 42.1800
 42.2060
 42.8620
 43.1220
 44.8940
 47.3880
 47.5660
 50.2840
 51.1740
 52.1400
 56.6960
 58.6360
 60.2880
 63.4760
 63.7620
 85.2380


#Top pat = 27
-80.0660
-69.4920
-62.0980
-59.8100
-57.8360
-53.6040
-52.0500
-51.4140
-47.5140
-46.1960
-46.0300
-44.4700
-43.6380
-40.9740
-37.2920
-34.2780
-33.6020
-32.6140
-31.8320
-31.2220
-30.2060
-25.9440
-25.8000
-25.7320
-25.1700
-24.3220
-23.9580
-22.4500
-22.0080
-21.7300
-20.2820
-20.2640
-20.1980
-19.3900
-19.2540
-19.0400
-18.5740
-18.2780
-17.1740
-16.8560
-16.3160
-15.9020
-13.7000
-13.5400
-12.6520
-11.3180
-10.9620
-10.8300
 -7.5580
 -6.2460
 -5.9800
 -3.9840
 -2.7720
  0.6960
  0.8340
  1.5120
  3.6420
  4.8560
  4.8760
  5.2820
  5.5320
  6.4840
  8.4340
  8.5940
  8.8940
  9.2500
 10.4140
 13.8820
 14.7100
 17.3200
 18.5140
 18.9440
 20.2960
 22.5700
 23.0240
 24.4780
 26.1040
 29.2880
 30.1520
 30.2980
 30.5020
 31.4520
 31.6580
 33.7600
 38.2660
 40.4780
 40.6320
 40.9420
 45.3620
 46.3180
 47.5500
 48.5760
 49.7060
 50.8120
 52.4360
 53.7980
 54.4000
 55.3040
 59.3060
 80.0320


#Top pat = 28
-65.1500
-62.5320
-58.6660
-54.0860
-53.5560
-52.5740
-49.8020
-46.0640
-43.5780
-42.5580
-42.5460
-40.6560
-40.6460
-39.5420
-36.8220
-36.1540
-35.6400
-34.9980
-34.6920
-34.5320
-34.0960
-33.6440
-32.2860
-30.3620
-29.7280
-27.7920
-26.6980
-23.2700
-23.0820
-23.0140
-22.8280
-21.6440
-19.5880
-19.3720
-18.9720
-18.1000
-17.7220
-16.4360
-16.4120
-13.9820
-13.4700
-12.4140
-11.9520
 -8.7960
 -5.1640
 -4.6540
 -3.9000
 -3.5640
 -3.3320
 -2.9520
 -0.3600
  3.8000
  4.9240
  5.0340
  5.2100
  6.2520
  6.4300
  7.1800
  7.6800
  7.9820
  9.0020
  9.1920
 11.9180
 12.0180
 12.9480
 15.3440
 15.6920
 17.2600
 18.1940
 18.2740
 20.9760
 20.9860
 21.0200
 21.2760
 23.6720
 24.8160
 25.2960
 28.1440
 28.6060
 30.3960
 30.9760
 31.2360
 32.6860
 33.0800
 33.3880
 35.2820
 36.0040
 36.1320
 36.9960
 39.7280
 40.0880
 42.2420
 44.0760
 46.8120
 49.5800
 49.6940
 50.1260
 50.8220
 56.9040
 61.8820


#Top pat = 29
-64.9080
-62.1260
-61.3960
-59.4480
-59.2020
-58.0940
-54.6720
-53.7100
-52.6980
-52.0280
-51.9720
-41.9320
-37.5760
-35.7960
-34.6940
-33.2600
-31.9320
-30.6040
-28.9260
-28.6300
-27.4920
-26.9020
-26.2280
-25.8760
-24.4320
-23.2340
-18.5760
-17.6920
-16.8500
-16.7380
-16.6920
-14.9020
-13.9880
-12.7600
-12.5740
-10.5780
 -9.6100
 -9.1980
 -9.0120
 -8.1260
 -7.4900
 -7.2960
 -4.9960
 -4.3180
 -2.9480
 -0.6220
 -0.2180
  4.6680
  4.7940
  4.8260
  5.0120
  8.6560
  9.1480
  9.3640
 10.2620
 10.6140
 11.2600
 12.1000
 13.3080
 14.6100
 16.2020
 16.4460
 17.2340
 17.3000
 17.9960
 19.9320
 20.0140
 21.9040
 22.9840
 23.1160
 23.8260
 26.0220
 26.1020
 26.5520
 26.8640
 26.8700
 29.3060
 29.6600
 32.0260
 34.2320
 35.2860
 35.8940
 36.3060
 38.8180
 39.4920
 39.9700
 41.5880
 41.6740
 42.6860
 43.1940
 43.2040
 47.1000
 49.7800
 51.1040
 52.9260
 53.2600
 55.7000
 57.7140
 59.7560
 77.8300


#Top pat = 30
-75.8240
-66.3000
-60.8200
-60.6640
-59.9800
-57.8440
-57.2420
-56.1700
-55.7540
-55.4520
-53.8640
-52.9720
-49.4200
-48.7620
-45.6580
-43.0820
-39.0720
-36.6760
-36.6720
-34.2660
-31.8620
-31.4860
-30.2360
-29.1540
-28.6680
-27.6980
-27.1400
-27.0820
-26.8820
-26.7380
-25.5440
-23.8940
-23.4540
-23.2740
-22.1420
-21.0720
-19.0080
-18.9580
-15.4740
-14.8880
-13.0120
-10.5220
-10.3000
 -8.6140
 -7.2340
 -6.2360
 -6.1680
 -5.8820
 -4.7660
 -4.6680
 -4.0480
  3.7240
  4.4360
  6.3940
  7.3440
  7.7460
 10.0160
 11.2240
 11.4440
 11.5220
 13.9460
 14.6440
 17.1800
 18.1220
 18.2740
 19.4140
 22.0420
 23.6200
 24.7180
 24.7740
 26.4860
 26.4960
 26.7340
 27.3040
 29.0040
 30.0180
 30.7060
 31.6780
 31.7020
 32.0180
 35.9260
 36.6060
 37.7820
 37.9760
 39.3140
 40.0460
 40.3660
 41.1740
 44.6220
 45.4260
 45.6260
 49.4620
 51.7580
 52.4360
 53.2340
 57.6080
 58.5420
 59.1980
 59.6420
 63.5120


#Top pat = 31
-61.9900
-59.9660
-55.8020
-54.1140
-51.2680
-50.4620
-48.5960
-47.3280
-44.3200
-42.3740
-41.9540
-41.3640
-37.5220
-37.2000
-37.0280
-35.8620
-34.4360
-34.3660
-34.1420
-34.0240
-32.6000
-30.5600
-28.8560
-28.7760
-27.9320
-26.8740
-26.1880
-25.6200
-25.0300
-24.7300
-24.6540
-24.0540
-23.1360
-22.1440
-21.1140
-19.3120
-17.7040
-17.5920
-16.4680
-15.9560
-15.3060
-13.0540
-10.7900
-10.3420
 -5.2580
 -4.6060
 -4.5680
 -4.3600
 -1.4520
  2.0580
  2.2780
  6.9300
  8.4420
  9.0980
  9.7780
 10.1640
 11.6700
 12.5180
 12.8060
 13.0140
 14.5020
 15.0320
 15.7300
 16.8940
 17.4980
 18.0840
 19.0140
 19.0840
 19.6600
 19.8440
 20.6680
 21.0320
 21.0840
 21.4000
 22.6420
 22.8220
 24.2900
 24.4960
 26.8880
 29.1500
 29.3920
 30.5620
 31.5080
 32.8140
 33.2320
 34.0760
 35.7560
 40.3640
 42.1020
 42.5960
 42.9380
 43.2280
 43.4740
 50.5040
 50.6860
 51.7940
 54.7900
 55.3020
 59.0800
 90.7060


#Top pat = 32
-72.2220
-63.0720
-61.0920
-56.5740
-52.5580
-51.4720
-50.5840
-49.9620
-47.4840
-44.9080
-43.5300
-41.1880
-40.1500
-39.1580
-37.2740
-33.8040
-33.5400
-32.3500
-31.4920
-28.4620
-25.0340
-19.4820
-19.3780
-19.1560
-19.0100
-18.1260
-15.8440
-15.1620
-13.8820
-13.0580
-12.1840
-12.1000
-11.3340
-10.5780
-10.0080
 -9.4840
 -9.4600
 -6.5860
 -5.8860
 -5.8520
 -4.3260
  1.2560
  1.4020
  2.0980
  3.1740
  3.7440
  7.1280
  8.2520
  8.3580
  8.5820
  9.0520
  9.4160
  9.8800
 10.9120
 11.6660
 12.6400
 15.8660
 16.7860
 17.4140
 17.6760
 17.8620
 17.8920
 18.6860
 20.9460
 22.6700
 23.4820
 25.5320
 25.9580
 26.4820
 27.1120
 28.2520
 28.4760
 29.4840
 29.7360
 30.3400
 31.4120
 33.4120
 33.4900
 34.1140
 34.7820
 34.8460
 34.9460
 37.2940
 37.6780
 37.7620
 37.8440
 38.7400
 42.7220
 45.5780
 46.3060
 47.3960
 49.3440
 49.3860
 50.7980
 51.7920
 54.1380
 61.6120
 61.6540
 65.0760
 71.7960


#Top pat = 33
-75.6120
-69.6480
-66.6680
-54.0800
-50.5840
-46.6880
-44.6460
-44.4840
-40.2840
-36.9560
-36.7140
-33.0640
-32.9540
-32.8320
-31.6660
-31.6340
-31.2560
-30.4940
-29.4460
-27.3440
-27.2060
-25.4660
-24.2380
-20.9680
-20.8800
-20.6260
-19.7560
-18.8600
-18.2100
-17.3140
-17.0240
-15.6280
-15.5620
-14.9380
-13.3940
-12.8780
-11.5040
-11.4320
-10.0600
 -9.5280
 -7.9200
 -6.7080
 -6.5320
 -5.6220
 -5.2480
 -5.1180
 -5.0300
 -4.4780
 -4.1440
 -1.5040
 -0.2060
  2.4360
  3.8680
  3.9520
  4.9880
  5.8480
  6.5880
  7.5900
  9.4800
  9.8440
  9.9680
 12.7920
 14.5200
 16.4560
 16.9740
 18.7160
 18.9020
 19.4880
 19.7420
 19.7540
 21.4660
 21.7580
 22.2120
 23.6500
 23.7480
 25.1280
 25.2860
 25.7940
 26.1440
 26.7860
 28.4740
 29.0120
 29.0180
 32.1360
 33.7400
 34.1580
 34.7400
 34.9540
 36.0200
 37.0540
 37.6400
 40.0640
 40.3180
 41.3840
 43.9920
 44.0600
 44.9560
 50.1460
 56.2940
 66.3900


#Top pat = 34
-78.1760
-68.1400
-65.2040
-64.1000
-63.5400
-57.0440
-56.7460
-54.2500
-54.1440
-51.1680
-51.0220
-46.5500
-46.4840
-45.7700
-45.3500
-40.5340
-40.0680
-39.6200
-37.3840
-34.5260
-33.1640
-32.9840
-31.8920
-30.9400
-30.9120
-30.7920
-30.3560
-30.3340
-28.1740
-27.9960
-25.6520
-25.1380
-25.0980
-24.5460
-23.3580
-21.1720
-19.8780
-19.6200
-16.0800
-15.8860
-15.8300
-15.4000
-13.8460
-13.7180
-13.2380
-13.2000
-12.8460
-12.6420
-11.5360
-10.9600
 -9.8980
 -9.0000
 -7.9600
 -3.1340
  1.3180
  2.4500
  2.9360
  4.6540
  4.9380
  5.4540
  6.0120
  6.1940
  8.7360
 11.7120
 11.9600
 13.4700
 15.5160
 15.9860
 18.9480
 19.8740
 21.7240
 21.7740
 21.8860
 21.9020
 23.8520
 25.0660
 25.2500
 25.3880
 25.5240
 25.6740
 28.0380
 31.1160
 31.9560
 36.6240
 36.9320
 37.0380
 39.4820
 40.5640
 41.4320
 44.1040
 44.2360
 44.4600
 44.7020
 45.0560
 47.4420
 49.8100
 52.3960
 52.9560
 62.5800
 72.2040


#Top pat = 35
-70.2440
-67.5700
-66.9700
-62.5340
-60.4160
-55.5780
-55.0140
-52.3620
-48.8700
-48.3320
-47.3100
-46.8940
-46.2220
-44.7440
-41.3880
-41.2440
-40.9620
-38.6340
-34.3900
-34.1580
-33.9680
-32.9480
-30.9780
-30.1720
-29.6960
-29.1340
-28.8600
-27.3040
-27.2520
-27.1200
-26.3900
-25.6880
-24.7220
-23.6980
-23.3340
-22.9020
-21.2300
-21.2100
-18.6120
-17.8260
-17.5320
-16.5320
-15.1900
-14.1440
-12.6700
-11.0380
-11.0340
-10.6420
 -9.5840
 -5.2060
 -3.5680
 -1.8040
 -1.1060
 -1.0160
  0.0240
  1.3500
  4.9580
  6.2360
  8.4520
  9.3840
  9.5880
 11.6380
 12.5740
 12.6820
 12.7580
 12.9980
 15.3600
 15.5000
 15.8680
 17.8960
 19.1900
 22.3420
 22.8380
 26.0260
 26.2800
 26.8520
 27.0660
 27.3000
 29.6580
 30.3640
 30.6960
 33.4140
 34.0720
 34.1460
 34.9280
 36.1200
 36.3180
 37.3000
 37.8080
 38.2200
 42.0760
 44.7700
 45.2800
 46.7660
 47.2420
 55.6980
 60.5760
 67.4840
 67.8920
 72.6640


#Top pat = 36
-83.3840
-73.0720
-69.2260
-67.6720
-60.9900
-58.7220
-54.4400
-54.0940
-48.7040
-45.2760
-44.8680
-44.6740
-42.9120
-41.7220
-41.6000
-41.0640
-40.6640
-39.9160
-38.1400
-37.5560
-37.3200
-37.2920
-35.1740
-34.8860
-31.8460
-31.7020
-31.4900
-27.3440
-20.4160
-17.9220
-16.0360
-15.9640
-15.3720
-15.1760
-15.1560
-14.1760
-13.8720
-13.5260
-13.0320
-12.3340
-11.2860
 -8.9600
 -7.8660
 -4.2120
 -2.9500
 -0.2680
  3.6140
  3.7020
  6.1480
  7.7940
  7.9760
  8.1060
  9.3540
 10.4680
 10.6820
 10.7320
 11.0080
 13.6340
 13.8240
 15.0340
 15.1740
 15.1980
 15.3220
 15.9180
 16.2200
 18.4780
 18.7120
 20.1520
 21.2160
 21.3880
 22.5600
 23.1400
 23.7460
 23.7720
 23.9240
 23.9680
 25.0700
 28.3080
 29.3680
 29.9860
 31.1900
 31.1980
 31.8060
 33.1300
 35.3840
 36.1860
 37.7680
 38.3980
 38.5000
 39.2600
 42.1440
 44.7960
 49.3640
 50.2060
 51.6740
 52.4860
 56.6960
 59.5920
 76.1660
 76.7460


#Top pat = 37
-66.2560
-57.6060
-56.1580
-52.5860
-51.9800
-51.4600
-50.6040
-48.3980
-48.1960
-44.0540
-43.4040
-42.0420
-41.2820
-41.2500
-38.2520
-36.4340
-35.1080
-31.9900
-30.8640
-30.2560
-29.4640
-28.9260
-28.1400
-28.0060
-27.9580
-27.5300
-27.4160
-25.5340
-24.8240
-23.1600
-23.0840
-23.0760
-20.9720
-20.9560
-20.3280
-19.5320
-19.4080
-19.0600
-18.8100
-18.6640
-18.1640
-18.0800
-17.3940
-16.9940
-14.8380
-14.5700
-13.0200
-12.2900
-11.7960
-11.4040
-10.7340
-10.0360
 -7.0500
 -3.8660
 -0.3660
  1.1200
  3.6640
  4.2460
  5.9160
  6.6620
  8.6640
 14.6560
 15.6520
 17.5000
 18.6260
 18.9520
 20.9080
 22.6720
 22.7280
 22.9200
 24.4960
 25.4040
 25.5080
 26.5000
 28.4100
 28.4680
 28.5660
 28.6280
 28.6940
 29.1140
 30.5200
 30.5740
 33.2820
 33.3160
 33.7700
 34.0000
 36.1160
 36.3800
 36.9660
 38.7720
 44.4000
 46.7780
 47.3420
 47.8440
 48.6400
 49.1440
 50.7060
 52.9480
 57.2660
 59.1860


#Top pat = 38
-67.1380
-61.8700
-61.7960
-60.0900
-57.5760
-55.5560
-55.0580
-53.1380
-50.3420
-45.2480
-43.0420
-41.7400
-40.1080
-37.9480
-36.9140
-35.9940
-35.7180
-34.7520
-32.8740
-32.3500
-30.9760
-29.9720
-29.9160
-29.2540
-29.1740
-28.9060
-26.9160
-26.8240
-26.5840
-26.2920
-26.1620
-25.7700
-22.7640
-22.3420
-21.5880
-21.3240
-19.0860
-17.6000
-16.9220
-16.9100
-16.2600
-15.3420
-15.0520
-14.7200
-13.7840
-11.3840
-10.0900
 -9.4240
 -9.2020
 -9.0920
 -8.7120
 -8.4840
 -7.2980
 -7.2940
 -5.5700
 -3.5460
 -2.3120
 -1.2980
 -1.0840
  0.3180
  1.7120
  2.1940
  3.5620
  7.7060
  7.7180
  8.3540
  8.7900
 11.3040
 12.1620
 13.3660
 13.7340
 14.4580
 14.8200
 16.6440
 16.7960
 19.2300
 21.3420
 22.6760
 28.0980
 29.8020
 30.8460
 31.9560
 34.3000
 34.8040
 37.8180
 39.0920
 39.1100
 43.8660
 44.9380
 45.0440
 47.8740
 47.9600
 48.4940
 48.7360
 49.3420
 52.5700
 61.2180
 64.3400
 68.0220
 84.9660


#Top pat = 39
-62.6180
-59.8160
-59.5060
-59.3240
-57.3040
-56.4060
-54.9760
-54.3940
-51.1740
-50.7380
-49.3180
-49.0940
-48.1400
-48.1320
-46.2280
-45.4660
-44.6520
-43.7480
-42.4920
-41.2160
-41.1660
-39.5360
-38.7680
-35.8420
-34.1700
-34.0680
-33.5000
-33.2240
-29.9760
-28.9000
-27.5240
-26.5540
-26.4080
-25.5420
-25.3780
-23.1380
-22.6780
-21.2160
-21.0680
-19.7060
-18.4360
-17.4460
-15.9520
-15.8480
-12.5520
-12.4380
-10.5560
-10.0860
 -9.9720
 -9.5580
 -8.3900
 -4.3440
 -3.3140
 -2.4680
 -2.4060
  4.6120
  7.7860
  8.8500
  9.4860
 10.2160
 10.5200
 12.0040
 12.0220
 12.9960
 13.8480
 17.0700
 17.2900
 18.1520
 21.0040
 21.3960
 21.5220
 23.8860
 23.9520
 24.6440
 25.0740
 25.1360
 26.2380
 26.6320
 26.9860
 27.2420
 27.3620
 29.3960
 29.4420
 32.2860
 33.3480
 33.4800
 33.8740
 34.8420
 35.5780
 35.7520
 36.6080
 38.3720
 44.8860
 46.6020
 46.9620
 50.6700
 51.1920
 52.2140
 53.1840
 60.3960


#Top pat = 40
-58.9740
-54.8620
-52.5880
-52.3020
-47.1460
-46.6220
-44.8120
-43.5900
-43.2260
-42.3500
-42.0840
-40.0180
-39.6820
-39.5300
-36.8340
-36.7960
-36.6400
-35.5480
-34.7260
-32.6300
-28.1460
-26.2060
-26.0960
-25.4740
-23.0540
-21.5460
-21.1660
-20.8520
-20.4120
-18.9540
-18.4860
-17.2960
-15.4300
-13.3740
-13.2900
-12.7840
-10.6700
 -9.8860
 -8.6260
 -7.1060
 -6.9960
 -6.8340
 -0.5500
  5.7100
  5.8100
  6.7380
  8.0140
  9.9300
 10.8460
 12.1160
 12.2760
 16.5240
 17.0560
 17.7260
 17.7360
 18.5760
 21.7480
 22.0860
 25.8200
 26.6920
 26.7880
 27.2000
 27.4600
 27.6820
 28.2220
 28.2560
 29.6440
 31.2220
 31.3100
 32.5720
 33.3400
 33.3860
 34.4860
 35.3020
 36.2920
 36.4540
 36.5380
 37.3380
 37.4260
 38.5180
 39.9900
 40.1160
 40.2440
 45.1720
 45.2620
 45.7800
 47.2020
 47.4400
 47.7660
 50.4720
 50.4800
 54.8000
 55.1220
 55.7400
 58.8500
 59.1500
 62.0980
 62.6280
 62.9440
 77.6940


#Top pat = 41
-97.3460
-66.9280
-66.3080
-59.7400
-58.7620
-57.6040
-51.5380
-50.0440
-49.8240
-49.3840
-45.6620
-44.0280
-39.9420
-37.7540
-37.7440
-37.2140
-35.7780
-35.6800
-35.4060
-34.7680
-34.5800
-33.9500
-33.8020
-32.9260
-31.9520
-31.7400
-31.4440
-31.1880
-30.8140
-30.7840
-29.2720
-28.5420
-28.2880
-27.9160
-27.0620
-26.8960
-26.0600
-24.6200
-24.5040
-23.8440
-22.8760
-21.9400
-20.0960
-19.0240
-17.6040
-17.1420
-16.6780
-13.1040
-11.9180
-11.8280
-11.5900
-11.5520
 -9.3800
 -8.6620
 -7.1000
 -6.2020
 -3.7980
 -3.6100
 -1.8060
 -0.9320
 -0.2640
 -0.2420
  5.0060
  7.5380
  9.5140
 10.5740
 11.0640
 11.4380
 13.2680
 13.8960
 14.7900
 15.7520
 16.1480
 18.1180
 18.7960
 20.2200
 22.2100
 23.9800
 24.7360
 24.9740
 25.6420
 25.7840
 26.4000
 27.3660
 27.7140
 29.2160
 32.1260
 35.7280
 38.1240
 38.6640
 39.7280
 40.0640
 41.0520
 43.2500
 49.7440
 50.9800
 63.3020
 63.7500
 64.1260
 67.3020


#Top pat = 42
-91.4800
-71.8700
-64.6060
-58.6760
-54.0580
-47.9180
-45.0260
-44.0080
-43.0980
-42.5500
-42.2880
-40.1020
-39.6360
-39.5320
-38.7140
-34.0400
-31.1820
-30.9680
-30.8900
-29.9260
-29.0520
-28.2580
-25.5960
-23.5700
-22.9060
-22.8100
-22.3920
-20.9760
-19.9980
-19.9940
-19.4080
-19.3580
-19.1100
-18.5940
-18.3520
-13.6340
-11.9840
 -9.9760
 -9.1600
 -4.6540
 -4.2380
 -2.4200
 -0.3360
  0.8080
  2.5080
  4.0840
  5.7660
  6.4580
  8.5200
  9.9500
 10.3740
 10.3760
 11.6760
 13.2420
 13.5120
 15.9300
 16.6900
 17.1500
 19.4180
 20.3120
 20.4020
 21.2400
 21.4340
 22.6040
 22.9380
 23.5620
 24.8640
 26.5180
 27.1580
 27.2300
 27.7360
 28.2380
 29.7820
 29.8040
 29.9000
 30.3920
 30.8520
 31.9260
 32.2320
 33.4820
 35.7580
 37.1800
 37.6640
 38.0640
 38.5280
 38.8880
 40.0860
 40.2280
 40.3900
 40.9280
 41.3960
 42.6280
 43.0460
 44.8540
 49.2800
 51.0020
 54.0820
 62.7320
 65.2740
 87.1360


#Top pat = 43
-79.0400
-76.3240
-75.3660
-69.2260
-67.9100
-63.3640
-61.4140
-58.6040
-49.5720
-47.1180
-45.7840
-45.0640
-44.9000
-43.9420
-43.6840
-43.5140
-41.2060
-41.0020
-40.2980
-40.2440
-39.9460
-39.2800
-35.4840
-33.7540
-32.3900
-32.3380
-32.2660
-31.5780
-31.5680
-30.6600
-30.0020
-28.2100
-27.9120
-27.0740
-24.0760
-19.9700
-17.7980
-17.6620
-16.5740
-16.5700
-16.2420
-15.3640
-15.1860
-13.6660
-13.1640
-12.8520
-12.7880
-12.6520
-10.9480
 -7.0540
 -7.0460
 -6.5080
 -6.4620
 -6.3000
 -6.0360
 -4.2560
 -0.8440
  0.1800
  5.1800
  6.8140
 10.3180
 10.4560
 11.6880
 12.1540
 13.8460
 15.0540
 16.0680
 16.5620
 19.3720
 20.2640
 20.2660
 21.2540
 21.8660
 22.9100
 24.8760
 25.2320
 25.3600
 25.4780
 25.9300
 26.4500
 26.4920
 28.8560
 29.1720
 32.0260
 34.2720
 34.8200
 38.5420
 39.2080
 41.6640
 42.1920
 42.7440
 43.0900
 45.5700
 46.1820
 50.0180
 50.6720
 51.2900
 52.3520
 61.0420
 76.6660


#Top pat = 44
-70.4800
-69.9720
-64.0860
-63.2780
-59.6980
-57.0720
-54.6240
-54.3800
-52.4580
-51.4880
-50.0120
-49.8000
-47.4460
-42.5840
-41.9300
-41.0400
-40.7760
-39.3520
-38.6080
-36.7640
-36.2820
-33.8880
-31.8420
-30.1360
-29.7700
-29.5060
-29.4680
-29.4160
-27.3660
-26.9940
-26.6500
-24.1760
-21.2180
-20.3160
-20.2560
-18.8780
-17.6740
-17.3140
-16.8620
-15.0820
-14.9260
-14.7640
-14.5060
-12.2800
-10.7660
-10.2880
 -9.6420
 -8.4700
 -7.1460
 -4.5020
  2.8340
  4.6440
  5.2780
  5.8580
  7.6160
  8.1080
  9.0260
 11.7120
 13.7860
 14.0920
 14.8560
 18.1980
 18.6420
 20.4320
 20.8740
 21.9760
 22.9660
 23.8380
 23.8420
 24.9980
 25.1640
 25.2640
 25.2700
 25.3400
 25.8760
 26.7400
 27.0360
 27.6180
 28.8800
 29.9920
 30.8240
 32.7220
 32.7600
 34.2000
 34.6160
 35.7560
 37.2540
 37.2680
 39.0380
 39.9160
 40.9360
 42.1500
 43.9180
 44.5600
 52.3440
 59.4160
 59.6840
 60.9560
 64.1040
 74.0740


#Top pat = 45
-59.1880
-57.7340
-55.2020
-46.8980
-46.6580
-45.0060
-44.1940
-43.8320
-43.4660
-43.2480
-41.2060
-39.7680
-39.0380
-36.4780
-34.8100
-33.1120
-32.7520
-31.8860
-31.4360
-31.1080
-31.0040
-30.5440
-30.0860
-29.5900
-29.1080
-28.4720
-27.4440
-25.0580
-23.8020
-23.7260
-23.4000
-21.4020
-21.3400
-20.4840
-19.1380
-17.5680
-17.2840
-16.7280
-16.5180
-16.3600
-12.0040
-10.4880
-10.2480
 -9.5420
 -9.3340
 -7.1140
 -6.7140
 -6.5640
 -4.8340
 -3.8960
 -3.0220
  2.5240
  4.3980
  5.5860
  5.8260
  6.5900
  6.6060
  7.6280
  8.8000
  9.0880
 10.4920
 12.6940
 12.9720
 13.3460
 13.6780
 14.1000
 16.8320
 17.3820
 18.0180
 18.4360
 18.6220
 22.9620
 27.4880
 28.3340
 32.3340
 32.6500
 33.4700
 34.0620
 34.0860
 35.0480
 35.1140
 35.7800
 36.3400
 38.3020
 38.7100
 38.7580
 38.9680
 42.5480
 43.1360
 47.3640
 49.7880
 52.9580
 53.7660
 56.0600
 56.8880
 57.1160
 60.7660
 66.4260
 68.5740
 77.6700


#Top pat = 46
-86.0120
-73.3840
-57.2520
-50.2060
-49.1300
-48.3480
-47.5960
-46.7520
-46.6260
-45.5120
-42.6400
-41.8700
-41.7660
-41.3960
-40.1620
-39.6760
-36.3080
-34.0340
-34.0100
-33.2360
-32.8320
-32.2020
-31.6320
-31.0900
-29.8860
-28.0160
-27.7600
-26.2020
-25.2900
-24.9660
-24.3420
-21.9880
-21.8760
-19.7140
-18.5060
-17.9920
-15.1000
-14.5220
-13.9080
 -9.8440
 -9.2720
 -6.9140
 -6.7060
 -6.2680
 -6.1820
 -4.2300
 -4.1500
 -2.7760
 -1.9980
  0.7060
  1.8720
  2.5280
  2.5920
  5.0360
  5.4960
  9.7060
 15.1240
 16.3020
 16.6840
 17.1200
 17.4900
 17.9960
 18.0000
 18.1080
 18.8100
 18.9880
 20.7240
 21.6060
 22.0100
 22.0800
 22.7800
 23.0020
 23.1680
 25.2220
 26.6720
 26.7260
 27.1440
 30.1400
 32.8720
 33.0700
 33.5040
 35.0380
 36.2700
 38.0620
 38.6440
 40.2580
 40.6280
 41.4940
 42.4000
 48.9220
 50.2680
 53.1260
 55.7560
 59.6460
 60.3860
 61.6540
 62.3700
 64.9440
 68.1340
 73.2540


#Top pat = 47
-96.1360
-57.8580
-57.4000
-57.3980
-56.0500
-55.9540
-53.4440
-51.6380
-50.5660
-46.8420
-46.5000
-46.4360
-42.5120
-40.9120
-39.6440
-38.4380
-36.4700
-33.5380
-32.1340
-28.7100
-24.9820
-22.3800
-21.6620
-21.1920
-21.0980
-20.8820
-18.5380
-17.5520
-17.0120
-16.9280
-16.5100
-15.9980
-14.5060
-12.7180
-12.2280
-11.8480
-11.6300
-11.4180
 -9.5800
 -8.2220
 -7.3940
 -7.2060
 -5.6240
 -5.2240
 -3.3200
 -2.7600
 -1.4400
 -0.4500
 -0.0700
  0.8000
  3.4340
  3.9600
  4.2680
  5.8200
  7.3520
  7.3560
  8.3900
  9.6960
 12.2320
 18.1060
 18.9060
 19.1260
 20.2580
 21.2480
 21.8300
 23.3000
 23.3880
 24.0820
 24.7860
 25.4780
 26.7940
 27.3620
 28.2240
 29.5520
 30.2620
 31.0720
 31.4100
 32.9860
 34.2800
 35.3180
 35.6820
 35.8200
 37.7520
 38.8920
 41.0000
 43.4560
 44.5180
 44.6880
 45.0000
 47.2120
 48.8820
 50.7840
 54.8780
 55.0600
 55.9260
 57.6160
 58.2180
 63.0480
 63.5560
 80.5800


#Top pat = 48
-95.4840
-86.0600
-62.4880
-62.1560
-61.5880
-59.0980
-54.2880
-51.4980
-51.3960
-47.9180
-44.9400
-44.1440
-44.1220
-42.5540
-41.5100
-40.3220
-40.1560
-36.9480
-35.6620
-33.7140
-33.3920
-32.5160
-31.9800
-29.3620
-28.6780
-27.3880
-27.0180
-25.2780
-24.9880
-23.9000
-23.4740
-21.5960
-21.3640
-21.2540
-20.9080
-20.7440
-19.2340
-17.1260
-16.6880
-13.2160
-12.5900
-12.3860
 -7.9020
 -7.7900
 -3.9520
  0.0280
  1.3600
  1.6920
  3.3380
  4.4940
  5.3480
  5.3740
  5.3980
  6.3940
  6.8920
  9.9160
 11.2860
 11.6420
 12.4320
 12.7800
 13.7100
 14.2620
 14.7720
 14.9280
 15.0300
 15.5140
 17.1260
 19.1200
 19.6900
 19.8780
 20.8500
 21.3520
 22.2960
 22.3480
 25.6960
 26.8620
 27.5260
 27.9460
 28.2660
 28.7520
 30.5600
 31.4920
 31.9760
 32.2640
 33.9280
 34.4600
 36.3180
 36.8200
 40.7840
 42.8220
 44.3480
 44.7560
 48.9260
 51.6160
 54.9780
 56.2580
 56.5780
 56.8620
 65.1100
 84.2160


#Top pat = 49
-102.5980
-67.6340
-67.1580
-57.0160
-56.6760
-50.5280
-50.0840
-49.7240
-43.8360
-42.9400
-38.4680
-38.4520
-38.3220
-37.9640
-37.6380
-33.5340
-32.1080
-31.6780
-31.4360
-29.5360
-27.8620
-26.6340
-26.1120
-25.1520
-23.7000
-23.5040
-23.3840
-23.2380
-23.1160
-22.9040
-22.3100
-22.1040
-21.6480
-20.7640
-19.8480
-18.3880
-17.2540
-15.1640
-15.0560
-13.0080
-12.5640
-11.0040
-10.3460
-10.1600
 -9.9060
 -9.4700
 -9.3680
 -8.4200
 -8.1620
 -7.9800
 -7.9400
 -7.7060
 -6.7940
 -4.1280
 -3.8020
 -0.0260
  3.4380
  4.6460
  5.3920
  9.6760
 10.2220
 11.0880
 11.2280
 11.5940
 11.8920
 13.2400
 14.1860
 15.9040
 16.6220
 16.6480
 17.1340
 17.2280
 17.4820
 18.5760
 19.3660
 20.2560
 20.8000
 22.0020
 22.2400
 22.7780
 24.3200
 24.6120
 24.8440
 25.0980
 25.9920
 29.4040
 29.8720
 30.6520
 33.1060
 34.8460
 35.9300
 37.8260
 38.1120
 38.7060
 42.0140
 42.6560
 44.3020
 47.4460
 72.3540
 85.4480


#Top pat = 50
-87.7080
-70.2580
-65.6100
-61.4240
-59.1660
-58.1460
-47.3840
-46.0240
-44.4220
-41.8760
-38.3480
-37.1440
-35.8920
-34.9000
-33.9400
-31.7480
-30.1500
-29.0860
-27.9940
-27.8700
-26.5540
-26.5000
-25.6080
-25.4980
-23.7320
-22.7500
-22.5480
-21.6460
-19.6440
-19.3920
-19.3200
-16.7380
-16.3020
-14.0820
-13.4760
-13.0820
-12.8500
-11.9640
-11.5460
-10.6580
 -9.8000
 -8.9400
 -7.6220
 -6.7280
 -6.7000
 -5.6440
 -4.2780
 -3.7160
 -2.9440
 -2.5320
 -0.1220
  2.2580
  4.4940
  8.5800
  9.6900
  9.7240
 10.9200
 11.2580
 12.1220
 12.7420
 13.1400
 13.2740
 14.6360
 16.3980
 22.5620
 22.8780
 23.1100
 23.1480
 24.0580
 24.2120
 25.0580
 25.9440
 26.1920
 26.4600
 27.0480
 27.8600
 31.1420
 32.5560
 34.4380
 35.5720
 36.6680
 37.7340
 37.9180
 40.4960
 41.0920
 41.1220
 41.3160
 41.9440
 42.3660
 45.2180
 49.6260
 49.6340
 49.6960
 53.6240
 54.0380
 55.2320
 56.3300
 60.6820
 66.3060
 73.4140


