#..\..\Net100seed42.net EP02delta0.1Input0.5.train 42
#Top pat = 1


#Top pat = 2


#Top pat = 3
-56.0160
-52.8500
-52.1720
-51.7980
-51.6960
-51.6660
-51.5900
-51.5480
-51.2480
-51.1760
-51.0560
-50.2020
-26.9680
-25.0940
-23.9960
-23.1660
-22.5280
-19.9320
-19.8380
-19.7560
-19.6500
-19.2460
-19.2220
-19.1800
-19.1000
-18.9320
-18.7080
-18.5980
-18.1040
-17.5240
-17.2180
-16.6260
-15.9920
-15.8120
-15.7780
-15.6480
-15.5920
-15.4960
-15.3940
-15.3440
-15.2620
-15.1780
-15.1620
-15.1320
-15.1080
-14.9780
-14.9340
-14.4600
-14.3900
-11.3040
 -7.6300
 -6.6040
  4.7440
 13.1620
 13.5060
 14.1760
 14.4380
 14.5320
 14.6180
 14.6720
 14.7320
 14.7780
 14.9020
 15.0840
 15.4120
 15.4740
 15.6740
 15.7800
 15.7800
 16.0720
 16.1000
 16.9480
 17.6760
 17.7360
 17.7860
 17.9120
 18.1480
 18.2960
 18.3200
 18.3740
 18.9280
 19.5360
 19.7120
 24.6020
 25.5400
 50.4720
 50.9160
 50.9760
 51.0140
 51.1560
 51.2500
 51.3940
 51.3980
 51.5900
 51.7120
 51.7160
 52.3240
 56.0000
 59.1060
 60.0700


#Top pat = 4
-54.2000
-53.3040
-48.8980
-48.8820
-48.7960
-48.7560
-48.6200
-48.4840
-47.6180
-29.0280
-26.6760
-26.4780
-26.0000
-24.0560
-22.9240
-22.7320
-21.8480
-21.3340
-20.9280
-20.8720
-20.7500
-20.6220
-20.5460
-20.3100
-19.9000
-19.3000
-19.1100
-18.3460
-15.9580
-15.6060
-15.5900
-15.5640
-15.4200
-15.1920
-14.9680
-14.9360
-14.8020
-14.7420
-14.6840
-14.4600
-13.8900
-13.5960
-13.1320
-11.4300
-11.1820
-11.0760
-10.8900
-10.6180
-10.2500
 -9.6200
 -9.2780
 -8.8200
  4.8760
  9.5860
  9.5880
 10.3200
 11.1260
 11.1860
 11.2820
 11.8600
 13.3380
 13.8040
 13.9220
 13.9420
 14.3780
 14.3860
 14.5320
 14.6240
 14.7440
 15.0460
 15.1260
 15.6160
 18.0260
 19.5580
 19.6940
 19.7000
 20.1660
 20.5840
 21.0780
 21.5100
 21.7200
 22.1960
 22.3040
 22.3540
 23.3160
 24.2760
 29.6500
 29.7880
 46.9900
 48.3760
 48.4220
 48.7400
 49.2160
 50.6700
 50.8660
 52.7000
 53.0260
 55.9820
 56.2140
 56.6580


#Top pat = 5
-56.9280
-56.6420
-54.3820
-52.1480
-49.6180
-49.5940
-48.9020
-48.7800
-46.7780
-45.2900
-45.0840
-28.3780
-27.5740
-27.4380
-26.6820
-26.4880
-26.2240
-23.3860
-23.0100
-22.7260
-20.0160
-19.5640
-19.4920
-19.1580
-18.8500
-18.6860
-18.6620
-18.2460
-18.0740
-17.8640
-17.7340
-17.2280
-17.0640
-15.8420
-15.0920
-14.2940
-12.3440
-11.1480
-10.9460
-10.5180
-10.4240
-10.2840
-10.2340
-10.0340
 -9.9900
 -9.1300
 -7.9600
 -3.1140
  3.0840
  6.0480
  7.5580
 10.1400
 10.8340
 11.0780
 11.1580
 11.2280
 11.8400
 12.0200
 13.1660
 13.3340
 13.8920
 14.5300
 15.0300
 15.2540
 15.3460
 15.9420
 17.5720
 17.8420
 18.2080
 18.5360
 18.9100
 19.0060
 19.4540
 22.5100
 22.8320
 23.0980
 26.0460
 26.1620
 26.4720
 26.8840
 26.9760
 27.1300
 27.7800
 39.2260
 40.9560
 43.4600
 45.4780
 45.5020
 47.6180
 48.2860
 49.4880
 49.9260
 51.6780
 52.6060
 52.9860
 54.0360
 55.9140
 57.1300
 57.3720
 57.5220


#Top pat = 6
-55.7300
-53.7260
-53.3580
-52.8420
-52.5040
-50.2620
-49.9800
-49.8920
-49.3080
-48.4080
-47.7320
-31.1800
-26.7500
-26.7120
-26.2720
-26.2100
-25.8160
-25.5580
-25.2140
-23.2340
-23.2160
-23.1980
-23.1900
-22.7480
-22.3600
-21.1940
-21.1420
-20.9620
-20.3420
-20.1140
-19.3960
-19.2680
-19.0200
-18.9860
-18.4640
-17.9400
-17.3900
-16.7200
-16.2880
-16.1000
-15.1740
-14.3500
-13.5720
-13.3140
-12.4500
-11.4120
-10.2500
 -9.8320
 -8.8880
 -7.1620
 -6.7260
 -4.9980
  5.8020
  6.0220
  6.0260
  7.4260
  8.8220
  8.9200
  9.4660
  9.6760
 10.3540
 10.8660
 11.3820
 11.8880
 12.2640
 12.5340
 13.2340
 13.2620
 13.3320
 13.5900
 14.4320
 15.7640
 16.1840
 16.3300
 16.6960
 17.7100
 19.4060
 19.4460
 19.6280
 20.0640
 20.1240
 20.2900
 20.3800
 21.3800
 23.2820
 25.4620
 25.7660
 26.1560
 30.2960
 50.2040
 50.2340
 50.5340
 51.1020
 52.9140
 53.2560
 53.8740
 54.2260
 55.2380
 57.1940
 58.4860


#Top pat = 7
-59.7480
-50.7280
-49.0920
-48.4620
-48.1580
-47.1840
-45.9640
-44.3940
-44.1080
-42.7060
-41.0680
-40.9460
-38.3620
-37.1500
-36.6660
-34.9740
-34.9720
-34.7440
-30.9780
-30.8420
-30.0820
-27.4320
-27.1900
-26.0620
-23.3520
-23.1540
-21.6420
-21.4220
-20.1860
-20.1520
-19.0080
-18.2680
-16.5440
-14.8840
-12.6680
-11.5780
-10.6880
 -9.7640
 -5.3140
 -5.1200
 -5.0580
 -4.9200
 -4.8900
 -4.2040
 -2.6700
 -1.7060
 -0.6680
  0.0860
  1.6960
  2.1900
  2.8220
  3.8980
  4.1560
  6.4620
  6.6420
  6.8460
  7.1140
  9.5260
 11.0880
 11.2200
 14.7160
 19.7040
 19.8500
 21.8320
 23.2080
 26.0000
 26.1540
 27.3780
 29.6260
 29.7540
 30.0260
 30.4220
 31.3920
 35.9780
 36.8100
 36.8800
 36.9600
 37.5060
 40.3200
 40.9460
 42.4140
 42.9580
 43.2480
 44.0660
 47.1220
 47.7580
 48.1280
 48.3760
 48.4840
 49.9980
 50.8300
 52.6000
 53.9740
 57.5720
 57.9000
 58.5500
 59.6840
 61.4960
 63.8300
 65.5320


#Top pat = 8
-57.8700
-53.8720
-49.1740
-48.9700
-47.9980
-47.8740
-46.7520
-45.2980
-44.6300
-42.9840
-41.9060
-40.2180
-36.0640
-35.8760
-33.8400
-30.9520
-30.0580
-28.3880
-27.4540
-26.9760
-26.9000
-26.6520
-26.4600
-24.4760
-21.5340
-21.2780
-20.1700
-18.2980
-17.9580
-16.9400
-15.6900
-15.2500
-13.8920
-13.5960
-12.9240
 -9.4140
 -7.6500
 -6.3380
 -3.8140
 -3.2740
 -2.0440
 -1.8680
 -1.4260
  0.0040
  1.2100
  1.5480
  1.7440
  3.1800
  4.4740
  9.4760
  9.6140
 10.2760
 10.6060
 11.2080
 12.4120
 12.6360
 12.7660
 14.2080
 16.0260
 17.9100
 18.6800
 20.1300
 21.8000
 22.2540
 22.4880
 22.7160
 24.8380
 25.1660
 25.3280
 25.5160
 25.8100
 26.6460
 28.4380
 30.0900
 32.8440
 35.6540
 36.0540
 36.5200
 38.4920
 38.6040
 38.6700
 40.2820
 42.5980
 44.6400
 45.1520
 45.6140
 46.6640
 47.3480
 49.5120
 49.9860
 49.9960
 50.5500
 51.6260
 51.6560
 52.7060
 52.9020
 53.5820
 56.9340
 68.2540
 70.7340


#Top pat = 9
-48.8740
-48.1660
-46.2080
-43.5800
-40.0780
-38.9340
-37.4840
-36.2440
-34.3760
-33.5540
-33.4040
-32.8020
-31.8320
-30.8940
-29.1740
-25.4200
-25.2380
-24.5820
-24.4860
-24.0100
-23.5800
-23.4640
-21.3120
-20.9460
-19.9720
-19.1440
-18.4060
-15.7660
-14.8980
-13.1080
-12.3580
-11.0340
-11.0120
 -9.5340
 -8.8640
 -8.5080
 -8.2980
 -7.7340
 -7.6160
 -6.9180
 -5.9260
 -5.3400
 -5.2720
 -5.2280
 -2.9480
 -2.5760
 -1.0800
 -0.8220
  3.0760
  6.4860
  6.6740
  9.4680
  9.8460
 10.0440
 11.3040
 11.9340
 12.1160
 14.4240
 15.2920
 15.4000
 17.2280
 17.4960
 18.3760
 19.0320
 21.6140
 22.1020
 22.3000
 24.5560
 26.6220
 27.3040
 27.5060
 29.2060
 30.0660
 31.4580
 32.7640
 33.0020
 33.8040
 34.8720
 37.5160
 38.3980
 39.8420
 40.2480
 42.7820
 43.0460
 43.0880
 43.9200
 44.1140
 44.3640
 46.2980
 47.5880
 48.1860
 51.1520
 54.3860
 54.4640
 54.6380
 57.3040
 60.9720
 67.4160
 76.4020
 85.9060


#Top pat = 10
-75.2040
-67.6740
-63.4900
-61.1320
-61.1220
-57.6360
-53.7840
-49.5560
-47.1360
-46.9560
-45.7140
-44.8980
-44.7860
-44.2960
-44.2960
-43.8460
-43.4720
-43.3240
-43.0600
-41.7420
-40.7020
-39.3200
-38.4860
-37.9280
-37.5440
-36.7440
-36.7300
-35.7700
-35.6760
-34.9540
-34.9480
-31.9720
-31.4140
-31.3440
-31.3080
-29.6080
-27.2420
-26.6520
-25.7880
-23.1920
-23.1120
-23.1060
-21.0280
-19.8500
-17.9940
-15.5760
-11.9260
 -9.0280
 -6.7340
 -5.9100
 -4.5740
 -3.1120
 -2.5700
 -1.7840
 -1.7820
 -1.7100
  4.6240
  7.4200
  7.7400
 13.4840
 13.6840
 13.8560
 15.2240
 15.4680
 15.6300
 17.0640
 19.3180
 19.9900
 20.3760
 20.7280
 20.8540
 20.9520
 22.5560
 23.8880
 23.9900
 25.5300
 25.8160
 26.0540
 28.0520
 28.1780
 29.3040
 29.7020
 31.3460
 31.5700
 33.1360
 34.0880
 36.5640
 36.6000
 38.0080
 38.2100
 44.0840
 44.2920
 44.3860
 46.3820
 46.5400
 48.4900
 50.1560
 54.9040
 60.0320
 60.2100


#Top pat = 11
-54.4880
-52.2560
-50.4100
-47.1840
-44.9620
-40.1660
-38.7500
-38.1380
-36.6260
-36.0580
-35.9820
-32.3240
-31.7320
-31.5920
-28.0660
-27.9980
-26.0180
-24.6360
-23.5520
-23.1380
-22.5440
-20.8160
-19.9500
-19.4740
-19.3880
-17.9840
-17.8060
-17.4840
-16.3320
-15.8580
-15.7000
-14.5340
-12.3820
-11.7640
-11.3580
-10.1020
 -9.1640
 -8.8160
 -8.2240
 -7.7280
 -6.9620
 -6.5000
 -5.9300
 -5.1280
 -4.8020
 -4.4720
 -3.3340
 -2.6980
 -2.1900
  3.2460
  3.8260
  5.3220
  6.0940
  8.9680
 11.0120
 11.6500
 12.7700
 13.5160
 18.6380
 18.6420
 18.9140
 19.5140
 20.7580
 20.9420
 23.2260
 24.7920
 26.1560
 26.8140
 27.1940
 27.2980
 27.8140
 27.8380
 29.7580
 30.0800
 30.7100
 30.8600
 31.2400
 34.2440
 34.9380
 36.9120
 38.8040
 38.8380
 42.0760
 42.2320
 42.3880
 42.9400
 46.1900
 46.2180
 46.7880
 49.2580
 50.5200
 52.0140
 55.1180
 55.7840
 57.7360
 58.1000
 61.7480
 67.4960
 73.9240
 88.7740


#Top pat = 12
-67.2240
-66.6600
-54.8740
-48.2540
-47.7240
-46.1080
-44.9620
-44.6700
-43.8280
-41.3320
-39.0400
-38.8340
-36.9620
-36.3540
-32.9820
-29.7100
-29.6440
-28.0380
-27.3820
-26.4800
-25.2600
-22.3420
-21.7240
-20.9340
-20.9120
-20.7900
-20.3740
-19.7860
-18.8780
-16.9560
-16.5640
-16.1860
-14.8680
-13.4840
-13.1280
-12.6000
-10.1920
-10.1300
 -9.6880
 -9.3640
 -8.6100
 -7.7340
 -7.6240
 -6.2220
 -5.8300
 -5.6300
 -3.8260
 -3.6240
 -3.1220
 -2.3540
 -1.6660
 -0.9640
  3.7940
  4.2420
  4.8480
  5.1040
  5.7300
  6.6440
  7.6500
  9.3640
 10.4240
 10.5640
 10.7060
 12.1420
 13.8000
 15.3040
 15.6480
 16.2960
 16.4840
 19.1220
 20.4560
 21.3940
 21.9360
 23.5140
 24.2520
 25.4320
 25.9180
 26.3880
 28.0620
 28.4540
 29.0500
 30.3300
 31.5760
 31.5980
 36.6300
 37.1600
 37.8000
 39.4040
 40.5800
 40.8700
 41.4920
 41.7840
 44.9060
 45.1900
 46.4600
 48.7080
 49.9240
 49.9300
 52.8040
 56.8740


#Top pat = 13
-84.4960
-68.4800
-65.1500
-62.9740
-56.4360
-44.9620
-42.2860
-41.7800
-40.8900
-40.6880
-39.9620
-38.7140
-38.5840
-37.7340
-36.9120
-36.4960
-36.1140
-36.0340
-36.0120
-34.7680
-34.6000
-33.5880
-33.1940
-33.0660
-31.5340
-30.9540
-30.3900
-30.3600
-28.8360
-27.5660
-27.5340
-25.5720
-24.0060
-23.6900
-23.0300
-22.4320
-19.6220
-17.5420
-17.3480
-17.0880
-15.7920
-14.2980
-13.6080
-12.3320
-11.7500
-10.7040
 -9.3640
 -5.2300
 -5.0540
 -4.6900
 -3.4180
 -2.6900
  1.5540
  3.3900
  3.4700
  3.6220
  5.9240
  6.2620
  6.3620
  6.8860
  8.2080
  8.9880
  9.7140
 11.3240
 11.4880
 13.6860
 14.2640
 15.8620
 16.6380
 18.3520
 18.5520
 18.8280
 19.8640
 19.8740
 20.1180
 22.0680
 22.1840
 22.3460
 22.9860
 23.4520
 24.5300
 25.1600
 25.1780
 25.6000
 27.1780
 28.3820
 29.7780
 32.8220
 34.0080
 34.6260
 35.9820
 36.7660
 38.4560
 39.1020
 43.9700
 44.4620
 48.6260
 57.3480
 59.4540
 61.4140


#Top pat = 14
-64.3700
-58.9820
-54.3420
-51.8580
-42.9400
-42.2680
-38.1020
-38.0580
-37.1360
-36.6560
-34.0440
-33.6300
-33.0220
-30.8300
-29.8560
-28.7000
-28.2160
-27.3180
-27.1800
-24.8760
-24.7760
-24.5380
-24.0900
-24.0400
-23.4880
-22.9320
-21.7080
-21.0680
-19.7160
-18.3340
-15.1240
-15.0000
-14.4360
-13.2080
-12.9260
-12.8740
-12.1700
-11.3760
-11.1540
-10.5160
-10.3140
 -9.9880
 -8.7660
 -8.7120
 -8.1180
 -8.1020
 -6.7240
 -4.4220
 -2.6520
  2.6740
  3.1340
  3.9540
  5.1900
  7.0340
  7.3880
  7.7060
  8.6940
  9.5520
 10.9220
 11.6560
 12.4360
 14.2440
 14.7560
 15.6840
 15.7840
 15.8800
 17.7440
 19.2280
 19.3000
 20.4780
 22.1240
 23.9920
 24.2980
 25.8000
 25.8840
 26.7280
 26.8000
 29.4540
 30.6100
 33.1700
 35.8080
 36.4400
 36.6560
 37.6960
 37.8840
 38.3260
 38.9580
 42.3420
 43.9220
 46.0340
 47.2140
 47.6460
 49.7820
 51.7520
 52.5780
 52.9140
 54.3120
 66.8000
 71.1740
 85.0140


#Top pat = 15
-75.4740
-67.6960
-62.2260
-59.7820
-57.1540
-55.9640
-51.8040
-43.9440
-43.0540
-42.4900
-42.4180
-42.1080
-41.6140
-39.9680
-36.5760
-32.7740
-31.4340
-31.1560
-31.0140
-30.2220
-27.0480
-26.9340
-25.4520
-24.3880
-23.8180
-23.0520
-21.4480
-21.1820
-21.1160
-19.9020
-19.2300
-18.7320
-18.4620
-17.1780
-17.1120
-13.9280
-12.9680
-12.8820
-12.3800
 -9.2300
 -8.2260
 -6.8900
 -6.7980
 -5.8960
 -5.6000
 -4.1920
 -1.5900
  0.0180
  0.2360
  2.5840
  3.0720
  3.4420
  3.5360
  4.8020
  6.2580
  6.5820
  8.5180
 10.6780
 10.8860
 12.6380
 13.2400
 13.3540
 13.3700
 14.9520
 17.0060
 18.4040
 19.4240
 20.9360
 22.0300
 24.4560
 24.9520
 25.4580
 25.8000
 26.3940
 26.5820
 26.7340
 26.7780
 27.8780
 27.9200
 29.6320
 31.5660
 34.8180
 37.6360
 37.7720
 37.9760
 39.1640
 39.2020
 41.2060
 44.2040
 44.2980
 44.6780
 45.3900
 45.9440
 49.7920
 49.9080
 52.8780
 54.7940
 59.5380
 61.2060
 64.3780


#Top pat = 16
-72.9420
-55.4620
-53.3800
-46.6600
-45.4920
-42.8980
-41.5080
-36.6860
-36.6080
-35.7800
-33.5320
-31.3780
-29.9420
-29.8340
-28.6080
-28.4880
-28.4020
-27.6360
-27.5740
-26.7180
-26.0760
-25.6560
-25.1060
-23.2940
-22.8220
-21.0340
-19.5960
-19.5820
-19.3380
-18.7480
-18.2640
-18.2340
-17.2540
-13.9520
-12.9280
-12.8880
-11.3200
-10.3460
 -9.4360
 -9.0940
 -6.8760
 -5.4480
  1.0680
  3.4280
  5.7520
  7.5720
  9.5020
  9.6380
  9.8760
 10.9220
 11.0940
 11.3080
 12.3200
 12.3740
 12.5000
 13.2420
 13.4480
 13.5320
 13.6920
 14.0300
 14.9700
 15.1740
 15.7760
 16.4320
 16.4620
 17.4060
 17.8100
 20.0860
 21.5460
 22.2700
 25.1340
 26.2340
 26.6460
 27.1400
 28.8800
 29.0420
 30.2200
 30.6980
 30.7120
 30.7760
 30.9540
 32.7520
 34.0360
 36.3740
 36.7780
 36.8180
 38.1880
 40.3360
 41.9500
 44.1540
 44.4580
 46.3280
 52.1120
 52.2220
 54.7120
 58.1080
 63.1760
 75.8120
 78.8060
 80.9320


#Top pat = 17
-74.1820
-56.4380
-54.5300
-52.6820
-52.6000
-51.4880
-51.4760
-45.2940
-44.4820
-43.0360
-39.6700
-38.2840
-36.6980
-34.7180
-33.9400
-32.7780
-31.9380
-31.0320
-31.0000
-29.9160
-28.1640
-27.6660
-26.7020
-25.5340
-24.1080
-23.9980
-23.8880
-23.8420
-23.3760
-22.3020
-21.6620
-21.1280
-21.0960
-19.3400
-18.9380
-17.4620
-16.9800
-15.8520
-15.7480
-15.7240
-15.3320
-12.8760
-12.3420
-12.2680
-12.1640
 -9.5440
 -6.5980
 -4.8020
 -3.1800
 -3.1560
  2.2420
  3.8740
  6.6220
  7.3540
  8.8220
  9.3460
 12.1080
 14.8640
 14.9340
 16.0540
 16.4500
 17.0900
 17.7180
 18.8420
 19.0040
 19.7420
 19.8020
 20.2020
 20.6560
 20.6800
 21.0500
 21.5760
 23.7980
 23.9480
 24.1460
 24.1700
 24.9100
 26.1700
 26.2280
 27.3860
 28.4840
 30.6160
 32.1640
 32.3820
 32.6700
 32.7660
 33.7520
 35.8000
 36.6320
 37.5020
 37.8140
 39.5120
 43.8720
 44.9040
 45.8140
 47.5720
 50.9960
 56.6320
 63.4400
 69.2400


#Top pat = 18
-85.3720
-71.2600
-65.0420
-61.7700
-58.6680
-57.0860
-54.7200
-54.1160
-50.5100
-49.1820
-47.4020
-46.0640
-45.8900
-45.3400
-45.0840
-45.0720
-44.0560
-43.0500
-42.0480
-41.4620
-39.0860
-37.1740
-35.8500
-35.6820
-34.8420
-24.5340
-23.7760
-23.7460
-22.7120
-22.3900
-21.6760
-20.9620
-18.5480
-17.4040
-17.0720
-16.0200
-15.8960
-15.2880
-14.4080
-14.1660
-13.8120
-12.8060
-12.3240
-12.1760
-11.5180
-11.2080
-11.0900
-10.9400
-10.2420
 -8.3360
 -5.3380
 -4.4300
 -4.0180
  3.1060
  4.0060
  7.9140
  8.7560
  9.2220
 10.4260
 10.5020
 11.0320
 12.0200
 12.0280
 12.5700
 12.8620
 14.2020
 14.5020
 15.8040
 16.2380
 17.0660
 18.2820
 18.7780
 19.3800
 19.7660
 24.0920
 24.3960
 24.4900
 25.2740
 25.8220
 28.2500
 29.4500
 30.3240
 30.8040
 31.3640
 34.2000
 34.2200
 35.1400
 35.4140
 35.5060
 37.0400
 40.5080
 43.5240
 44.9940
 45.2780
 47.6620
 49.3800
 56.2520
 62.1900
 64.6180
 69.8000


#Top pat = 19
-68.6360
-64.5480
-62.6940
-55.8000
-55.5380
-51.2920
-51.2320
-47.4300
-44.3840
-43.5040
-41.3240
-40.1620
-39.7680
-39.7120
-38.7160
-38.6340
-37.6460
-33.3880
-31.1300
-30.9980
-29.2220
-29.1340
-27.4880
-26.2260
-26.1560
-25.0400
-24.8980
-24.3820
-23.8440
-22.3300
-21.9720
-18.9380
-18.8800
-17.3560
-14.7340
-14.6860
-13.1180
-12.0820
-10.4020
-10.1940
 -7.7240
 -5.7340
 -5.7160
 -5.6360
 -5.4020
 -4.6400
 -0.5680
  0.2620
  1.6780
  1.8080
  2.4360
  5.5980
  5.7820
  5.8180
  5.9720
  7.2180
  7.6380
  8.6300
  9.9460
 15.1560
 15.3340
 15.6140
 16.5600
 17.4220
 19.7320
 20.4080
 20.4460
 20.4600
 21.1780
 22.6200
 23.2100
 24.1680
 24.8800
 25.1660
 27.1560
 27.7840
 29.3100
 30.0060
 30.6340
 32.8460
 33.4000
 35.5300
 39.0320
 40.7360
 42.6940
 42.7580
 43.8360
 44.4400
 45.4440
 47.3240
 47.3480
 48.1460
 48.3600
 48.7880
 49.0120
 52.1620
 52.9920
 54.8800
 54.9380
 71.2600


#Top pat = 20
-71.9500
-71.5420
-64.8580
-60.2420
-59.5020
-57.6040
-56.9040
-46.7680
-44.5240
-43.5480
-42.1060
-41.1080
-40.5700
-40.2880
-40.2420
-38.7340
-37.9480
-37.3160
-37.0860
-35.2380
-33.0220
-30.6740
-30.0140
-29.9840
-29.0980
-28.7680
-27.9700
-27.2160
-26.8500
-26.8460
-25.9240
-25.5380
-25.4240
-25.0780
-24.3380
-24.2540
-24.0360
-22.6420
-22.4280
-21.5720
-20.0900
-20.0520
-19.0160
-18.2900
-15.5580
-14.5120
-14.1220
-13.0460
-12.0200
 -8.6520
 -7.2960
 -6.7940
 -6.2620
 -4.7700
 -3.4900
  4.4000
  6.0520
  6.9480
  8.8320
  9.3760
  9.7660
 10.1560
 11.0920
 13.3380
 13.9880
 16.1440
 17.3840
 17.4120
 19.7700
 20.4360
 21.4180
 22.1900
 24.5540
 25.1860
 26.5260
 27.3580
 30.2120
 31.7640
 33.8420
 34.4420
 34.4980
 36.2360
 36.7540
 36.9460
 37.0540
 37.6380
 40.5060
 41.8040
 44.8200
 46.1320
 46.9920
 47.2860
 49.1360
 57.7500
 58.5580
 59.1320
 61.6120
 63.5160
 63.7260
 63.7600


#Top pat = 21
-80.2860
-74.7920
-67.8060
-63.5960
-61.2440
-57.2820
-57.0880
-51.7700
-50.9080
-50.7780
-50.6200
-47.1920
-43.8160
-43.2780
-43.2480
-42.9200
-41.0540
-40.1820
-39.7480
-37.3420
-36.7120
-34.7820
-34.1580
-33.4000
-33.1760
-33.0080
-32.1140
-31.8020
-31.5020
-29.5420
-27.4540
-27.1480
-26.4240
-25.8940
-24.9860
-24.9020
-24.0080
-20.6060
-19.3040
-17.9580
-15.6960
-15.3820
-12.4380
 -9.5620
 -7.3260
 -4.9800
 -4.5720
 -3.9020
 -2.4360
 -1.2080
 -0.9240
  1.7360
  2.6740
  3.2380
  4.8140
  7.0640
  7.9780
  8.2660
  8.3040
  9.2020
  9.9160
 11.2480
 11.2680
 11.9920
 15.8480
 16.3900
 19.1400
 19.5520
 19.5700
 20.3200
 21.0700
 22.0800
 25.0860
 25.2860
 26.9440
 28.0240
 28.4580
 28.8800
 29.4560
 29.5160
 31.1800
 32.5680
 32.9320
 32.9400
 34.1540
 36.5740
 36.8180
 36.9840
 37.4180
 37.6580
 38.1000
 41.0160
 41.9740
 44.0980
 44.8960
 45.9600
 47.9240
 52.6300
 60.5400
 65.5960


#Top pat = 22
-73.7460
-66.7080
-65.0660
-63.1040
-56.5140
-56.1180
-56.0120
-52.7560
-52.5640
-51.2600
-44.5100
-43.4000
-41.2900
-40.8480
-40.2980
-37.2240
-37.0160
-36.8660
-36.7720
-34.2340
-31.3400
-29.5800
-27.1340
-26.6500
-26.2300
-25.4960
-24.1980
-22.4240
-22.3180
-22.2500
-21.2740
-20.3320
-19.9660
-19.9280
-17.3140
-17.1060
-15.2880
-14.6960
-13.6480
-13.3540
-12.5540
-11.1540
 -9.2700
 -7.8460
 -7.8380
 -6.6940
 -4.7200
 -3.0600
 -0.9580
  2.0160
  6.0660
  8.3200
  8.7680
  9.3220
  9.4820
 10.0900
 11.8080
 12.7820
 14.4940
 14.5000
 16.2480
 17.0480
 18.1540
 19.0980
 19.3900
 19.8460
 20.7640
 20.8420
 21.5720
 21.7000
 23.0120
 24.7840
 25.2440
 26.1120
 27.6300
 29.8360
 30.0500
 30.8900
 32.5660
 32.7500
 35.1740
 36.2860
 37.8760
 38.0340
 38.3600
 41.7840
 42.1000
 46.7540
 46.7580
 47.8740
 48.2520
 48.2600
 48.2720
 49.4800
 50.9620
 51.9420
 53.9940
 57.9060
 60.4800
 64.3520


#Top pat = 23
-72.5020
-56.6060
-50.0020
-49.4500
-48.8240
-47.4380
-47.1580
-46.7960
-44.3560
-42.6380
-42.5960
-41.5380
-40.8760
-39.3500
-39.1320
-37.7040
-37.3980
-36.8720
-36.5460
-35.8660
-35.6500
-32.8260
-32.7760
-30.4300
-29.3580
-27.8800
-27.2240
-26.8600
-25.9440
-25.1740
-25.1440
-24.6280
-23.4000
-19.7300
-19.6280
-17.9420
-15.3480
-11.4220
-10.2540
 -9.8340
 -9.3720
 -8.7680
 -8.4540
 -7.9380
 -6.0980
 -4.6340
 -2.7260
 -0.1880
  2.9260
  4.1080
  4.3720
  5.1300
  5.9180
  6.1260
  8.6700
  9.3180
 10.1720
 11.6860
 12.1800
 15.8040
 15.9720
 16.2040
 16.4260
 18.7500
 18.7640
 19.3040
 20.6500
 21.1740
 21.1800
 21.3520
 22.4920
 23.9660
 25.3400
 25.7200
 25.7360
 25.8320
 26.6280
 27.8340
 28.1740
 30.1780
 33.7600
 35.1340
 35.2820
 35.4840
 35.5980
 35.6440
 37.8920
 38.4280
 39.0800
 40.0680
 40.5280
 41.0900
 42.4520
 45.6500
 46.2080
 49.4180
 51.3540
 51.4720
 55.8600
 61.5340


#Top pat = 24
-60.5240
-59.7380
-57.4500
-53.1180
-52.1600
-52.1260
-49.0160
-47.9620
-47.2980
-46.0220
-45.6060
-41.2700
-38.3520
-37.6520
-37.0240
-35.7280
-35.6380
-35.2820
-34.9860
-32.8220
-32.8000
-30.9320
-30.7080
-30.4320
-29.9320
-29.6020
-28.9800
-27.5580
-26.8260
-24.9560
-22.3360
-21.0180
-19.8600
-19.4020
-19.3360
-19.1420
-19.0420
-17.9540
-17.8600
-17.5820
-16.3180
-16.1400
-13.2040
-12.9820
 -8.8960
 -7.4800
 -6.2840
 -4.3720
 -0.4300
  0.3920
  2.6880
  4.0600
  6.0980
  6.9720
  8.7320
 10.1520
 11.5000
 12.5620
 13.0020
 14.7680
 15.1300
 15.7520
 16.3100
 16.9060
 17.7100
 18.0220
 18.5540
 18.9240
 19.6940
 20.2920
 20.8280
 20.8420
 21.2460
 21.3400
 21.3460
 22.9640
 23.3200
 25.2420
 26.0980
 26.6280
 27.8160
 28.3240
 28.4440
 30.1840
 30.8200
 31.5720
 31.6000
 32.9560
 33.4320
 36.1600
 37.7160
 38.7800
 39.8180
 39.9520
 40.8540
 44.2480
 50.1380
 51.5880
 55.1680
 71.2040


#Top pat = 25
-81.8400
-71.6800
-70.9640
-65.2200
-61.8240
-60.6500
-59.1900
-56.2200
-56.1980
-55.5900
-52.3060
-50.9400
-40.5240
-38.4120
-36.6620
-36.5120
-35.9360
-34.1160
-33.5380
-31.8060
-29.8820
-28.9420
-28.8160
-26.5100
-26.2520
-24.7720
-23.4180
-21.7860
-21.5440
-21.4480
-20.7060
-20.1840
-18.5620
-18.3080
-16.9320
-14.6340
-14.0640
-13.9380
-13.4920
-12.4140
-12.2800
-12.1320
-10.4640
-10.2260
 -9.3820
 -8.9640
 -8.4540
 -6.1920
 -5.5040
 -4.8400
 -1.7020
  3.1080
  4.3840
  4.6420
  6.5940
  9.7940
 10.1900
 10.9860
 11.4160
 13.4420
 14.3440
 15.7040
 17.4840
 17.8280
 18.9200
 19.1400
 19.4840
 20.3800
 20.6820
 21.5540
 22.1320
 22.2520
 23.8100
 25.0480
 25.1740
 25.2220
 27.4560
 28.1060
 28.2740
 33.5300
 33.5960
 35.5560
 35.9480
 36.5120
 37.7760
 39.5760
 39.7840
 39.8720
 40.3360
 41.5760
 42.9180
 45.0240
 45.3880
 45.9980
 47.8680
 51.3000
 51.9520
 52.4060
 52.8080
 66.8300


#Top pat = 26
-70.4520
-67.6960
-62.6480
-59.7540
-57.3100
-57.0180
-54.2220
-52.8220
-51.0680
-45.7420
-44.2440
-41.3740
-38.6960
-37.1380
-35.2220
-34.2860
-34.1600
-34.0160
-32.9620
-30.7160
-30.5920
-30.3220
-30.2620
-28.9640
-28.8460
-26.4420
-26.3820
-25.8200
-25.6680
-25.2620
-25.2220
-24.6340
-24.4840
-23.6640
-23.5640
-22.6740
-20.8260
-20.2980
-19.7400
-17.6480
-17.0460
-16.5640
-16.0120
-15.0020
-14.0660
-12.4740
 -9.9880
 -9.7280
 -8.2180
 -7.7660
 -5.9000
 -2.7440
 -1.0560
  0.9760
  6.2140
  8.1480
  8.7380
 11.9200
 12.2320
 12.9760
 13.5800
 13.9400
 14.0540
 14.1740
 16.2580
 18.2660
 18.3020
 18.5520
 18.5880
 18.7880
 19.3520
 20.4560
 20.9460
 21.0760
 21.7620
 22.0780
 23.3480
 23.8000
 25.2900
 26.7700
 27.3780
 27.4360
 30.1460
 30.5360
 30.5640
 32.1560
 34.0900
 34.5820
 36.1920
 36.8600
 37.7080
 42.7620
 45.1960
 47.9620
 51.8760
 52.0680
 56.4860
 56.6060
 57.2860
 73.7700


#Top pat = 27
-80.6100
-75.5200
-58.6840
-53.0100
-50.8840
-50.2820
-47.3640
-47.0940
-46.6820
-44.6740
-41.7600
-41.6460
-39.3380
-39.1980
-38.2900
-38.2460
-37.0940
-36.3880
-35.4980
-30.9220
-30.0100
-27.9780
-27.5320
-27.1400
-26.9600
-26.5160
-26.4180
-26.0560
-25.6280
-25.1440
-24.8060
-24.1420
-22.5640
-21.6080
-20.6940
-18.2420
-16.1320
-15.0700
-13.9160
-10.0620
 -9.8780
 -9.2320
 -8.4340
 -5.4460
 -4.7980
 -4.0820
 -3.3420
 -0.0640
  0.2620
  0.3000
  0.4620
  1.7340
  2.3300
  5.8040
  7.3660
  7.8500
  7.9200
  9.8920
 10.1600
 12.2020
 12.2440
 12.6000
 12.8260
 15.3020
 15.9660
 16.0620
 16.8020
 18.0880
 19.4740
 22.8260
 22.9440
 23.3720
 23.4940
 25.3580
 25.5740
 26.2480
 27.4660
 27.7060
 29.0960
 29.2980
 29.2980
 30.3920
 30.6240
 30.9740
 35.9100
 37.0500
 39.4100
 40.4880
 42.4320
 46.0320
 47.1060
 48.2120
 51.4640
 53.5360
 56.6660
 58.7080
 60.9380
 73.0560
 75.5600
 78.5980


#Top pat = 28
-81.8060
-64.6700
-62.3480
-57.2220
-52.3760
-48.4320
-48.4140
-44.9120
-43.7980
-43.4840
-42.0460
-41.4280
-37.9500
-37.2940
-33.5160
-31.8420
-31.5900
-29.9480
-29.4840
-29.0780
-28.9560
-26.6360
-26.5600
-26.2920
-25.8180
-25.7820
-24.4900
-24.2440
-21.8600
-20.8360
-20.4880
-17.0000
-16.5600
-15.1840
-13.4700
-13.3240
-12.6700
-12.3040
-10.2600
 -9.5280
 -8.0980
 -6.1620
 -3.7140
 -2.9720
 -2.9320
 -2.4120
 -1.3000
  1.3340
  1.4440
  1.5360
  3.0600
  4.3080
  6.1220
  7.4780
 10.7520
 10.7960
 12.6460
 15.9300
 16.3240
 17.0920
 17.8500
 17.9420
 18.4960
 18.8260
 19.6120
 20.4440
 22.6660
 22.8300
 22.9100
 23.0500
 25.9880
 27.5040
 28.0020
 28.1860
 28.6260
 28.9820
 30.2260
 31.4400
 31.5180
 32.2320
 32.8020
 33.7920
 34.7480
 35.9000
 38.2980
 38.4600
 39.1120
 40.3260
 40.8640
 42.1200
 44.2240
 44.6420
 47.2680
 51.0000
 51.1340
 53.6920
 57.5800
 60.9120
 68.6280
 71.7720


#Top pat = 29
-69.8360
-63.7120
-61.6840
-55.6220
-50.4580
-49.9160
-46.5560
-45.9160
-45.5060
-44.6700
-42.9220
-41.5560
-38.7880
-35.6840
-34.8280
-33.4860
-31.7640
-31.1740
-30.6220
-29.6240
-29.2660
-28.9560
-27.9720
-25.4060
-24.8460
-24.1380
-23.9780
-22.1640
-20.1060
-19.9880
-19.4040
-18.7060
-16.6200
-16.3720
 -9.8120
 -9.6520
 -6.5500
 -4.9300
 -4.6220
 -1.5600
 -1.3580
 -0.9540
  1.0680
  2.6060
  4.8760
  6.1780
  6.8420
  7.0260
  8.9440
  9.6420
 10.2020
 12.4760
 15.0360
 15.3340
 16.8260
 17.2020
 19.0380
 19.3320
 19.8120
 19.8320
 20.6640
 21.4600
 21.7220
 21.7800
 22.9420
 24.0600
 24.2500
 25.1660
 25.6060
 25.6360
 26.0320
 27.9360
 30.0620
 31.6180
 33.0460
 34.4840
 34.5200
 37.5240
 37.9580
 38.6680
 39.2040
 39.3480
 41.1300
 41.3020
 42.2360
 42.2560
 43.7800
 45.4000
 45.5660
 47.4980
 48.9220
 49.0620
 49.6880
 50.0320
 52.4400
 55.2840
 58.4020
 63.0600
 65.7260
 85.6580


#Top pat = 30
-76.1760
-61.9680
-58.7300
-57.9400
-56.8980
-56.4800
-56.0820
-46.9220
-45.8600
-44.9560
-43.6220
-40.2660
-39.4540
-38.4260
-37.8900
-37.1140
-35.2720
-34.6460
-32.0620
-31.8660
-31.0500
-30.9380
-30.3980
-29.4820
-26.2160
-25.0560
-23.7000
-23.1460
-21.6040
-20.5360
-20.0900
-20.0440
-18.8900
-18.8360
-18.1200
-17.2220
-15.4320
-14.4380
-14.0100
-13.4680
-13.1620
-12.1180
-11.9080
-11.1340
-10.1080
 -7.2760
 -5.8880
 -5.4260
 -5.3640
 -4.3340
 -1.3540
  0.3640
  0.4780
  2.5280
  5.6060
  6.9560
  8.4920
  9.3240
  9.5660
 10.6880
 11.3060
 12.2460
 13.2420
 13.3780
 15.7940
 16.0980
 16.1660
 18.8500
 19.4840
 21.3400
 22.1500
 22.9320
 24.1480
 24.2840
 24.5460
 25.0180
 26.0420
 26.2520
 28.7980
 29.1600
 29.1980
 30.6160
 31.6300
 33.7600
 34.4940
 35.0000
 35.1160
 35.9100
 36.0960
 36.7860
 37.6860
 38.3700
 39.5260
 41.5040
 52.6660
 54.8740
 55.1100
 57.6140
 58.2380
 62.3280


#Top pat = 31
-80.1180
-71.2000
-66.5220
-57.9340
-55.4080
-49.8940
-48.4840
-47.9240
-47.0860
-46.9360
-44.4240
-43.7400
-42.9500
-41.8840
-40.6040
-39.9140
-38.9900
-38.1580
-36.4960
-35.6320
-34.0460
-33.2680
-31.2340
-29.0420
-28.6440
-28.3620
-24.1860
-23.5140
-22.9540
-22.2120
-22.1760
-21.3080
-21.1720
-21.1340
-20.2800
-20.0900
-20.0140
-19.8260
-19.4480
-18.9120
-17.7400
-17.1240
-16.9180
-15.0460
-14.5600
-13.5740
-13.5460
-12.8640
-12.3900
-10.6680
 -8.5260
 -7.9580
 -3.1100
 -2.3420
 -1.4360
  1.7840
  2.4600
  6.0400
  6.3780
  6.3900
  8.0100
 12.6320
 12.8520
 13.1840
 14.4840
 15.6660
 16.3380
 16.6060
 17.0560
 17.2540
 19.2240
 19.9140
 22.3680
 24.9760
 25.4940
 27.4600
 28.3860
 29.6920
 29.9120
 30.7100
 32.2980
 33.7080
 36.4460
 38.1100
 38.4700
 39.7080
 42.6400
 46.5180
 46.8820
 47.0620
 47.3440
 47.6280
 48.1280
 49.6460
 52.0120
 53.8200
 56.4580
 57.9540
 61.2980
 64.3060


#Top pat = 32
-67.5400
-61.8980
-60.0280
-57.3320
-54.3200
-54.2300
-53.3900
-51.5180
-50.8860
-49.4620
-47.9540
-47.8780
-47.4200
-46.8360
-45.9540
-45.8200
-45.3960
-41.0120
-39.8560
-38.8720
-38.7500
-36.9100
-35.7900
-34.9000
-32.5940
-32.4540
-31.7700
-31.6140
-31.0300
-30.2600
-30.1280
-29.8420
-29.2600
-28.5280
-28.1180
-27.2500
-26.5440
-25.6360
-25.5340
-22.8160
-22.5720
-21.9980
-21.4260
-21.3560
-20.6520
-20.5060
-16.2940
-14.1220
-13.5760
-12.3040
-11.2180
 -8.7200
 -6.4380
 -1.6920
  1.8520
  2.1060
  7.1740
  7.4100
  7.5740
  7.6600
  8.8660
  8.9520
 10.4040
 11.8380
 13.3720
 13.6040
 14.1160
 14.6100
 14.9780
 15.6840
 16.5320
 16.7900
 16.9380
 17.6480
 17.7640
 18.3620
 18.9380
 20.0720
 24.2380
 24.9420
 25.7360
 26.5580
 27.4180
 30.7040
 33.9900
 34.0300
 34.0660
 36.7060
 36.9700
 37.0280
 39.9800
 39.9960
 46.4680
 46.9620
 47.7860
 49.3420
 51.2540
 70.1660
 85.2800
 86.4600


#Top pat = 33
-76.0880
-68.0600
-66.5440
-57.4260
-54.8840
-52.1800
-51.9800
-50.0080
-47.1840
-47.1380
-46.7800
-43.0480
-42.3520
-41.9200
-40.0940
-39.5300
-38.8620
-36.9500
-32.2760
-32.2480
-30.9380
-29.9760
-28.0560
-28.0080
-26.6580
-26.0700
-25.4500
-25.3720
-25.2040
-22.7680
-19.5120
-19.0560
-18.4620
-18.4020
-18.3780
-18.1760
-17.0020
-16.3660
-15.0440
-14.7040
-14.1220
-13.3980
-12.4240
 -9.7740
 -8.4000
 -8.2540
 -4.2380
 -4.0100
 -2.3460
 -0.8180
  1.4320
  2.7320
  3.6500
  3.7860
  6.4300
  8.0740
  9.3600
 10.9420
 11.3580
 12.8180
 15.8780
 16.0800
 16.5200
 16.7880
 16.9000
 17.0280
 17.3360
 17.3940
 17.6780
 17.8800
 17.9640
 20.3960
 21.2580
 22.8760
 22.8880
 24.1100
 24.7880
 25.1600
 27.6740
 31.1040
 33.1100
 34.9120
 35.8160
 37.0520
 37.0920
 38.1780
 39.8680
 43.5380
 44.3400
 45.5760
 46.2380
 47.8700
 47.9280
 50.7240
 52.1360
 52.6520
 53.1720
 56.4860
 61.8880
 73.1320


#Top pat = 34
-74.6540
-64.6360
-59.8180
-53.6660
-53.0740
-49.1640
-44.2660
-43.4320
-42.5720
-42.5700
-39.8700
-38.5540
-37.2520
-35.1700
-33.4740
-32.4760
-30.8160
-30.4820
-29.3980
-28.6040
-28.5000
-28.2840
-27.7280
-25.7000
-24.6280
-24.2700
-19.6460
-19.5240
-19.5220
-18.6800
-17.4540
-17.3200
-17.2100
-16.2960
-15.1800
-13.8400
-13.1640
-12.7080
-12.1940
-12.1080
 -9.6600
 -9.5820
 -8.7660
 -8.3880
 -8.3440
 -3.7600
 -2.2420
  1.5740
  3.2320
  4.1480
  5.4680
  7.7440
  9.0500
  9.1420
 11.0520
 11.5300
 12.1320
 12.2480
 13.5640
 13.7080
 13.7720
 14.7120
 16.6380
 16.9520
 17.2840
 17.5240
 18.5460
 21.1400
 21.1980
 21.4040
 21.9480
 22.2740
 23.2860
 23.4260
 24.0200
 24.2160
 24.8540
 25.1760
 26.3260
 27.1400
 27.5940
 31.5780
 32.3340
 32.6460
 33.6740
 35.5260
 38.7840
 39.2160
 41.5360
 44.5820
 45.2880
 46.4100
 48.4840
 53.9620
 54.4820
 55.7540
 56.2040
 58.2240
 61.6340
 84.1600


#Top pat = 35
-74.4940
-70.5580
-59.2560
-58.7880
-58.0980
-55.2740
-46.2000
-44.4380
-42.9840
-41.2760
-40.3380
-40.2040
-38.7820
-36.5120
-35.7860
-33.3160
-33.0200
-32.2880
-31.0140
-29.6620
-28.7780
-27.8040
-27.5780
-27.0840
-26.3380
-26.2680
-24.2760
-22.1480
-22.0620
-21.2620
-20.9140
-20.3100
-17.8440
-16.3140
-14.0940
-10.8980
-10.2260
 -9.0960
 -7.7400
 -6.5940
 -6.0760
 -5.4400
 -5.0500
 -4.5040
 -4.1260
 -4.0960
 -2.9800
 -2.4400
 -1.5360
  0.2620
  2.4240
  2.9120
  6.3060
  6.6980
  8.7560
 10.6460
 10.7180
 11.3640
 14.9740
 15.5080
 16.6660
 16.8120
 16.8660
 17.0260
 17.4960
 18.1920
 18.8760
 19.0740
 19.2540
 21.7260
 21.8120
 22.3520
 22.8420
 24.2720
 25.0420
 27.7700
 27.8820
 30.1160
 32.7280
 33.6900
 34.4240
 35.3120
 35.3260
 35.4720
 35.5960
 35.6820
 36.4980
 39.4660
 40.8900
 42.1080
 43.1500
 43.3400
 46.3800
 49.9520
 51.4620
 53.5020
 54.0740
 58.8720
 61.0940
 64.8560


#Top pat = 36
-82.5240
-74.0480
-65.7860
-62.2940
-60.5480
-59.6320
-57.0400
-47.0820
-42.2900
-42.0380
-41.6200
-41.1640
-40.1960
-40.1620
-36.6540
-36.5080
-35.6900
-33.7920
-31.7940
-31.1200
-31.0820
-29.9800
-28.5600
-28.5280
-28.1340
-27.7000
-27.4160
-26.6800
-25.1180
-24.0700
-23.9200
-22.7760
-21.8720
-20.5620
-20.2360
-18.2240
-17.8020
-16.8440
-16.7280
-16.2040
-14.1260
-13.6000
-11.9680
-11.5880
-10.8080
 -9.7280
 -9.5280
 -6.5640
 -5.0580
 -3.4880
  1.1420
  3.3620
  3.6040
  5.5480
  7.1100
  8.8900
 10.4380
 11.5820
 11.7360
 11.9240
 12.6160
 12.7240
 12.9320
 13.6440
 14.4220
 15.5260
 16.1600
 16.3660
 16.9260
 18.5680
 18.7980
 19.8600
 24.2860
 24.5220
 26.0000
 26.4100
 27.2320
 30.4680
 30.8280
 31.2840
 31.6060
 32.4820
 32.9600
 34.2000
 35.7340
 35.9820
 36.1940
 36.6540
 36.9300
 39.9920
 40.4180
 40.4720
 40.9140
 43.5080
 44.2540
 45.2840
 58.7580
 62.5100
 64.2500
 68.1280


#Top pat = 37
-81.2520
-63.4500
-58.1560
-58.0940
-57.5240
-57.1720
-56.1160
-55.6440
-48.0400
-46.5560
-44.9600
-44.3320
-41.5520
-40.7020
-40.4360
-38.6740
-38.5220
-37.4720
-37.0720
-35.7800
-34.9480
-34.5140
-33.4380
-33.2720
-31.1240
-31.1100
-30.5800
-28.7460
-26.3860
-26.2240
-25.0520
-23.8400
-22.2760
-21.4260
-20.8940
-18.7160
-18.1060
-17.9800
-17.2360
-16.2860
-14.8540
 -9.5440
 -7.7780
 -6.3820
 -6.2160
 -4.6960
 -1.8260
 -0.9720
 -0.1320
  2.9120
  4.4640
  4.8160
  6.5100
  8.7100
  9.2140
  9.6820
  9.9000
 11.3440
 11.8640
 11.9660
 13.1540
 13.8480
 14.2480
 16.3200
 16.3240
 16.3960
 16.4980
 17.0980
 18.3140
 18.3220
 18.3480
 19.2920
 20.7440
 20.8800
 20.9580
 21.1340
 21.5280
 23.3140
 23.7920
 24.3240
 24.5060
 26.2980
 26.3620
 29.5080
 29.8520
 30.7360
 31.0840
 32.5620
 32.6460
 34.0460
 36.0680
 42.5380
 49.1660
 49.6280
 50.6120
 51.1660
 51.4460
 54.0440
 60.9080
 79.8480


#Top pat = 38
-66.1380
-63.1940
-63.1320
-56.6460
-55.4200
-54.7440
-52.6320
-49.9600
-49.8500
-49.3400
-48.3220
-48.2620
-47.8620
-45.9320
-45.7560
-41.7300
-40.4220
-38.7460
-38.7020
-37.9500
-36.6860
-36.0560
-28.2860
-27.8860
-26.9020
-24.2020
-23.8020
-23.3300
-22.9560
-22.4860
-21.9960
-21.8080
-20.1060
-19.7320
-19.7140
-19.6600
-19.5100
-18.3600
-18.0320
-17.6700
-14.8720
-12.9860
-12.0020
-11.5740
-11.2100
-10.3040
-10.2780
 -9.3440
 -8.9880
 -8.7560
 -4.6600
 -3.5220
 -3.2960
 -2.9980
 -1.6440
  2.9580
  3.5340
  4.9080
  5.5280
  6.4020
  6.8100
  6.9340
  7.0020
  7.4420
  7.6760
  8.1540
  8.6020
 11.2020
 11.5480
 12.3500
 12.9680
 13.1720
 13.2580
 15.9880
 18.0520
 18.7880
 20.8440
 24.1540
 26.1440
 27.4980
 27.9800
 28.3760
 31.2860
 31.5220
 32.7000
 32.7780
 33.0140
 33.0200
 34.1800
 34.8640
 36.4840
 37.2180
 37.6840
 40.3740
 43.5600
 46.1820
 46.6900
 52.7540
 53.0660
 61.2420


#Top pat = 39
-77.7420
-71.5120
-64.9060
-63.6220
-63.5600
-57.7700
-55.5880
-54.9600
-53.8840
-48.2480
-46.4540
-44.1000
-42.9720
-42.5020
-41.3780
-40.1180
-39.8060
-38.4840
-37.3800
-34.5160
-33.9840
-30.5380
-30.0520
-28.5180
-27.8640
-26.6200
-24.7940
-23.2480
-22.5460
-19.1380
-18.0220
-16.4100
-14.2440
-13.3520
-12.7700
-12.6080
-12.4240
-10.4680
-10.4220
 -8.7180
 -7.3020
 -5.9380
 -4.5940
  2.5940
  3.3380
  4.6920
  4.8120
  5.2480
  6.1280
  6.6240
  8.4440
 10.8140
 12.7620
 14.4340
 14.9960
 15.3640
 16.3460
 16.9340
 17.6000
 17.7200
 17.8960
 18.0100
 19.3160
 20.5200
 21.0020
 22.2140
 22.8620
 23.9580
 25.2140
 26.3520
 27.5380
 28.9080
 29.3980
 29.7700
 31.0620
 34.1360
 34.7640
 35.9480
 36.9100
 37.3800
 40.7160
 42.1520
 42.7300
 43.1480
 43.5200
 44.6100
 44.9200
 45.2240
 45.7280
 47.4360
 48.8700
 49.7300
 50.4460
 53.6580
 53.9000
 54.8260
 56.2900
 57.0400
 70.7360
 84.3320


#Top pat = 40
-75.5040
-70.7700
-69.2840
-64.4580
-64.0200
-60.3640
-60.0980
-58.5380
-52.8920
-52.8100
-47.8500
-46.3640
-45.1020
-42.0940
-39.7880
-39.7720
-39.6700
-39.3300
-38.3420
-38.1140
-37.6120
-36.4980
-35.4580
-35.4180
-35.3520
-32.6360
-32.5900
-31.0860
-28.3000
-27.3640
-26.9180
-26.6040
-26.2500
-25.4420
-23.8940
-23.7340
-22.1840
-21.2620
-20.6180
-19.6520
-19.3500
-18.1400
-17.9140
-13.0760
-12.0180
-11.7280
-11.0700
-10.5720
-10.4420
-10.1380
 -8.0660
 -8.0360
 -7.8340
 -4.6140
 -3.1800
 -2.0520
  0.5860
  4.8060
  5.7860
  9.3280
  9.8760
 13.3560
 13.5200
 14.0780
 14.4460
 16.5200
 18.0540
 18.2160
 19.8840
 20.0900
 20.1440
 20.3540
 23.2280
 23.8080
 24.2140
 25.4380
 27.4340
 28.3280
 29.0260
 29.8160
 29.9060
 29.9420
 30.7620
 31.1420
 34.4260
 35.0840
 36.4900
 38.8380
 40.1860
 41.0500
 41.3840
 43.9420
 47.0380
 49.4500
 50.1100
 58.9280
 60.8420
 65.2140
 66.5480
 82.2600


#Top pat = 41
-89.1440
-72.5220
-63.4400
-57.7880
-56.8880
-55.1400
-54.6160
-52.5480
-51.3420
-50.4080
-49.2920
-47.7760
-47.2100
-43.8320
-43.7720
-42.3820
-40.5160
-36.4360
-33.3560
-32.7100
-30.7840
-28.7280
-28.6140
-27.6420
-26.4840
-25.0560
-24.7140
-23.0360
-22.9040
-22.4320
-21.0340
-19.2080
-18.8420
-18.7100
-18.2780
-17.7400
-16.6360
-14.7640
-14.4240
-14.0520
-12.9080
-11.0820
-10.1400
-10.0540
 -9.2140
 -8.1300
 -7.5240
 -7.1740
 -6.2140
 -6.1100
 -5.7780
 -5.7660
 -4.9040
 -1.1980
  0.8880
  3.2480
  5.3340
  5.4840
  9.9600
 10.2000
 12.5740
 14.3300
 14.4160
 15.5780
 17.3600
 17.4480
 17.8400
 17.9020
 19.5120
 19.5820
 20.9440
 21.0860
 21.2960
 21.9400
 22.0620
 23.1400
 24.7940
 25.9300
 26.8360
 28.7440
 29.1580
 29.1900
 31.6600
 31.7580
 31.8940
 32.1480
 33.5320
 34.4000
 34.5700
 34.7720
 37.9740
 41.1720
 41.2340
 45.7420
 46.2460
 47.7880
 50.5180
 50.7160
 57.4880
 79.7340


#Top pat = 42
-56.2820
-54.5060
-53.9200
-53.2000
-49.4240
-48.0180
-45.2340
-43.9640
-42.0740
-41.9880
-41.0820
-40.8320
-38.6460
-36.3840
-34.8700
-33.6140
-32.0380
-31.3840
-31.3060
-30.5360
-29.6140
-29.5520
-29.5280
-28.0620
-28.0160
-27.7920
-27.4580
-26.1820
-25.7820
-25.5120
-25.2360
-24.6900
-23.7400
-23.2820
-22.3020
-21.9420
-21.7140
-21.4300
-21.1160
-18.6180
-18.1640
-15.8380
-12.7120
-12.5140
-10.3260
 -8.2580
 -7.8520
 -6.5460
 -6.3800
 -2.0880
  4.4220
  5.5120
  6.6420
  8.6800
  9.4540
 10.9620
 12.5640
 12.7480
 13.7120
 13.7540
 14.3420
 14.5940
 15.5060
 19.8220
 23.7260
 23.9960
 24.9460
 25.1040
 25.2180
 25.3960
 26.0040
 26.1560
 28.1920
 28.5920
 28.9120
 29.3980
 31.2000
 32.6100
 33.5140
 36.5520
 37.4080
 38.3480
 39.5740
 41.6560
 43.1820
 43.4500
 46.9080
 47.0660
 47.3680
 48.3280
 53.2800
 55.9080
 56.3640
 57.9420
 59.7920
 60.2720
 64.0740
 64.9260
 71.6140
 86.3420


#Top pat = 43
-79.0680
-75.5920
-72.3420
-70.1760
-68.6860
-67.7420
-63.0360
-60.1580
-57.9340
-56.1740
-51.9660
-50.3160
-48.6160
-44.1320
-42.3940
-42.1320
-39.3440
-38.5460
-36.2840
-35.1780
-33.8080
-30.7480
-30.1820
-30.0520
-29.8420
-29.1420
-28.0680
-26.7700
-25.9440
-25.4900
-24.9100
-24.6140
-24.3000
-23.9180
-22.6560
-21.4700
-20.6160
-20.5260
-19.8900
-18.2380
-17.7940
-17.4900
-17.2720
-15.8580
-15.4680
-14.9340
-13.9000
-12.6600
-12.3600
-11.8140
 -7.2340
 -4.7000
 -1.4280
 -0.2620
  6.9720
  7.3440
  8.5960
  8.7220
 12.4300
 15.0920
 15.3940
 15.9420
 17.9480
 18.0340
 19.4860
 19.8160
 19.9020
 21.8060
 23.0480
 23.7260
 26.0120
 26.7100
 31.4240
 33.9280
 34.8140
 38.1280
 38.4440
 38.7560
 39.9140
 40.4360
 40.4400
 41.5880
 41.8820
 42.5060
 44.0940
 44.2960
 44.5060
 45.2320
 45.2980
 46.8380
 48.4380
 50.2500
 50.3840
 53.7960
 54.7940
 59.8120
 59.8580
 63.2540
 63.4520
 67.1240


#Top pat = 44
-85.2480
-59.4680
-54.1920
-52.0000
-48.3620
-47.3700
-46.4640
-43.4500
-42.3300
-40.1680
-39.7660
-36.3460
-35.1580
-33.3660
-32.9580
-32.0460
-31.0260
-30.6260
-30.2520
-29.0240
-28.5680
-28.5200
-27.8080
-27.6900
-27.6560
-27.5000
-25.6160
-23.1280
-22.9980
-22.8240
-20.8300
-19.7620
-19.7300
-19.3260
-18.7520
-18.0800
-17.5040
-16.8480
-16.7520
-11.1120
 -9.6260
 -8.4600
 -6.3620
 -6.3220
 -5.4960
 -2.0660
 -0.6820
  0.9340
  2.3040
  4.2300
  4.9580
  5.5340
  5.9920
  6.2820
  9.3760
 10.3100
 11.6660
 12.5440
 14.0600
 17.0960
 17.1780
 17.7560
 18.1040
 20.5680
 20.9540
 21.4600
 22.3000
 23.2300
 26.1680
 26.1740
 26.6120
 26.8400
 27.6940
 28.2860
 29.9420
 30.8440
 32.1400
 33.6600
 33.7100
 34.6860
 35.6120
 36.5660
 38.1020
 39.8880
 41.7100
 41.7820
 44.5280
 45.3520
 45.3720
 47.9860
 51.1640
 52.1980
 53.5840
 54.1320
 54.5840
 55.3160
 56.6040
 58.0940
 62.0920
 62.1320


#Top pat = 45
-84.7980
-70.8660
-56.5220
-56.0620
-54.6960
-50.0820
-48.0660
-47.7360
-44.5360
-41.5260
-40.3180
-39.4060
-38.3140
-37.1280
-36.6480
-36.0020
-35.2440
-33.7300
-33.4840
-33.0180
-32.6200
-31.6040
-31.1700
-30.9400
-30.8240
-30.4920
-30.2040
-29.4880
-27.9780
-25.8440
-25.5100
-25.0380
-24.3360
-24.0640
-23.4600
-22.9800
-22.1260
-22.0700
-21.7180
-21.5120
-21.4740
-20.8960
-20.7480
-19.4200
-18.4600
-16.5460
-14.7640
 -9.5720
 -7.4020
 -5.8360
 -4.3960
 -4.0360
 -2.9520
 -2.1660
  2.7120
  2.8260
  4.9940
  5.1580
  5.5860
  6.5300
  7.0700
 10.1700
 10.8240
 11.2660
 11.3540
 14.6380
 15.1140
 15.5540
 15.9700
 16.7540
 16.9200
 17.2720
 18.1840
 18.9180
 19.4340
 19.5480
 19.6420
 20.6180
 25.7940
 26.6040
 27.5180
 30.7840
 30.8900
 31.5440
 33.1040
 34.0880
 34.7060
 36.6340
 37.0200
 39.6120
 42.0060
 42.7200
 44.3980
 45.6380
 46.9900
 48.1320
 53.9140
 55.8440
 67.7340
 68.7060


#Top pat = 46
-62.5640
-58.8500
-56.1080
-55.9480
-51.7840
-50.2560
-49.8080
-49.2520
-49.0180
-47.6780
-47.6300
-46.2380
-45.9780
-45.0080
-44.6960
-42.7840
-42.3680
-42.3560
-42.1100
-41.4280
-39.9480
-39.7060
-39.6060
-39.0900
-36.2000
-36.0580
-35.9680
-34.3220
-34.1980
-33.3740
-33.0580
-32.8780
-31.8560
-31.2540
-30.7360
-30.3780
-30.3400
-28.3580
-27.9240
-27.9240
-27.6880
-27.3320
-24.4840
-23.8660
-23.6040
-23.1940
-22.2640
-22.0980
-18.5020
-17.0160
-15.3800
-15.3260
-12.8940
-11.4380
 -8.9520
 -8.2580
 -6.9900
  1.4560
 12.5900
 13.1480
 15.5500
 19.8340
 20.0340
 21.5920
 22.4520
 22.6940
 23.6260
 25.1100
 25.5140
 26.9160
 26.9940
 27.3560
 27.4400
 27.6000
 27.6620
 28.7540
 29.2560
 30.9760
 31.6060
 32.3800
 32.6400
 33.1120
 33.2100
 33.2400
 33.9300
 36.6780
 36.8520
 37.3800
 37.8100
 38.2440
 40.2840
 40.8720
 41.3980
 43.6300
 44.0040
 44.9540
 51.1320
 51.3960
 52.3720
 59.2820


#Top pat = 47
-59.3340
-51.0520
-50.7540
-50.6660
-48.6660
-46.6160
-41.2800
-40.3840
-40.0020
-39.6460
-37.4320
-37.1400
-36.4100
-34.4140
-34.4120
-32.6620
-32.3680
-31.8980
-30.7040
-30.1740
-29.8540
-28.7260
-28.4080
-28.2120
-27.3060
-27.1220
-25.9120
-24.7600
-22.5620
-21.4260
-19.8920
-19.8860
-19.5600
-18.9940
-18.5600
-18.0700
-17.9600
-17.3580
-17.2220
-16.3940
-16.3560
-15.4800
-15.0420
-14.1080
-12.6940
-12.0060
 -9.9100
 -9.4580
 -9.3440
 -6.8520
 -5.3880
 -1.1460
  0.1840
  2.1800
  4.7560
  6.1900
 10.7200
 11.7620
 12.6120
 12.7180
 13.1160
 14.8820
 15.8160
 16.0880
 16.9280
 18.0000
 18.4500
 19.0220
 19.2660
 19.4000
 21.4780
 21.8000
 21.8900
 22.1840
 22.2780
 23.1280
 23.3400
 25.6020
 25.8300
 26.6940
 27.4560
 27.8080
 28.0120
 29.9140
 31.3400
 32.4080
 37.0600
 45.3360
 46.0520
 47.0320
 48.5340
 48.7820
 51.1100
 52.5720
 55.2300
 58.2420
 60.0340
 69.2560
 73.1440
 73.7220


#Top pat = 48
-71.6140
-71.1500
-67.8680
-62.8160
-60.9080
-56.0900
-55.9200
-48.8540
-48.6120
-48.1980
-45.6140
-45.5040
-40.2060
-38.3080
-36.9980
-36.6640
-36.1720
-35.9700
-35.9320
-35.4860
-33.4820
-33.3860
-30.5520
-30.3440
-26.3860
-26.3620
-25.2940
-25.0160
-24.8680
-24.2360
-23.0460
-22.8240
-21.8720
-20.7820
-20.6040
-20.5240
-20.0320
-18.5580
-18.0900
-16.4080
-16.0680
-15.8320
-13.7720
-13.2400
-12.9700
-12.8740
-10.9720
-10.6820
 -9.6820
 -9.3660
 -8.3940
 -7.0360
 -4.1800
 -3.4080
 -0.5400
  1.0360
  1.3240
  5.0620
  7.9460
  9.9880
 10.0700
 10.3320
 10.7620
 10.7840
 12.6340
 15.0760
 16.0500
 16.5580
 16.6440
 18.5320
 19.6120
 20.5840
 20.6100
 21.4040
 23.7840
 24.2560
 25.0700
 27.7000
 28.0300
 28.6820
 29.5840
 29.7580
 29.8000
 29.8160
 32.8680
 33.2340
 39.7220
 41.1200
 41.5020
 41.5140
 44.5320
 46.0940
 47.8820
 48.6140
 50.0060
 60.1020
 63.5980
 65.1960
 66.3100
 66.6480


#Top pat = 49
-61.2080
-58.7740
-55.1000
-53.3520
-50.7040
-49.7820
-48.3600
-47.8300
-47.2340
-45.8380
-44.8220
-44.6960
-44.0960
-42.9540
-40.9280
-40.3860
-36.4920
-36.0680
-35.7760
-33.3380
-32.0260
-31.7520
-31.3740
-30.4680
-29.0520
-26.8600
-25.2400
-24.0880
-21.6880
-19.1380
-19.0320
-18.8940
-18.5380
-17.3140
-17.1620
-16.5160
-15.4920
-15.4120
-14.6520
-13.9100
-10.0120
 -9.1600
 -8.2240
 -7.8020
 -6.9860
 -6.8200
 -6.8140
 -5.0120
 -4.9600
 -0.2780
 -0.0080
  1.6540
  4.0400
  5.3600
  6.6120
  8.3560
  9.9800
 10.3540
 10.6620
 11.1080
 11.2320
 13.0900
 13.6660
 13.8560
 13.9740
 15.4140
 15.7560
 16.6380
 17.9680
 19.0020
 19.3080
 19.8320
 20.7580
 22.5260
 23.7600
 24.3900
 24.4260
 25.5860
 25.7220
 26.2840
 26.3880
 28.0820
 28.4720
 30.1240
 31.9480
 33.3360
 35.4860
 39.7120
 40.6640
 41.2320
 41.2700
 42.7880
 44.7680
 45.7640
 46.5340
 48.1160
 49.8360
 57.0580
 64.7200
 70.0360


#Top pat = 50
-103.2740
-72.2600
-71.7540
-60.4800
-58.3200
-54.7180
-51.7300
-48.4760
-48.3960
-46.9540
-43.1780
-42.6020
-41.3580
-41.2920
-40.4140
-39.2700
-34.8860
-33.6860
-32.9620
-32.9560
-31.8760
-30.4680
-26.3400
-23.7320
-23.2320
-23.0040
-22.2320
-21.8360
-21.5240
-21.2640
-20.6960
-20.4160
-19.6300
-17.3820
-17.2340
-16.1620
-16.0920
-15.6180
-15.1080
-14.3160
-14.2140
-14.1700
-13.5880
-13.4600
-11.9160
 -8.8540
 -8.5520
 -7.7920
 -5.7600
 -4.3840
 -1.7480
 -0.1140
  2.0040
  3.6220
  4.3900
  7.8860
  9.2580
 10.7180
 12.2340
 13.8940
 15.7240
 17.5000
 17.7680
 19.0460
 21.2880
 22.0040
 22.5360
 24.1340
 25.3240
 27.1380
 27.3260
 27.3560
 27.8820
 28.3000
 30.4960
 30.8140
 30.8700
 31.2240
 35.8920
 37.4460
 37.5100
 37.8780
 38.1880
 38.6760
 38.7020
 40.5100
 40.6200
 41.8060
 41.8460
 42.7280
 43.6260
 44.3660
 45.0360
 52.0660
 52.1360
 59.9520
 60.1620
 61.5620
 61.6740
 68.3700


