#..\..\Net100seed42.net EP02delta0.1Input0.5.train 42
#Top pat = 1


#Top pat = 2


#Top pat = 3
-61.6180
-56.2020
-54.0080
-51.1280
-50.7900
-50.7740
-50.7560
-50.6400
-50.5420
-50.4120
-50.1580
-49.9140
-27.1420
-23.9200
-21.8940
-19.8280
-19.2320
-19.1380
-18.8800
-18.5960
-18.5620
-18.5500
-18.4800
-18.1020
-18.0200
-17.7840
-17.7260
-17.1400
-16.8800
-16.7160
-16.1600
-16.0460
-15.9640
-15.7940
-15.7120
-15.2880
-15.2480
-14.5540
-14.2940
-14.2160
-13.5960
-13.4680
-13.2920
-12.5580
-10.2960
  5.0580
  8.2480
  8.8180
  9.2680
 11.1800
 12.6640
 13.0620
 13.2960
 13.6280
 13.9760
 14.0140
 14.0980
 14.3400
 14.5860
 14.7560
 15.1000
 15.6280
 15.8600
 15.9000
 16.1620
 16.1860
 16.1860
 16.2120
 16.5100
 16.7340
 16.9040
 17.4800
 18.1600
 18.5140
 18.5500
 18.5720
 18.6780
 18.7380
 18.7960
 18.8320
 18.8440
 19.0200
 19.1380
 21.0880
 21.5560
 21.9680
 23.7380
 25.6220
 48.7620
 49.6040
 50.0200
 50.1100
 50.1720
 50.6000
 50.6640
 50.8780
 50.9880
 51.6320
 58.1040
 58.9020


#Top pat = 4
-63.1480
-53.6540
-52.7680
-52.5560
-52.3600
-52.3540
-51.9920
-51.8280
-51.4340
-51.4040
-48.0360
-47.8680
-25.3800
-24.8040
-20.2460
-20.2020
-19.9800
-19.5520
-19.4020
-19.3540
-19.2660
-18.9100
-17.9000
-17.8160
-17.5540
-17.3640
-16.5480
-16.2060
-15.9360
-15.7500
-15.4460
-15.1020
-14.6160
-14.4300
-14.4280
-14.4080
-14.2100
-13.2060
-12.9820
-12.8660
-12.7560
-12.1320
-12.0120
-11.2280
 -8.1260
  5.5980
  6.9780
  8.7160
 10.0880
 10.3820
 10.7380
 10.9580
 11.1280
 11.3320
 12.0020
 12.2780
 12.3040
 12.5800
 12.6940
 13.6800
 14.4260
 14.4820
 14.7300
 15.4440
 15.5260
 15.8260
 15.9880
 16.1440
 16.1640
 17.3780
 17.6500
 17.9120
 17.9260
 17.9720
 18.2300
 18.5940
 19.0900
 19.1480
 19.9800
 20.0820
 20.1680
 20.4660
 20.5600
 20.5980
 23.5280
 23.6680
 26.1480
 27.0920
 46.1860
 46.6600
 47.1140
 47.5120
 47.7260
 48.2740
 51.2440
 52.2000
 52.3540
 52.5780
 59.9340
 60.5820


#Top pat = 5
-60.0560
-58.4040
-58.3940
-54.3860
-53.4500
-52.1080
-48.5460
-47.5080
-47.1420
-42.5280
-42.4140
-41.8240
-41.2680
-40.9720
-28.8220
-28.2660
-28.2100
-27.6060
-27.5540
-27.4460
-26.0940
-25.4120
-25.2700
-24.7880
-24.3300
-23.9900
-22.8940
-22.4060
-22.0740
-21.9160
-21.3880
-20.3740
-20.3340
-20.2780
-19.7780
-18.9440
-18.5240
-18.2980
-17.0380
-15.6700
-15.2580
-12.4200
-11.6280
-11.1140
-10.9900
-10.2820
 -9.8040
 -9.4380
 -8.1940
 -7.9020
 -7.5260
 -7.4480
 -4.4940
 -4.2000
  2.3480
  3.2300
  6.9620
  7.0800
  7.2800
  7.7020
  9.3200
 11.3220
 11.3780
 12.1100
 12.2100
 13.1820
 13.2040
 13.4660
 16.2360
 18.8280
 20.4920
 21.0240
 21.3020
 21.4800
 21.6220
 21.7100
 22.1940
 24.2240
 24.6100
 25.6980
 26.1460
 27.4200
 27.6500
 28.1780
 33.7380
 40.5860
 40.8240
 41.7340
 43.9860
 46.4700
 47.5680
 47.6560
 52.8760
 54.0020
 55.1340
 56.8080
 58.8440
 58.8640
 59.9500
 60.0620


#Top pat = 6
-57.5180
-56.9220
-55.3600
-55.3180
-55.2380
-52.6700
-50.3400
-45.2540
-44.6020
-44.2680
-42.8000
-26.4740
-25.1800
-24.7920
-23.8020
-23.0180
-22.9940
-22.9220
-22.2620
-21.6660
-20.9560
-20.7300
-20.5700
-20.2120
-19.9060
-19.6460
-19.5800
-19.0460
-18.8220
-18.4480
-18.3260
-18.3040
-17.2340
-17.2160
-16.6420
-13.9580
-13.1700
-12.6580
-12.2800
-12.1620
-11.6900
-11.6560
-11.6540
-10.9220
-10.7000
 -9.4700
 -9.4240
 -9.1980
 -1.3960
  6.4900
  7.3440
  7.7900
  8.5160
  8.7720
  9.1960
 10.1240
 10.4060
 10.8440
 11.2460
 11.9040
 14.7500
 17.1140
 17.9400
 18.1040
 18.7900
 19.1220
 19.1660
 19.1720
 19.3640
 19.9080
 20.2880
 20.6900
 20.9880
 21.5560
 21.7280
 21.8280
 22.1200
 22.1680
 23.3980
 24.0380
 27.5220
 27.5700
 27.5740
 27.9940
 30.0820
 43.0640
 43.9880
 44.6060
 46.5960
 49.9780
 52.7440
 53.1600
 53.7220
 55.2700
 56.2820
 56.4480
 56.5140
 59.2460
 60.1420
 61.1760


#Top pat = 7
-57.5660
-47.4920
-45.7060
-44.3160
-43.5140
-41.7180
-41.5840
-40.4180
-40.1460
-38.1920
-37.7300
-37.6400
-36.0240
-35.8840
-35.6080
-35.3240
-33.1360
-28.8300
-24.9060
-23.1840
-21.5100
-20.6160
-17.8880
-17.8520
-17.5400
-16.7260
-16.5240
-16.0740
-14.8060
-14.6380
-13.7620
-13.4180
-13.3260
-13.1740
-12.0920
-11.3140
-11.1240
-10.2440
 -9.2500
 -9.0160
 -8.5900
 -8.3180
 -7.3120
 -5.9600
 -5.8740
 -5.8160
 -5.2320
 -3.6340
 -3.5620
 -2.6020
 -0.8180
  4.3280
  5.2420
  5.6100
  5.7860
  5.8280
  6.7220
  6.8040
  7.1020
  8.1320
  8.6060
 10.3040
 11.7260
 12.0500
 12.4500
 13.9400
 14.0360
 14.3560
 14.5780
 15.2000
 15.4280
 17.3840
 17.3920
 17.6680
 18.0560
 18.4980
 18.6720
 18.8520
 21.4480
 22.5780
 25.8460
 28.0740
 28.5000
 29.7260
 32.1300
 32.2480
 33.7540
 35.3100
 35.8700
 36.5920
 37.3380
 41.4800
 42.1100
 43.5120
 44.6940
 48.2700
 49.0380
 62.4300
 69.3380
 73.2020


#Top pat = 8
-60.7220
-55.9120
-51.0260
-48.0340
-47.1520
-44.4860
-43.5980
-42.7260
-42.6720
-40.9580
-40.2140
-40.0400
-39.6580
-36.4880
-34.5760
-33.4200
-31.0040
-29.8100
-27.8360
-27.5200
-24.6680
-24.6220
-23.3060
-23.0280
-21.8140
-21.2040
-20.4600
-18.2900
-17.7400
-16.0660
-15.8300
-13.9800
-13.3340
-12.9020
-11.0060
 -9.8520
 -8.0060
 -7.3560
 -6.7140
 -4.6300
 -3.4680
 -3.3540
 -3.1480
 -2.1820
 -1.7820
 -0.2060
  2.3000
  3.6240
  4.1840
  6.0280
  6.3480
  9.0460
 11.0040
 13.1260
 14.4020
 16.7040
 17.6000
 17.6520
 18.7300
 20.0260
 20.6440
 21.2820
 22.6580
 22.8920
 23.6100
 23.7360
 23.8000
 24.0840
 26.0420
 26.5920
 27.3420
 27.3620
 28.1220
 28.1960
 30.6140
 34.7620
 36.1940
 37.0420
 37.7360
 38.6680
 39.6720
 41.7540
 42.6740
 43.9040
 43.9760
 45.1400
 45.5080
 46.6300
 48.0940
 50.3480
 50.6720
 53.3840
 53.3860
 53.6300
 54.5220
 57.1500
 57.3780
 58.6100
 68.2660
 75.3060


#Top pat = 9
-59.5660
-53.6680
-52.5100
-51.2620
-50.6700
-48.1600
-44.9320
-44.7320
-43.3960
-41.2780
-25.7280
-25.5480
-23.5640
-22.6400
-21.9180
-21.7060
-20.9560
-20.7620
-20.7560
-19.8540
-19.7180
-19.6520
-19.5820
-19.5140
-18.7360
-18.1680
-18.0720
-17.6180
-17.2480
-17.1660
-16.5760
-16.2000
-15.8360
-15.2880
-15.0620
-14.9320
-14.6700
-14.6340
-13.0260
-12.2600
-12.1060
-11.0340
 -9.9860
 -8.7320
 -5.3480
 -4.5340
  5.5360
  6.8280
  7.0880
  8.0280
  8.5860
 10.0820
 10.7400
 10.9640
 11.4560
 11.5120
 11.8140
 11.8640
 12.0860
 12.7600
 13.1780
 13.2240
 13.3580
 13.5480
 14.0420
 14.7080
 14.8340
 15.5540
 15.7360
 16.0800
 16.2060
 16.5140
 16.5500
 16.7540
 17.4660
 18.1020
 18.2160
 19.7480
 20.2360
 20.3420
 21.1160
 21.1180
 21.4080
 21.5420
 21.9080
 23.5660
 24.9380
 25.1680
 44.3440
 45.1000
 45.4380
 49.6220
 51.8100
 54.1160
 54.2640
 55.2760
 56.5820
 57.6400
 61.5200
 65.1900


#Top pat = 10
-71.1520
-56.8960
-54.4840
-46.2800
-45.5480
-45.0720
-44.5880
-42.7200
-39.3820
-38.5460
-37.0660
-36.9080
-35.7800
-35.3220
-33.8320
-28.6640
-28.6140
-28.2860
-28.0820
-27.8020
-27.4020
-25.1320
-25.0880
-21.8980
-20.1520
-19.4140
-17.6400
-17.4820
-17.2140
-16.3760
-16.3400
-16.0620
-14.8240
-14.6840
-14.6760
-14.2160
-13.5620
-12.1040
-11.4880
-10.0860
 -8.6320
 -8.2080
 -7.7600
 -6.4160
 -6.3260
 -4.2940
 -3.1420
 -1.7820
  4.0260
  6.3140
  6.3140
  6.6080
  7.4100
  9.9740
 10.0200
 10.4320
 10.4900
 11.7200
 13.9080
 14.0240
 15.7240
 17.3260
 18.4820
 19.9080
 20.0560
 20.3040
 20.4960
 22.6180
 23.7400
 23.8920
 26.4720
 26.6320
 28.3480
 29.8460
 30.0620
 30.1240
 30.2060
 31.1080
 33.0020
 33.4780
 34.1240
 37.1320
 38.0720
 39.6840
 42.3700
 43.2900
 43.3720
 46.0400
 50.3420
 50.4120
 52.9620
 55.5180
 57.3560
 57.6760
 58.4880
 61.4200
 62.2440
 62.4980
 69.0820
 78.3920


#Top pat = 11
-90.4020
-75.3160
-70.2360
-66.3920
-62.8840
-62.7440
-56.9300
-56.5360
-51.4360
-47.3520
-46.5700
-45.7480
-45.0860
-42.9740
-42.8880
-40.9860
-40.8560
-38.5160
-38.1080
-38.0940
-36.8520
-36.2920
-35.7140
-34.3220
-34.0340
-33.6720
-32.0960
-31.8700
-30.9100
-30.8180
-30.5940
-29.3140
-28.4440
-28.2880
-26.9640
-26.1020
-24.1180
-21.6780
-21.3820
-20.4500
-20.1700
-15.7740
-13.8440
-12.2780
-11.8120
-11.3420
-10.5420
 -9.3460
 -9.2900
 -8.0580
 -2.2800
 -0.4060
  2.6900
  3.6160
  5.5380
  6.2720
  6.8100
  8.2540
  8.9340
  9.8340
 10.1020
 10.5240
 11.5820
 12.1060
 12.1640
 12.4360
 14.5980
 14.6000
 16.0080
 16.7600
 17.5320
 17.6040
 17.7220
 18.3300
 18.5040
 18.5100
 19.3360
 20.3140
 20.3360
 21.3640
 22.4060
 23.6680
 27.1740
 28.3800
 28.5100
 30.1860
 30.5480
 31.1240
 31.5620
 33.1200
 33.1860
 38.3020
 38.4620
 41.7040
 43.0500
 46.8560
 47.9680
 53.7420
 54.0940
 63.3280


#Top pat = 12
-89.2960
-72.7660
-67.8320
-60.6800
-58.6060
-56.6800
-54.8840
-54.1760
-50.8360
-50.3400
-49.6260
-47.1740
-45.6540
-45.1700
-42.7240
-42.4180
-42.0640
-41.2000
-39.0720
-37.8500
-36.9040
-34.3620
-33.7700
-31.5660
-30.8760
-30.6020
-30.1100
-29.7560
-27.9900
-27.6620
-26.7680
-26.7340
-26.2960
-25.5580
-25.2960
-23.5540
-20.4680
-19.8980
-19.4540
-19.3720
-19.1160
-19.0600
-13.2040
-13.1380
-11.9440
-11.3740
 -9.1680
 -6.2540
 -4.9080
 -2.8660
 -2.4600
  1.6840
  2.2580
  3.4880
  3.7940
  4.6780
  4.9640
  6.1040
  6.6380
  7.3380
  7.5920
  7.7720
  7.8000
  8.5160
  9.6040
 11.2420
 12.0740
 12.0960
 13.9880
 14.2620
 15.9300
 16.0100
 16.8220
 17.4400
 18.1080
 18.1200
 18.3000
 18.9320
 19.7660
 21.7280
 22.4600
 23.3180
 24.8140
 26.4680
 26.5200
 28.5900
 30.5540
 32.0600
 32.7020
 34.9780
 35.1740
 36.5140
 36.7940
 39.2520
 39.6920
 45.2080
 47.2900
 48.7660
 50.6300
 54.6860


#Top pat = 13
-61.4060
-60.3860
-50.4320
-49.4920
-47.9820
-47.8480
-46.3060
-45.8000
-44.9220
-41.7420
-40.2800
-38.8340
-38.1040
-38.0560
-37.8120
-31.5840
-30.7820
-30.6860
-29.2520
-27.7700
-25.2500
-25.1180
-23.9840
-19.9680
-19.5540
-19.3220
-18.8700
-17.2220
-13.8440
-12.9160
-12.6820
-12.1300
-12.0540
-11.9000
 -7.6820
 -7.0100
 -4.7840
 -2.1340
 -0.4080
  2.1380
  2.8080
  3.8400
  4.7080
  4.9980
  5.4940
  7.5680
  8.2620
  8.4580
  9.1520
  9.4420
 10.6680
 10.8160
 12.7340
 12.9240
 14.0840
 14.7200
 16.9600
 18.9260
 19.1220
 19.3420
 19.4740
 19.6360
 21.3920
 21.5800
 22.5260
 22.9860
 23.4980
 24.0820
 25.0180
 25.1560
 25.3340
 25.3820
 26.2260
 26.3500
 26.5120
 26.8420
 27.3820
 29.9660
 30.4340
 31.2020
 34.1120
 34.3220
 36.2100
 36.2140
 36.6480
 37.0820
 37.1920
 37.8540
 38.3960
 45.8360
 45.9780
 47.6800
 50.6180
 57.7860
 57.9500
 65.5560
 65.7740
 67.8780
 69.3940
 72.6720


#Top pat = 14
-54.6540
-47.7040
-47.3900
-46.3140
-46.0160
-41.4580
-40.0440
-37.7440
-37.1060
-36.1940
-36.0160
-34.7400
-34.2400
-33.0160
-32.5820
-31.3320
-28.7260
-28.2740
-28.1900
-28.0540
-25.6360
-22.0200
-21.7460
-21.4400
-20.2240
-19.6040
-18.2680
-18.1880
-17.3900
-16.1620
-16.0940
-15.9980
-15.4000
-15.2120
-15.1280
-14.7060
-14.3260
-14.2220
-14.1960
-13.6620
-11.9780
-10.7620
-10.5600
 -9.0660
 -7.6320
 -6.4920
 -6.4740
 -5.9960
 -4.1000
 -4.0560
 -3.8100
 -3.6520
 -2.4520
 -1.0560
 -0.8420
  0.7260
  0.7980
  1.0260
  2.4960
  2.5800
  6.5400
  6.8160
  8.5080
  8.7080
  9.3000
  9.7020
 10.1440
 12.7500
 14.7880
 16.0640
 17.0780
 17.1940
 17.3120
 17.7980
 18.6960
 18.7720
 19.7200
 21.7360
 22.6140
 22.9560
 24.1640
 27.7500
 28.9760
 29.0160
 29.2140
 29.5780
 31.6020
 33.9900
 37.0600
 37.5020
 37.6780
 38.2760
 40.5940
 46.5580
 46.6580
 48.5200
 54.8220
 58.6240
 66.2400
 83.3460


#Top pat = 15
-66.1300
-62.4140
-60.4000
-58.8580
-58.4180
-54.4560
-53.7200
-48.9380
-48.0560
-46.4060
-45.0480
-44.1160
-43.8140
-40.6940
-37.1300
-36.2760
-36.1640
-35.6740
-35.1420
-34.3600
-33.7000
-32.9680
-32.6280
-29.5560
-29.4180
-26.6300
-25.1060
-23.9860
-23.7860
-23.0000
-21.1400
-20.6020
-20.0600
-18.9340
-17.9520
-17.7760
-12.6540
-11.8560
-11.8100
-11.7360
-10.9100
-10.6500
 -9.5600
 -8.6060
 -8.1980
 -8.0940
 -6.3400
 -5.8860
 -4.3260
 -3.0340
 -1.9200
  2.4260
  3.0160
  4.3920
  4.6160
  6.3300
  6.9580
  7.3260
  7.7260
  8.4200
  8.8140
  9.4160
 11.7980
 12.3880
 13.1100
 16.6820
 18.4240
 18.9940
 19.9600
 20.4480
 20.9820
 22.8800
 22.9860
 23.1180
 23.5160
 24.5520
 24.8700
 25.7200
 27.3160
 27.9380
 29.4780
 30.6820
 30.8860
 31.8120
 35.1020
 35.1340
 35.5600
 36.4020
 41.7480
 42.0180
 43.2800
 47.1020
 47.2500
 50.4980
 52.3060
 53.3420
 53.9800
 57.8200
 61.0620
 62.5360


#Top pat = 16
-78.7460
-65.1180
-60.7260
-59.5260
-55.5740
-55.5000
-51.6540
-47.5660
-44.0760
-42.1260
-40.3200
-37.8360
-35.6280
-34.8240
-34.0940
-31.7060
-30.2540
-29.7560
-29.2360
-28.8880
-28.6020
-28.1200
-25.7960
-25.5160
-24.7160
-22.6940
-22.2920
-22.0420
-17.7040
-17.0860
-15.1040
-14.5040
-13.7140
-13.1660
-12.7720
-12.6000
-12.4860
-11.8600
-11.6800
-11.6120
-10.8420
-10.8160
-10.6320
 -9.7620
 -8.8300
 -7.5540
 -7.4680
 -7.1840
 -5.7100
 -1.8220
 -0.6480
  0.3640
  1.7640
  3.1120
  3.1540
  3.4160
  5.8580
  7.0480
  7.8560
  9.0000
  9.1240
  9.1520
  9.1620
 10.0020
 10.2100
 11.0940
 12.0080
 12.2560
 13.5940
 14.0200
 14.5020
 14.9620
 15.0100
 15.8180
 21.3300
 21.3780
 21.9540
 22.5540
 23.7900
 24.6080
 25.2860
 26.1460
 28.6460
 30.7440
 31.4240
 32.7320
 34.9220
 35.2340
 35.7560
 36.8200
 37.0360
 37.4380
 42.5140
 42.9000
 44.0760
 44.2520
 56.0500
 65.6040
 68.9720
 89.6580


#Top pat = 17
-87.4760
-60.1300
-54.3200
-53.3280
-53.1660
-50.6540
-49.1300
-47.7640
-47.5800
-46.2080
-45.9760
-45.7480
-45.5460
-42.2360
-41.3440
-40.5040
-39.9940
-39.3300
-37.1200
-36.3080
-35.3960
-35.3100
-35.2940
-34.5040
-34.0520
-34.0200
-33.4720
-32.8140
-32.0880
-30.9280
-30.3940
-29.2780
-27.9840
-27.3020
-24.0680
-22.4460
-21.8840
-21.4020
-20.3520
-18.6740
-18.4360
-17.0740
-16.0620
-15.8380
-14.7400
-13.9140
-10.1380
 -9.3320
 -9.1480
 -8.5780
 -7.6680
 -7.3120
 -6.4280
 -4.1940
 -0.5320
 -0.0380
  2.0420
  2.4380
  2.5940
  3.2100
  3.8420
  4.7620
  9.2520
 11.0960
 12.7820
 12.8220
 13.2100
 13.8260
 14.1580
 14.4340
 15.4220
 15.6200
 16.3020
 17.0940
 20.1020
 20.5160
 20.9760
 21.2040
 21.5500
 21.6920
 21.7660
 25.1180
 25.1520
 25.5000
 25.9660
 28.1860
 31.5420
 36.1600
 37.0080
 37.4140
 39.4440
 39.8660
 40.3220
 43.5500
 43.7740
 45.6680
 45.6720
 55.4560
 62.2240
 77.0560


#Top pat = 18
-63.6900
-57.8940
-57.6500
-56.6260
-49.9140
-44.4340
-40.3840
-39.0420
-38.8360
-38.7720
-38.5820
-35.4500
-30.4180
-30.2860
-27.1140
-26.5180
-24.9140
-24.0800
-23.4420
-21.8020
-21.7780
-21.1020
-21.0660
-20.9840
-20.7320
-20.1560
-19.7880
-18.6480
-17.5960
-17.5160
-12.8800
-12.2640
-10.9440
-10.7480
-10.5540
-10.3540
-10.2620
 -9.8360
 -8.0260
 -7.3500
 -6.5280
 -4.2460
 -3.7620
 -1.9160
 -1.7320
 -1.2280
 -0.7840
  4.5100
  5.4920
  6.4980
  6.8440
  6.8600
  7.1160
  7.6860
  8.0940
  9.0280
  9.7320
 11.1160
 11.1180
 12.0460
 12.8940
 13.5060
 14.3000
 15.1340
 15.1600
 15.4160
 15.4900
 16.9500
 19.1240
 21.2620
 21.8880
 24.6780
 25.8020
 27.4960
 27.6700
 27.8660
 29.1760
 30.0460
 30.1960
 30.6500
 30.7320
 31.0220
 32.5060
 32.7120
 34.4780
 34.8520
 38.1600
 41.3780
 42.8760
 43.4620
 44.9860
 48.9240
 49.7020
 49.9760
 50.2120
 52.5540
 52.7960
 64.9300
 65.6040
 66.6960


#Top pat = 19
-74.9920
-71.2260
-56.8020
-55.2200
-50.2380
-48.0360
-47.7300
-45.9480
-45.1580
-44.9180
-43.8820
-43.6500
-43.5280
-42.2520
-39.0420
-38.2340
-36.1660
-34.1880
-32.3120
-32.2920
-31.2300
-31.1380
-29.7500
-28.6020
-27.4420
-26.8980
-26.6840
-25.8320
-25.5640
-24.5080
-22.3640
-19.5580
-19.4660
-18.7440
-18.5700
-18.3500
-16.2800
-16.1500
-16.0080
-15.3680
-14.0420
-13.9140
-12.9640
-12.3740
-10.2420
-10.0800
 -8.3780
 -6.3800
 -5.5920
 -5.2160
 -5.1380
 -4.6800
  3.4160
  6.0760
  7.7800
  8.8520
 10.3860
 11.2640
 13.5160
 13.5940
 15.0800
 15.3420
 15.3880
 15.5020
 17.3960
 17.9260
 18.0700
 18.7120
 18.8440
 19.2760
 20.1160
 20.2140
 20.5240
 20.9060
 21.3740
 23.9300
 25.5140
 26.6880
 28.4160
 28.7660
 29.9520
 31.3580
 31.4620
 32.0740
 32.2860
 33.4360
 34.0480
 37.8180
 38.0200
 39.1520
 39.8320
 40.4780
 41.0260
 42.4020
 44.4060
 52.9120
 57.3080
 58.4160
 61.2760
 69.0600


#Top pat = 20
-78.8600
-61.1180
-57.9300
-56.2940
-55.4640
-54.9460
-48.4180
-48.3540
-47.8160
-47.5040
-46.7400
-46.6200
-46.4980
-46.4760
-45.8960
-43.5100
-34.1240
-33.1700
-32.8020
-31.7620
-31.5200
-30.8860
-30.3040
-28.5480
-24.9260
-23.9920
-23.0820
-22.6780
-22.6700
-18.7320
-18.4940
-17.7540
-17.3320
-16.8520
-16.8340
-15.6620
-15.0940
-14.6620
-11.6200
-11.4600
 -9.1380
 -8.4100
 -5.7140
 -3.7400
 -3.2420
 -2.7840
 -2.5520
  0.8180
  4.5420
  5.9580
  6.2580
  7.8660
  7.9600
  8.3340
  9.6480
  9.9960
 10.8380
 11.6000
 13.1320
 14.4300
 15.2600
 15.5520
 18.7660
 20.4760
 21.2820
 22.2760
 22.9000
 23.1800
 23.8580
 24.1480
 24.6320
 27.4940
 27.5780
 27.8180
 28.7220
 29.1940
 31.3980
 31.7200
 33.5300
 34.1000
 34.5960
 35.3020
 36.0240
 38.0840
 41.7300
 42.1360
 44.3100
 45.1540
 45.8180
 45.8660
 48.0940
 48.1800
 49.6540
 50.5160
 51.5240
 52.8680
 54.3440
 58.5980
 61.7080
 62.9480


#Top pat = 21
-73.0360
-70.8560
-65.6320
-65.4120
-65.1080
-63.7820
-58.9520
-55.2060
-55.1920
-53.2340
-50.2960
-49.0380
-47.4060
-40.9420
-37.6740
-37.4380
-35.1560
-32.2040
-31.4880
-31.1860
-30.8780
-30.4480
-28.8400
-25.6200
-25.0100
-24.8080
-24.3840
-23.7640
-23.4420
-22.2660
-21.3020
-20.4920
-20.2680
-20.1480
-18.9880
-17.4660
-17.3620
-16.7040
-15.8560
-15.0080
-14.8360
-14.3200
-12.8900
-12.5820
-11.8720
-11.6280
-10.3120
-10.2560
 -7.1220
 -6.0740
 -5.9860
 -2.8460
 -2.3180
 -1.4580
  1.2420
  2.5320
  4.0500
  4.5600
  5.2340
  6.0620
  7.3160
  7.4400
  9.4020
  9.9640
 10.6220
 13.2200
 14.3820
 15.9520
 16.4140
 16.6640
 17.1780
 17.2900
 17.5360
 17.9320
 18.0460
 18.4280
 18.8160
 19.6340
 20.1140
 21.6680
 22.6560
 25.9220
 27.0960
 27.4000
 36.4800
 36.9060
 38.9440
 40.6940
 40.9220
 42.4100
 43.8500
 46.5440
 47.0020
 47.1760
 55.2520
 57.9280
 64.0460
 65.5360
 71.4720
 71.9380


#Top pat = 22
-70.3980
-66.9840
-63.7800
-56.6600
-55.4320
-53.6360
-51.7580
-50.2660
-49.7840
-46.0680
-44.9340
-44.1620
-42.8100
-42.1020
-41.4000
-40.9740
-40.1080
-39.6660
-37.9900
-37.9620
-37.2440
-32.8720
-28.4960
-27.7960
-27.6860
-27.2220
-27.0100
-26.7400
-26.7120
-26.6900
-26.1620
-24.7000
-24.6000
-24.0500
-22.9640
-20.5200
-20.4500
-19.8960
-19.5580
-19.0700
-18.3300
-17.9680
-17.4720
-16.8500
-14.6180
-14.6080
-14.3760
-12.7920
-10.0820
 -7.5380
 -7.1820
 -6.9420
 -5.0820
 -4.8960
 -4.2000
  0.2840
  1.8300
  2.9340
  4.1060
  7.0500
  7.2840
  8.6920
 10.8500
 13.3940
 14.2680
 14.7000
 15.8900
 17.5420
 19.3340
 19.3900
 19.4980
 19.8080
 20.4340
 24.7680
 25.7700
 26.7560
 27.7440
 28.1800
 28.2720
 29.1500
 29.3100
 30.1480
 31.3420
 32.6000
 32.7240
 34.6820
 38.7540
 41.7780
 42.2800
 44.0600
 44.6740
 47.3980
 47.6800
 48.4160
 49.2780
 50.6540
 51.2880
 56.7240
 56.7460
 59.3060


#Top pat = 23
-74.5640
-74.2240
-64.1140
-55.3840
-47.0020
-46.1000
-43.4100
-41.3880
-39.7760
-39.2320
-38.9000
-38.7040
-36.4700
-34.9740
-34.8380
-33.7080
-32.7180
-32.2920
-31.9080
-31.5400
-28.4660
-28.3360
-27.6240
-26.4620
-25.9640
-24.7860
-23.6500
-23.1280
-21.5140
-20.6900
-17.9000
-16.4380
-16.1980
-15.4300
-15.3540
-13.4660
-13.1880
-13.0400
-11.8880
-10.6580
 -9.9260
 -8.9000
 -8.4720
 -7.8960
 -6.6040
 -6.4020
 -4.4520
 -2.2740
 -1.5340
 -1.1980
  2.0080
  3.5820
  4.8120
  6.2880
  8.9620
 10.5120
 10.8800
 11.6300
 14.6260
 16.3880
 16.9860
 17.2140
 17.5160
 18.1620
 18.4360
 18.4620
 18.5240
 20.5820
 23.5760
 25.4960
 25.9480
 26.2660
 27.8660
 29.0400
 29.0520
 30.0180
 30.2460
 31.0120
 31.0880
 31.7980
 34.3340
 35.3000
 35.6280
 37.6680
 40.0280
 41.8340
 42.8300
 43.2280
 44.0860
 44.2060
 44.8600
 45.0540
 46.7080
 48.9380
 49.4780
 49.4940
 51.5560
 62.8460
 65.3180
 67.5260


#Top pat = 24
-80.3920
-54.3000
-53.4960
-53.4360
-51.4040
-49.4380
-44.9780
-44.9140
-43.8580
-43.7180
-42.8740
-41.5900
-38.9500
-38.6280
-35.8540
-35.7540
-35.4680
-34.3000
-33.8900
-33.1880
-32.2700
-29.7680
-28.7580
-28.4580
-28.4420
-27.1560
-27.1520
-27.1160
-26.4760
-26.4760
-25.4340
-25.2020
-23.7560
-23.3200
-23.3040
-22.5540
-22.4620
-21.8520
-21.6660
-20.9440
-20.5760
-20.5040
-19.9580
-19.6720
-18.5120
-18.1040
-17.0180
-15.0640
-14.9720
-14.8520
-14.8080
-14.7480
-11.2640
 -8.7820
 -8.0000
 -5.8260
 -3.9240
 -2.7060
 -1.1080
 -0.2280
 -0.1000
  1.7040
  2.7120
  3.3840
  6.1960
  9.7240
 10.1360
 10.2160
 10.4660
 11.5080
 13.5160
 13.7340
 18.6620
 18.9360
 19.0420
 19.2360
 20.4500
 21.5820
 25.1480
 27.4860
 28.8740
 30.1080
 31.3500
 33.3800
 33.5540
 33.5660
 33.6680
 34.2980
 35.2220
 35.9380
 38.3760
 39.7520
 41.7200
 50.2420
 52.1480
 58.3080
 60.0700
 61.2420
 76.5260
 83.6840


#Top pat = 25
-75.3080
-68.9680
-60.5280
-59.9580
-53.4080
-51.5440
-50.3340
-46.8540
-46.7740
-43.3060
-42.8440
-38.9760
-37.1640
-36.5740
-35.2040
-30.9620
-29.7360
-29.4760
-28.1020
-27.0680
-26.4640
-24.8500
-21.5280
-19.4840
-19.2560
-18.5360
-18.4700
-17.0960
-15.6720
-15.6200
-14.9240
-14.6420
-12.8300
-11.9220
-11.3080
 -9.6920
 -8.5000
 -8.2880
  2.7120
  4.6160
  4.6740
  6.3220
  7.1720
  7.2580
  7.6280
 11.5140
 12.8060
 13.6040
 13.9940
 14.3280
 14.3920
 14.6240
 15.5420
 15.8280
 16.6860
 17.1720
 17.3920
 17.8760
 20.4200
 21.2380
 22.4300
 22.4820
 23.0640
 23.3500
 23.6880
 24.5320
 24.6580
 24.8700
 25.6540
 27.9940
 29.8160
 30.0940
 30.6180
 30.8560
 31.0380
 31.1000
 31.3360
 33.2720
 33.7600
 33.8320
 34.6300
 35.4080
 36.3560
 36.4480
 36.5880
 36.7500
 37.5460
 37.5480
 39.5120
 39.5320
 40.1200
 40.1220
 41.5500
 47.8120
 49.4760
 49.6920
 51.1120
 53.9180
 58.2100
 58.2180


#Top pat = 26
-63.0280
-62.1440
-58.4440
-57.9680
-57.5180
-42.8740
-40.1820
-37.6740
-37.4280
-36.4160
-34.4080
-34.1540
-33.7800
-33.3960
-33.3140
-29.9740
-29.7580
-29.1200
-28.0100
-27.8720
-27.3560
-26.6120
-25.9160
-25.8060
-24.6940
-24.3660
-23.6900
-23.4820
-23.2380
-22.3420
-21.5340
-21.0960
-19.9080
-18.6880
-18.0160
-17.7160
-15.2900
-14.3400
-13.9940
-12.1700
-10.0360
 -9.0500
 -8.3200
 -8.2780
 -7.1300
 -6.5000
 -6.4800
 -6.2320
 -5.6900
 -3.3480
 -2.3800
 -2.0520
  0.8800
  3.2040
  6.1320
  7.1060
  7.6360
 10.1880
 10.9820
 12.5360
 12.5600
 13.5720
 14.8820
 15.4300
 17.8460
 18.0940
 18.5800
 20.1320
 20.8540
 22.4440
 22.5340
 22.7040
 23.3260
 24.6640
 25.0820
 25.2320
 26.0520
 26.1520
 26.4620
 28.7540
 30.1500
 31.2760
 31.4000
 31.9220
 32.6540
 35.3860
 36.3160
 36.8220
 37.8060
 38.2580
 39.4420
 40.4060
 43.4940
 43.9540
 47.7320
 53.4420
 60.2940
 63.3200
 66.7640
 73.3660


#Top pat = 27
-75.4740
-66.6000
-62.4160
-61.5760
-61.2480
-60.5260
-57.8820
-52.8480
-51.4160
-48.9200
-48.6980
-43.8780
-42.2780
-41.2220
-36.5020
-36.0840
-35.1520
-34.1980
-33.8080
-33.4700
-33.3360
-30.7840
-30.5380
-29.2180
-25.4060
-19.8300
-19.7400
-19.3260
-18.4740
-17.7840
-16.5760
-15.8120
-15.5540
-14.2920
-14.1000
-12.9340
 -9.5180
 -9.4280
 -4.2940
 -3.7120
 -3.1220
 -3.0580
  0.8840
  1.4180
  1.5280
  2.0020
  2.0500
  2.2800
  2.8840
  3.0660
  4.2940
  8.1340
  8.7380
  8.8700
 10.7380
 10.7460
 12.9420
 14.6900
 15.1120
 16.5140
 17.9280
 18.0540
 20.4780
 21.3340
 21.7780
 21.8900
 22.2400
 23.0120
 23.3440
 23.4260
 23.8740
 24.5840
 25.8760
 27.2040
 28.0860
 28.7800
 28.7940
 29.4280
 29.7120
 29.7940
 30.0600
 32.5360
 34.4480
 36.0060
 36.3900
 39.0360
 39.3300
 39.4140
 39.5460
 41.5260
 43.2660
 43.7000
 47.0580
 47.8900
 49.0200
 50.9460
 51.3100
 53.6220
 55.1320
 64.8580


#Top pat = 28
-76.5080
-73.7060
-62.8180
-60.6340
-53.7720
-52.7880
-51.0040
-49.1180
-48.0320
-47.6780
-46.3220
-46.2600
-42.7480
-39.5180
-39.4300
-38.4660
-38.0560
-37.5680
-35.1640
-33.7640
-32.8660
-30.8080
-30.2680
-30.1560
-29.8760
-29.6860
-25.9800
-25.2740
-21.7440
-20.9700
-19.4440
-17.5880
-16.8740
-15.9800
-15.5220
-15.3960
-15.0600
-14.0320
-12.1420
-11.1620
-10.8820
 -9.6440
 -8.3880
 -8.3820
 -7.9340
 -6.1140
 -6.0280
 -5.7420
 -5.5600
 -4.7740
  1.1140
  1.4320
  3.9820
  5.9340
  6.5440
  8.0840
  9.6520
 10.6980
 11.4000
 13.4760
 13.9200
 15.3880
 15.4840
 15.7900
 16.6440
 19.1040
 20.6940
 21.3200
 21.5740
 21.9520
 22.5960
 24.4740
 24.6120
 24.7000
 25.1520
 26.5900
 27.0560
 27.9460
 28.8120
 30.4420
 31.5880
 32.8900
 33.0600
 33.2740
 36.4480
 39.8800
 40.3600
 40.7680
 41.4300
 42.5880
 43.9180
 45.8040
 46.0940
 47.8320
 48.6960
 50.1560
 60.9140
 63.0340
 67.4820
 84.2400


#Top pat = 29
-70.4500
-66.0940
-60.3320
-59.2980
-58.1480
-53.7340
-52.9800
-49.9800
-48.3760
-48.1540
-47.9720
-47.2460
-45.2460
-43.6920
-41.9580
-40.7580
-40.2400
-39.5080
-39.0600
-38.7380
-38.2840
-37.0980
-36.5860
-36.0200
-35.8620
-35.3060
-33.9080
-33.8200
-32.3640
-27.5880
-26.0000
-24.2860
-23.8160
-22.3100
-21.0320
-20.7980
-20.4240
-20.4200
-19.8160
-16.8980
-16.8200
-12.3560
-11.9160
-10.8700
-10.2680
-10.0460
 -9.9980
 -8.5260
 -4.1800
 -4.1560
 -1.7160
  0.4560
  6.0860
  8.7220
 10.2540
 10.9060
 11.6520
 13.2920
 13.3900
 13.8580
 16.9840
 17.2540
 17.5000
 17.8220
 20.6440
 20.9160
 21.6820
 21.9600
 22.1460
 22.6680
 23.1580
 23.8540
 24.0580
 26.4420
 27.8700
 29.5800
 29.9720
 30.4260
 30.6100
 34.4700
 35.4800
 36.9340
 37.2020
 37.4440
 39.6000
 40.3000
 44.1860
 44.4260
 45.3240
 45.7600
 45.8980
 46.0120
 46.5860
 48.6920
 49.2200
 49.8620
 57.0260
 57.8520
 62.6720
 70.6920


#Top pat = 30
-80.5320
-74.4420
-68.7100
-60.6900
-56.1420
-53.2720
-53.0160
-49.9360
-48.6180
-47.7620
-47.0120
-46.5460
-45.4080
-42.5500
-42.2200
-41.3940
-40.3280
-40.1240
-39.8100
-35.8620
-35.8260
-35.7200
-30.7520
-30.0040
-29.4240
-29.1880
-28.9380
-28.6080
-28.3980
-26.7400
-26.1620
-24.0580
-23.4600
-20.1160
-19.9400
-19.9220
-19.1620
-18.9220
-18.8060
-17.8040
-15.0580
-13.9640
-13.3940
-11.4680
 -9.8740
 -8.7960
 -5.2480
 -4.8300
 -4.3620
 -4.3300
 -2.4140
  0.4540
  3.2240
  4.0220
  4.6580
  7.5380
  7.6140
 10.2080
 11.0900
 11.9520
 12.8340
 12.9060
 13.2500
 15.1540
 17.1740
 18.6020
 18.7780
 19.4420
 19.9640
 20.2400
 20.5980
 21.3420
 22.4460
 23.6520
 23.8940
 23.9680
 24.8360
 25.5160
 26.2460
 27.4740
 28.1280
 28.8940
 30.3240
 31.4480
 32.5860
 36.1260
 37.3800
 37.5980
 38.2080
 40.2120
 41.7100
 46.3980
 46.5580
 46.6020
 49.5080
 51.9180
 56.2860
 56.9180
 63.1960
 67.4800


#Top pat = 31
-85.6620
-77.9260
-62.6780
-61.1240
-55.6580
-55.3140
-49.2820
-45.4440
-45.3020
-42.8540
-37.3460
-35.5960
-35.0500
-34.9260
-33.6620
-32.5600
-31.8020
-30.5120
-29.3360
-27.4760
-27.1200
-26.9140
-26.2480
-25.9540
-24.2680
-24.1460
-23.9180
-23.8980
-23.6060
-22.6620
-21.6880
-20.9520
-18.2920
-17.0840
-16.5960
-16.4180
-16.0300
-15.9260
-15.4000
-15.3340
-14.3920
-11.9800
-10.3680
-10.1300
 -9.6460
 -6.8400
 -6.6340
 -6.3640
 -3.9580
 -3.3980
 -2.7960
 -1.2080
 -0.0340
  2.1440
  3.9980
  4.5980
  6.7740
  8.0720
  8.1500
  9.7420
  9.8460
 10.5420
 11.0400
 12.0040
 13.3540
 18.6880
 19.5660
 20.7860
 21.6320
 22.0120
 22.2120
 22.3240
 23.7960
 23.9620
 24.0060
 25.5100
 25.8360
 29.2220
 30.3460
 30.9080
 31.3120
 31.3980
 32.1600
 32.5520
 33.1400
 34.2100
 36.0660
 36.1400
 41.7040
 42.3500
 44.5880
 45.8980
 50.1680
 54.0660
 56.0440
 58.4280
 62.2800
 62.7080
 69.7520
 72.9940


#Top pat = 32
-68.0460
-60.5080
-58.1680
-55.9700
-54.5140
-52.3480
-51.1080
-45.3460
-45.1740
-40.5940
-40.4380
-35.3400
-34.6720
-33.3580
-31.5960
-31.2520
-30.0260
-28.7760
-27.7460
-26.5020
-25.8720
-23.3340
-22.9500
-22.4600
-22.2740
-22.0200
-21.9740
-21.5460
-21.2020
-20.8320
-20.1320
-19.9760
-18.6440
-17.1020
-16.2140
-14.6680
-13.8280
-13.0240
-10.2760
 -7.7680
 -7.1620
 -6.5960
 -3.3540
  4.4220
  5.0500
  5.5480
 10.2280
 11.6180
 12.9000
 13.4220
 13.8420
 13.8660
 14.2580
 14.9980
 16.8220
 17.4200
 17.5560
 18.5700
 18.7180
 19.0080
 19.8660
 21.7600
 22.2800
 24.4020
 24.9620
 25.1820
 25.8600
 26.6600
 28.1800
 28.5180
 28.9260
 29.1620
 29.1920
 29.4840
 31.1500
 31.8760
 32.0460
 33.3720
 33.8620
 36.5020
 37.7060
 39.4160
 40.5220
 40.7980
 40.8260
 40.8620
 41.4840
 42.0580
 43.2500
 44.1220
 44.3780
 46.0060
 46.1480
 47.3880
 53.0640
 53.9440
 55.2040
 56.2500
 57.1080
 69.5760


#Top pat = 33
-77.9140
-75.3760
-59.1080
-57.8480
-57.7000
-57.0340
-55.7660
-53.9960
-50.8700
-48.3620
-42.8520
-42.8500
-42.6720
-40.3140
-38.1760
-38.0940
-37.2760
-34.7400
-34.7000
-31.9520
-31.4880
-30.0180
-29.9740
-29.8740
-29.7000
-28.9580
-25.8320
-24.9840
-24.2520
-23.3440
-23.3220
-23.1620
-22.6460
-22.4080
-21.6000
-21.5220
-17.2140
-17.0600
-16.8940
-16.4800
-16.2360
-16.1440
-15.5240
-15.2720
-15.0120
-13.7660
-13.7200
-13.4360
-12.3420
-11.9840
 -9.9840
 -8.7880
 -5.7720
 -5.3460
 -4.9200
 -4.8900
 -3.9260
 -3.7600
 -2.1660
 -1.1840
  4.6660
 10.6800
 13.0580
 13.4760
 13.8940
 14.5260
 14.5880
 14.9660
 15.9760
 17.7600
 17.8600
 19.1140
 21.2880
 23.8940
 23.9760
 24.4000
 25.7300
 26.4560
 27.1640
 27.5620
 27.5660
 29.6840
 30.2580
 30.7720
 31.5340
 32.3660
 32.9920
 37.2180
 38.7380
 40.2640
 40.8440
 42.0380
 43.6180
 46.8040
 48.6120
 49.8080
 51.3280
 51.9440
 58.6500
 61.3520


#Top pat = 34
-71.5880
-65.3320
-64.6560
-63.2460
-60.4920
-56.8320
-45.9100
-44.2440
-41.8680
-41.0920
-38.6580
-38.1680
-33.4620
-32.5880
-32.5700
-31.5380
-30.3800
-27.5400
-27.5300
-27.0180
-22.9720
-22.3800
-21.0800
-19.6480
-19.2200
-17.0240
-16.0640
-15.4160
-10.5680
 -8.7900
 -8.3820
 -6.6100
 -5.9760
 -5.8420
 -5.1000
 -3.0980
 -2.9980
 -1.2940
 -1.1920
  1.0660
  1.6020
  5.1300
  5.1320
  6.2300
  6.5920
  7.6180
  9.0240
 10.3160
 10.5960
 10.9620
 12.0480
 12.4480
 12.7180
 12.8120
 13.0440
 13.5500
 14.1800
 14.3580
 14.7220
 15.1800
 15.9320
 18.0440
 18.1860
 19.3320
 19.9440
 20.6700
 21.2420
 22.1160
 22.9320
 24.4200
 24.7480
 25.1500
 29.5420
 29.5480
 30.3120
 30.3740
 30.6800
 30.9780
 31.7100
 32.1340
 32.5340
 32.8660
 35.6600
 36.1040
 37.1060
 37.8340
 38.1220
 38.4540
 40.6420
 42.4180
 43.2400
 45.2160
 45.2340
 45.8200
 47.5240
 50.1940
 52.9520
 53.4180
 65.2360
 75.1080


#Top pat = 35
-68.0820
-57.1860
-55.0520
-52.7340
-46.8240
-46.4120
-45.7880
-43.4000
-40.2080
-36.5440
-35.8360
-35.4420
-34.1640
-34.1620
-33.4040
-33.3900
-32.3520
-31.6160
-29.9660
-29.5980
-27.9660
-26.8060
-24.8540
-24.3040
-21.7060
-19.9260
-19.2740
-17.5480
-15.6840
-11.7940
-10.2620
 -7.9160
 -4.7080
 -1.4200
  0.0020
  0.1360
  1.2800
  3.6860
  5.5880
  6.2960
  6.3500
  8.2860
  8.9720
 10.2900
 11.3540
 11.9480
 12.0840
 12.4300
 13.2480
 13.2560
 13.8200
 14.2480
 14.8020
 15.9000
 16.8300
 18.0920
 18.1100
 18.3120
 18.3420
 19.7660
 20.5480
 21.0600
 22.3920
 22.7920
 22.8060
 23.2100
 23.2500
 23.7520
 24.2040
 24.7980
 24.9480
 25.1040
 25.1740
 27.3380
 28.0200
 28.5700
 30.1820
 30.5740
 31.3200
 32.0660
 32.7100
 33.9140
 34.1800
 35.6060
 36.2860
 36.7940
 39.9140
 39.9140
 40.2440
 40.9740
 41.2000
 43.2080
 43.6820
 44.2140
 44.5260
 45.8180
 47.8620
 54.4320
 60.9680
 66.0080


#Top pat = 36
-72.8580
-64.2380
-62.8720
-61.6980
-52.8220
-52.6000
-50.1780
-49.2080
-48.4920
-42.0940
-39.8480
-38.7320
-38.4300
-37.3760
-36.9840
-36.5920
-36.4280
-36.2580
-35.1640
-34.5060
-32.6380
-32.2720
-30.7000
-30.5740
-29.9120
-29.8720
-28.0640
-27.1600
-25.5300
-24.2580
-22.4600
-21.7960
-21.5100
-21.2740
-20.0340
-19.7820
-18.1080
-16.7960
-16.6860
-15.3440
-15.0920
-14.9060
-13.1540
-13.0640
-12.7200
 -9.5860
 -9.5720
 -9.3960
 -8.7080
 -2.0840
 -1.0840
  0.8680
  2.8600
  3.0100
  4.4400
  5.6180
  6.2500
  7.1120
  9.8940
 11.5940
 12.1340
 12.1960
 12.2760
 12.4000
 12.6960
 13.0900
 13.9840
 15.0700
 17.1160
 17.3720
 18.5580
 20.4980
 24.4400
 24.5240
 24.8080
 26.1060
 27.0100
 27.5140
 27.6860
 27.8780
 30.0260
 30.5000
 30.6000
 31.2640
 32.0620
 32.9780
 35.4160
 39.1360
 39.5440
 39.5820
 39.7960
 40.7120
 40.7600
 41.9660
 43.0820
 43.5340
 45.5280
 49.4460
 53.6720
 75.0120


#Top pat = 37
-80.4180
-76.4540
-63.4960
-62.6140
-61.7060
-55.4980
-53.1000
-49.5120
-45.6000
-44.6900
-42.6100
-41.5480
-39.9760
-38.8760
-38.7340
-37.4280
-36.9600
-35.9680
-33.3160
-33.0320
-30.8200
-29.4120
-28.2600
-27.7320
-25.8660
-25.2520
-24.6280
-23.8660
-23.5700
-23.4520
-22.7720
-21.8720
-21.4200
-20.1640
-19.9660
-19.8580
-19.7360
-19.3120
-18.9920
-16.9300
-12.1180
-11.0460
 -9.5920
 -9.4980
 -6.9140
 -5.5520
 -4.3600
 -3.0480
 -2.3240
 -2.1020
 -1.3520
 -1.2380
 -0.0360
  0.4680
  0.8520
  2.7640
  4.6080
  4.6100
  6.8000
  8.5420
  8.6120
 11.2700
 11.6220
 12.2560
 13.1740
 13.7680
 14.6500
 16.9880
 18.0040
 19.1800
 24.3280
 24.3320
 24.7860
 25.8960
 27.0740
 27.1660
 28.1180
 30.2040
 31.3500
 31.8580
 35.3900
 35.6660
 36.4920
 38.4500
 38.5620
 40.2720
 40.5140
 40.9720
 42.9020
 47.1540
 48.2680
 48.7320
 53.9160
 57.9420
 58.2680
 59.4880
 60.5420
 61.8920
 70.6640
 72.9960


#Top pat = 38
-79.9540
-69.5080
-57.9060
-56.1460
-48.9000
-47.8280
-43.8220
-43.4100
-42.9620
-40.8720
-38.9000
-38.1220
-37.8820
-37.7920
-36.2660
-34.5440
-33.7480
-32.6880
-32.6480
-29.7660
-28.5500
-28.1960
-27.0140
-26.9540
-23.6100
-23.4780
-23.1880
-22.6540
-22.6460
-22.2360
-21.3700
-19.3560
-17.4740
-17.0960
-16.3300
-14.7540
-14.5520
-11.2700
-10.5160
-10.3780
-10.2500
-10.2100
 -7.2640
 -6.8540
 -6.6680
 -6.5960
 -6.1460
 -5.6840
 -4.0280
 -2.0720
 -1.9260
  1.6100
  2.4700
  2.5980
  4.5700
  7.5920
  8.1940
 11.3080
 11.4280
 11.4920
 12.3340
 12.4140
 12.8620
 13.7220
 14.3200
 14.5120
 14.6100
 14.7900
 15.3720
 15.6820
 17.1540
 20.1620
 20.4940
 20.9880
 22.4360
 22.7340
 22.8540
 25.4020
 26.8600
 27.5160
 28.2160
 29.1500
 30.1520
 31.0500
 31.5300
 33.5060
 33.9880
 36.5840
 41.2920
 43.4940
 43.6740
 44.3480
 44.9520
 45.0940
 47.9580
 49.2520
 53.6100
 55.6720
 56.2840
 66.3500


#Top pat = 39
-64.9520
-64.6640
-63.3680
-62.5940
-56.8320
-55.9880
-53.5420
-52.8520
-50.5460
-50.1800
-47.8900
-46.2120
-41.9880
-39.8420
-38.9500
-37.9880
-36.3040
-36.2400
-35.1400
-34.6160
-33.4500
-33.3980
-33.1880
-33.0380
-31.2220
-30.5160
-30.4140
-30.2500
-30.2440
-29.2200
-26.7540
-25.9520
-25.7940
-25.4340
-23.2500
-22.8740
-21.3700
-18.0540
-14.8720
-14.3240
-13.9880
-13.9080
-12.2540
-12.1460
-10.8880
-10.8080
-10.3060
 -6.7040
 -6.7040
 -6.3000
 -5.5760
 -4.1620
 -3.8060
  1.2000
  1.5580
  3.0740
  4.2300
  5.8340
  6.5840
  6.8220
  7.4440
  8.2980
  8.6180
  8.8540
  9.4100
 10.7500
 11.0540
 15.1360
 15.2900
 15.4080
 15.7780
 17.0860
 17.9240
 17.9560
 19.1820
 19.5740
 21.6680
 21.8580
 22.7480
 24.9800
 26.8940
 32.4220
 32.4820
 32.9200
 33.6880
 34.5320
 35.1740
 35.9340
 37.3440
 38.7940
 39.5160
 41.3160
 43.9720
 44.6160
 46.4880
 54.8120
 61.0320
 61.7120
 67.6580
 75.7680


#Top pat = 40
-80.4520
-68.0460
-66.0720
-59.8340
-58.1080
-56.8520
-56.0520
-50.2460
-45.5880
-43.0620
-42.7480
-42.3740
-40.8580
-40.3700
-39.3060
-39.1180
-38.8780
-36.8000
-36.2260
-36.0780
-35.4040
-35.1980
-34.9740
-34.3120
-34.2620
-32.8280
-32.7180
-32.2120
-30.4820
-29.5420
-25.6200
-23.5020
-22.5940
-22.5820
-22.1340
-19.9060
-19.2700
-18.9220
-16.7000
-15.9620
-13.5700
-10.2360
-10.0340
-10.0020
 -9.9100
 -9.6360
 -7.8680
 -6.3980
 -6.1160
 -5.9640
 -5.6380
 -3.2940
 -2.6200
 -1.9900
 -0.8600
  3.8640
  5.0620
  6.6560
  7.1500
  7.5860
  8.7260
  8.9300
  9.5380
 10.5260
 13.4980
 14.6760
 14.8040
 15.4460
 20.0940
 20.1800
 20.2240
 21.0960
 22.7800
 22.8440
 23.3320
 23.5420
 23.8800
 24.7100
 28.6800
 28.9540
 30.1280
 30.1760
 30.5020
 30.7980
 31.0740
 32.7220
 34.1780
 36.2240
 36.8620
 37.1140
 39.6560
 40.3700
 42.9580
 44.1100
 44.6660
 57.2260
 60.0760
 65.1380
 77.5840
 77.7480


#Top pat = 41
-62.0220
-57.5820
-53.4960
-49.3880
-48.3440
-47.0400
-44.1000
-43.0580
-42.1520
-41.0780
-39.7640
-37.4420
-37.1780
-34.5040
-33.9500
-33.7880
-29.9280
-28.3780
-28.2160
-27.0520
-25.9600
-25.1880
-24.5320
-24.3060
-24.1160
-23.1120
-23.0320
-22.9440
-21.5260
-21.4280
-20.7520
-19.9660
-19.7300
-19.3220
-18.0600
-17.6880
-17.1880
-14.8240
-14.7080
-14.6920
-13.5400
-13.4160
-12.5220
-12.1360
-10.9000
 -9.5240
 -9.1440
 -8.8440
 -8.4760
 -8.3940
 -8.0540
 -6.9460
 -6.7680
 -6.4780
 -1.9540
 -1.3280
 -0.0500
  0.3200
  1.0500
  3.8500
  4.1820
  5.3160
  6.7960
  9.8060
  9.9000
 10.5200
 11.6500
 11.7860
 12.1820
 12.2740
 17.4480
 17.9660
 19.8280
 20.1220
 22.5140
 24.1960
 24.4100
 26.9520
 28.7700
 28.9200
 29.9640
 33.9300
 36.3160
 39.7240
 40.0220
 44.4500
 46.4020
 50.9540
 52.4660
 53.3800
 53.6020
 55.8160
 56.5740
 58.3120
 58.7600
 59.9300
 62.8320
 63.6560
 66.0380
 71.9720


#Top pat = 42
-73.2960
-61.7860
-55.3800
-50.0240
-48.8160
-47.1500
-46.8900
-45.5600
-41.5620
-40.4900
-39.2000
-38.9420
-38.9360
-38.5660
-38.1400
-37.6860
-37.3380
-34.7980
-34.4860
-33.6380
-27.4700
-27.3820
-26.6380
-26.0480
-25.3760
-24.8500
-24.6160
-24.0140
-23.4020
-18.9080
-18.8240
-18.1360
-16.9760
-16.6980
-16.2120
-13.3140
-13.1180
-10.4500
 -9.9420
 -9.8840
 -9.0320
 -7.5200
 -3.8400
 -1.9000
 -0.8000
 -0.0820
  1.7580
  2.9600
  3.9120
  7.8260
  9.0700
  9.9480
 11.8220
 11.8600
 12.4340
 13.1220
 13.4040
 13.4060
 14.6880
 14.7680
 15.2920
 15.3460
 15.5520
 16.1100
 16.7940
 18.7200
 20.3880
 23.1540
 23.5240
 23.6740
 23.9580
 24.3080
 25.1980
 26.4940
 26.6820
 27.7280
 28.1400
 28.7280
 29.5500
 30.1200
 31.0120
 32.7360
 33.3300
 33.6120
 34.5780
 34.7720
 38.6400
 38.7140
 38.7940
 42.1160
 42.2660
 49.9060
 50.2980
 52.9600
 53.1840
 54.7620
 57.9900
 68.1340
 70.9440
 81.9660


#Top pat = 43
-76.7620
-76.7220
-57.6860
-56.9280
-55.2680
-51.0340
-47.9100
-47.2600
-44.4480
-42.6840
-41.9540
-41.7940
-40.0220
-38.8380
-35.5220
-34.1200
-33.9640
-33.1160
-31.1060
-29.3680
-29.0140
-28.8120
-26.9980
-26.7460
-26.4200
-25.7200
-23.9540
-23.8520
-22.5700
-21.4280
-21.3280
-21.3140
-20.7180
-20.6320
-20.3900
-18.5560
-15.8020
-14.9520
-14.9380
-14.6820
-14.3540
-14.0600
-13.9880
-13.6060
-10.9220
 -7.2740
 -7.1000
 -6.8400
 -4.7320
 -0.6100
 -0.1160
  5.2360
  5.3560
  9.3080
 10.3600
 12.6120
 14.9800
 15.1580
 15.3640
 16.7400
 17.1280
 17.9040
 17.9860
 19.4260
 20.5780
 22.1820
 22.7980
 23.1420
 23.6380
 24.0320
 24.7840
 25.2060
 25.2260
 25.5580
 25.7640
 26.0320
 26.6920
 27.0660
 31.4700
 31.6660
 32.3040
 32.5520
 35.0640
 35.3460
 38.3160
 41.1500
 41.7980
 42.4200
 42.8920
 42.9620
 43.6240
 45.8740
 47.1780
 47.2540
 48.8200
 51.9420
 52.5920
 60.1860
 73.5780
 79.3580


#Top pat = 44
-80.6820
-74.9840
-72.9600
-71.0200
-58.4300
-57.2300
-52.5660
-48.1720
-47.7100
-47.0360
-45.8620
-45.1600
-44.9200
-43.4440
-43.3840
-40.6480
-39.5680
-39.4500
-39.1640
-37.7840
-34.8980
-34.2780
-33.4960
-32.9540
-32.4500
-31.9580
-31.3060
-31.1680
-30.6460
-29.6320
-27.6820
-25.2540
-25.1160
-24.7240
-22.6340
-22.4560
-21.2360
-20.4620
-20.3120
-19.5600
-17.5520
-17.0200
-15.7380
-14.2240
-14.2000
-11.8520
-11.1280
-10.8520
 -9.5500
 -5.7680
 -4.8280
 -4.0000
 -2.5020
 -1.5220
 -0.0600
  1.8980
  2.4700
  3.3100
  4.1520
  4.5660
  6.1580
  8.7060
 12.8320
 12.9920
 13.0500
 13.1300
 13.2680
 16.3820
 18.7660
 18.9720
 19.2720
 20.8660
 21.7000
 22.0220
 22.2060
 22.4140
 22.4540
 23.4180
 23.8720
 27.2900
 27.5320
 28.6460
 32.3660
 32.6800
 33.2560
 33.7520
 35.0720
 36.5240
 38.6000
 39.5460
 39.8780
 40.3980
 45.4800
 50.7200
 54.2100
 54.6340
 60.0760
 62.6560
 63.6880
 84.4200


#Top pat = 45
-83.1500
-62.4240
-61.0820
-58.7760
-57.2060
-56.6180
-55.0940
-53.5000
-52.8480
-49.6340
-49.3880
-47.9420
-46.8000
-46.4540
-44.5460
-42.4760
-40.9320
-38.7280
-38.2460
-37.5660
-35.2620
-33.2700
-33.0780
-31.9280
-31.5320
-31.2420
-31.1280
-30.6320
-29.4940
-28.8340
-28.1740
-27.5920
-26.2300
-23.9180
-23.0260
-22.2200
-21.7000
-20.0240
-19.2100
-18.8640
-17.1780
-16.7560
-16.3080
-12.8080
-12.3720
-11.6620
-11.0140
-10.5660
 -9.5300
 -8.5040
 -8.3860
 -6.6220
 -5.2040
 -4.8240
 -0.5540
  0.0680
  0.9260
  2.7800
  3.0500
  3.5720
  4.4160
 14.3660
 14.8260
 16.6540
 18.0040
 18.1400
 18.8360
 19.3200
 20.5640
 22.5820
 23.2420
 24.0900
 25.0600
 27.0700
 27.6420
 27.7160
 28.4960
 28.6700
 30.0300
 31.0100
 31.2160
 31.3420
 31.6500
 33.6280
 36.1740
 36.9160
 38.9200
 38.9740
 39.0380
 39.2320
 39.3400
 39.9920
 45.7980
 52.4060
 55.2740
 55.8160
 57.0340
 60.6140
 67.2460
 70.6520


#Top pat = 46
-69.8660
-66.5480
-61.6400
-60.9300
-57.9780
-55.3120
-52.8060
-52.4620
-51.8400
-50.7960
-47.6400
-43.7660
-42.6280
-41.9980
-41.9220
-37.8480
-34.4080
-32.4780
-30.4920
-30.0820
-29.7860
-27.6380
-27.5780
-27.3740
-25.5680
-25.3960
-24.2700
-23.0720
-21.7300
-21.5700
-19.1660
-17.4280
-14.3120
-14.2860
-12.5000
-10.6300
-10.6140
 -9.4820
 -9.1060
 -9.0800
 -8.6560
 -7.9600
 -7.4680
 -6.9160
 -5.3740
 -4.3000
 -4.0880
 -3.8320
 -1.5800
  0.8720
  3.6040
  4.9780
  5.0440
  5.6320
  6.1700
  6.2740
 10.0920
 10.8900
 11.4220
 11.4920
 12.3260
 15.6260
 17.0420
 17.6180
 19.3780
 19.9460
 20.4560
 23.7580
 26.4160
 27.1740
 27.2020
 29.2780
 30.3000
 33.7000
 33.8800
 34.2840
 34.3800
 34.8920
 35.7020
 36.2280
 36.4800
 37.5520
 38.9500
 39.4920
 39.8740
 40.2440
 42.0160
 44.7660
 45.5280
 46.5920
 47.9860
 48.1560
 48.5720
 49.2920
 53.1020
 60.2460
 61.0420
 61.3100
 69.4480
 73.6680


#Top pat = 47
-69.9200
-67.4280
-58.5820
-53.5500
-49.5080
-47.7100
-47.3280
-46.9800
-45.1600
-43.8820
-38.4340
-37.3300
-37.1200
-37.1040
-37.0480
-36.4680
-35.5640
-35.1060
-33.7900
-32.2460
-30.2640
-29.4720
-29.4020
-28.3460
-26.5120
-26.0360
-26.0260
-25.3580
-24.8260
-24.4380
-22.5480
-22.1360
-21.0980
-17.8500
-17.4720
-16.3500
-14.4780
-12.9920
-12.3180
-12.2540
-11.6400
-11.3820
-11.1080
-11.0360
-10.7680
 -8.8560
 -8.3820
 -2.4240
  0.1240
  0.5280
  2.8480
  4.7960
  7.1300
  7.3480
  8.4360
  8.9340
  9.0320
  9.3220
 11.7280
 12.3240
 12.5360
 12.5800
 12.6720
 12.9460
 14.0460
 14.4240
 15.9020
 16.0980
 16.6460
 16.8180
 19.3640
 22.1940
 22.8940
 25.6920
 25.8240
 27.4580
 27.6660
 28.3680
 33.8540
 34.2760
 36.2580
 37.0560
 37.1620
 37.9680
 40.5520
 41.0580
 42.3300
 42.9040
 44.5420
 45.0460
 45.8980
 46.6580
 51.3800
 53.8540
 59.4380
 62.2800
 71.4140
 73.4640
 83.1380
 83.7180


#Top pat = 48
-84.2060
-83.0720
-72.6680
-70.0320
-65.6180
-56.5620
-55.8440
-52.2180
-52.1260
-50.9580
-45.4420
-44.9500
-44.8220
-40.9860
-40.3580
-37.0320
-34.7920
-34.7320
-33.8180
-32.3980
-31.1300
-30.9960
-29.7880
-29.2100
-28.6620
-25.9420
-25.9360
-25.2820
-23.9160
-22.4080
-21.3340
-20.7540
-18.9080
-16.4620
-16.0420
-14.1900
-12.3680
-12.3040
 -7.4040
 -6.6760
  1.9440
  3.9400
  5.6520
  5.6960
  6.8040
  7.4100
  8.3660
  8.6580
  9.5640
  9.8580
 10.8600
 12.4060
 14.5880
 14.6820
 18.8240
 19.8580
 20.1580
 20.2560
 21.4920
 22.8840
 23.0520
 23.8200
 25.1380
 25.1560
 25.1720
 25.3980
 25.4620
 26.1920
 26.3680
 26.4820
 26.5440
 27.0680
 29.5260
 29.7940
 30.2280
 30.3800
 30.5940
 30.7280
 32.0300
 33.7140
 34.1340
 36.1200
 36.5600
 37.7920
 38.3560
 38.7680
 39.0380
 43.4320
 43.6780
 44.2200
 44.6880
 45.2900
 48.4560
 49.6520
 50.3160
 54.3540
 56.7060
 58.0440
 60.3940
 70.4660


#Top pat = 49
-75.9580
-62.6480
-58.2620
-47.0060
-46.1840
-44.1600
-41.1140
-40.4800
-39.6680
-35.6600
-32.5820
-30.4880
-29.5220
-28.8120
-28.2660
-26.7740
-26.6160
-26.3240
-25.9620
-25.3760
-25.1500
-25.0380
-23.9540
-23.5260
-22.6720
-22.5060
-21.9000
-20.7000
-20.3500
-20.0900
-18.9160
-18.1700
-17.2720
-16.8560
-16.0880
-14.2700
-13.9340
-11.1840
-10.3240
 -9.5680
 -8.7360
 -8.6220
 -6.3160
 -6.1920
 -2.2000
  0.1720
  3.6740
  3.9160
  5.6640
  7.7060
  8.9900
 10.2020
 12.1220
 12.7400
 12.8220
 13.2680
 13.5840
 14.0040
 14.2320
 14.3220
 14.7600
 15.7660
 16.7320
 17.6620
 19.0880
 19.3220
 19.3280
 19.7080
 20.9720
 25.0960
 25.1320
 25.5320
 27.9360
 30.6600
 31.2480
 31.2880
 31.6000
 31.7800
 33.1100
 34.3380
 36.1420
 36.8940
 36.9140
 37.3560
 37.5080
 38.0520
 38.4920
 43.1280
 44.0820
 45.4180
 45.5600
 46.8360
 48.6300
 49.9000
 50.4800
 51.2900
 51.7460
 52.5820
 56.9040
 71.6280


#Top pat = 50
-74.2600
-60.5320
-57.7480
-57.4660
-53.2980
-53.2900
-53.1700
-50.5360
-44.2740
-44.1760
-42.1140
-41.5100
-40.9340
-36.2740
-36.1560
-35.7100
-34.5000
-32.2380
-32.0140
-30.1260
-26.1400
-26.1080
-22.9040
-22.3620
-21.1120
-21.0740
-19.5440
-18.0060
-16.7260
-15.9560
-15.5240
-14.7820
-14.5920
-14.1800
-13.9020
-13.2200
-13.0760
-12.8600
-12.1480
-12.1200
 -8.4020
 -8.0520
 -6.7540
 -5.4460
 -4.1220
 -3.8300
 -3.3160
 -0.6860
  0.6140
  0.9480
  2.2180
  3.4840
  5.4680
  7.1740
  7.7740
  8.1320
  8.6100
  9.7640
 10.2080
 10.5740
 12.2080
 12.3560
 13.8700
 14.1300
 15.1920
 15.8440
 16.2880
 16.4000
 16.6020
 17.9700
 19.4940
 19.6560
 20.4600
 22.0560
 22.6000
 22.8620
 23.2340
 23.8480
 23.8700
 23.9200
 23.9880
 27.8040
 31.5560
 33.6120
 33.8260
 34.2940
 35.2660
 35.8360
 39.2620
 39.4000
 39.8100
 39.8600
 40.8700
 44.7260
 48.0920
 61.0940
 64.9620
 68.4780
 70.3120
 77.5900


