#..\..\Net100seed42.net EP02delta0.1Input0.5.train 42
#Top pat = 1
 -2.8700
 -2.5200
 -2.5060
 -2.5060
 -2.4640
 -2.4640
 -2.4500
 -2.4500
 -2.4500
 -2.4360
 -2.4220
 -2.4080
 -2.4080
 -2.4080
 -2.3800
 -2.3660
 -2.3660
 -2.3380
 -2.3240
 -2.3240
 -2.2820
 -1.8100
 -1.7700
 -1.7600
 -1.7500
 -1.7500
 -1.7400
 -1.7400
 -1.7400
 -1.7300
 -1.7200
 -1.7200
 -1.7200
 -1.7100
 -1.7000
 -1.7000
 -1.6900
 -1.6900
 -1.6900
 -1.6900
 -1.6900
 -1.6800
 -1.6800
 -1.6800
 -1.6800
 -1.6800
 -1.6700
 -1.6700
 -1.6700
 -1.6600
  1.6600
  1.6700
  1.6800
  1.6800
  1.6900
  1.7000
  1.7000
  1.7000
  1.7100
  1.7100
  1.7200
  1.7200
  1.7200
  1.7400
  1.7500
  1.7500
  1.7600
  1.7600
  1.7700
  1.7700
  1.7900
  1.8000
  2.2820
  2.3100
  2.3240
  2.3380
  2.3520
  2.3660
  2.3660
  2.3800
  2.3800
  2.3800
  2.3800
  2.3940
  2.4080
  2.4080
  2.4220
  2.4360
  2.4500
  2.4500
  2.4500
  2.4600
  2.4780
  2.4780
  2.4920
  2.4920
  2.5500
  2.9400
  3.1080
  3.1220


#Top pat = 2
 -3.2280
 -2.8660
 -2.8520
 -2.8260
 -2.8160
 -2.8100
 -2.7920
 -2.7880
 -2.7860
 -2.7760
 -2.7700
 -2.7620
 -2.7600
 -2.7300
 -2.7260
 -2.7120
 -2.7080
 -2.6900
 -2.6700
 -2.6680
 -2.6240
 -1.4540
 -1.4300
 -1.4160
 -1.4060
 -1.3980
 -1.3940
 -1.3920
 -1.3820
 -1.3800
 -1.3780
 -1.3680
 -1.3660
 -1.3660
 -1.3440
 -1.3420
 -1.3420
 -1.3420
 -1.3380
 -1.3340
 -1.3320
 -1.3220
 -1.3200
 -1.3180
 -1.2740
 -1.2380
 -1.2340
 -1.1940
 -1.1800
 -1.1400
  1.3140
  1.3160
  1.3220
  1.3360
  1.3440
  1.3520
  1.3620
  1.3640
  1.3640
  1.3660
  1.3680
  1.3780
  1.3800
  1.3800
  1.3820
  1.3940
  1.4080
  1.4140
  1.4220
  1.4420
  1.4500
  1.4600
  2.1040
  2.1960
  2.6320
  2.6580
  2.6620
  2.6920
  2.6940
  2.6940
  2.7120
  2.7280
  2.7320
  2.7340
  2.7340
  2.7420
  2.7520
  2.7680
  2.7700
  2.7900
  2.7920
  2.8000
  2.8180
  2.8200
  2.8300
  2.8380
  2.8880
  3.2840
  3.4500
  3.4620


#Top pat = 3
 -3.9520
 -3.9360
 -3.8660
 -3.8180
 -3.8100
 -3.7840
 -3.7640
 -3.7100
 -3.7080
 -3.6760
 -2.8720
 -2.4680
 -2.4560
 -2.4540
 -2.4500
 -2.4100
 -2.3940
 -2.3920
 -2.3360
 -2.3260
 -2.1020
 -1.9120
 -1.7640
 -1.7600
 -1.7060
 -1.7000
 -1.6940
 -1.6920
 -1.6920
 -1.6820
 -1.6820
 -1.6680
 -1.6520
 -1.6440
 -1.5720
 -1.5120
 -1.5020
 -0.4340
 -0.4040
 -0.3960
 -0.3860
 -0.3660
 -0.3560
 -0.3480
 -0.3000
 -0.2920
 -0.2480
 -0.2000
 -0.1980
 -0.1720
  0.2420
  0.2740
  0.2880
  0.2940
  0.2960
  0.3000
  0.3080
  0.3100
  0.3560
  0.4020
  0.4400
  0.4640
  1.0980
  1.6320
  1.6480
  1.7200
  1.7200
  1.7300
  1.7400
  1.7740
  1.7880
  1.8000
  1.8200
  2.1260
  2.2940
  2.3620
  2.3700
  2.3880
  2.4000
  2.4400
  2.4500
  2.4860
  2.4880
  2.5220
  2.5240
  2.9240
  3.1280
  3.6400
  3.6460
  3.7060
  3.7280
  3.7320
  3.8200
  3.8320
  3.8420
  3.8640
  3.8820
  3.8980
  4.1820
  4.4580


#Top pat = 4
 -5.6260
 -5.0820
 -4.9820
 -4.8460
 -4.0860
 -3.8900
 -3.6080
 -3.5980
 -3.5000
 -3.4820
 -3.4740
 -3.4380
 -3.4140
 -3.3620
 -3.3180
 -2.5620
 -2.1720
 -2.1680
 -2.1640
 -2.1220
 -2.0840
 -2.0800
 -2.0700
 -2.0640
 -2.0500
 -2.0120
 -1.9980
 -1.9800
 -1.9240
 -0.9620
 -0.8140
 -0.8100
 -0.8000
 -0.7400
 -0.7180
 -0.7140
 -0.7080
 -0.7020
 -0.7020
 -0.6700
 -0.6460
 -0.6340
 -0.6320
 -0.6120
 -0.4940
 -0.4080
 -0.1920
  0.2880
  0.4420
  0.5200
  0.5580
  0.6000
  0.6060
  0.6520
  0.6680
  0.6760
  0.6840
  0.7260
  0.7400
  0.7720
  0.7920
  0.8180
  0.8240
  0.8300
  0.8460
  1.1060
  1.2440
  1.4820
  1.6040
  1.9680
  1.9940
  2.0540
  2.0600
  2.0700
  2.1140
  2.1560
  2.1640
  2.1720
  2.1720
  2.1800
  2.2940
  2.8360
  3.2940
  3.3520
  3.4600
  3.5040
  3.5080
  3.5100
  3.5680
  3.5720
  3.5820
  3.5960
  3.8640
  4.0400
  4.7080
  4.8020
  4.8060
  4.9800
  5.2740
  5.5260


#Top pat = 5
-10.3240
 -8.3000
 -8.2040
 -5.9280
 -5.8340
 -5.7220
 -5.1200
 -5.0580
 -4.1980
 -4.0180
 -4.0120
 -3.5580
 -3.5220
 -3.2640
 -3.1580
 -3.1520
 -3.1220
 -2.9460
 -2.9140
 -2.9020
 -2.8680
 -2.4580
 -2.3340
 -2.1460
 -1.9940
 -1.9580
 -1.8340
 -1.7460
 -1.7400
 -1.6680
 -1.5960
 -1.5500
 -1.5080
 -1.1920
 -1.1500
 -1.0580
 -1.0520
 -1.0360
 -1.0200
 -1.0160
 -0.9340
 -0.8960
 -0.5160
 -0.4300
 -0.3920
 -0.2680
 -0.0560
  0.2220
  0.3580
  0.4400
  0.4500
  0.4940
  0.5060
  0.5220
  0.6060
  0.7300
  0.9280
  0.9860
  0.9880
  1.0400
  1.6380
  1.6500
  1.7060
  1.7520
  1.7640
  2.1940
  2.2160
  2.2820
  2.3940
  2.3980
  2.4300
  3.1320
  3.2100
  3.2140
  3.4480
  3.5280
  3.8860
  3.9580
  3.9980
  4.1220
  4.2100
  4.2620
  4.5260
  4.8100
  4.9540
  4.9700
  5.0460
  5.0800
  5.2100
  5.3660
  5.4440
  5.6840
  5.7700
  6.4840
  6.5500
  6.7000
  6.8220
  7.0340
  7.6220
 10.3860


#Top pat = 6
-10.6800
 -8.6840
 -8.5800
 -5.5740
 -5.4940
 -5.4620
 -5.3960
 -5.3480
 -4.3340
 -4.3340
 -4.0020
 -3.9220
 -3.8680
 -3.4860
 -3.4480
 -3.2100
 -2.9580
 -2.8520
 -2.8340
 -2.8260
 -2.7220
 -2.5880
 -2.4900
 -2.4100
 -2.2940
 -2.1940
 -2.1000
 -1.9440
 -1.8460
 -1.6220
 -1.5500
 -1.5240
 -1.4800
 -1.4200
 -1.4060
 -1.3840
 -1.3820
 -1.3580
 -1.3500
 -1.3360
 -1.2120
 -0.7920
 -0.4340
 -0.1580
 -0.0720
 -0.0120
  0.0840
  0.1140
  0.1200
  0.1680
  0.1840
  0.2600
  0.5680
  0.7340
  0.8360
  1.0760
  1.2300
  1.2860
  1.2900
  1.2980
  1.3300
  1.3480
  1.4460
  2.0920
  2.1300
  2.4780
  2.5720
  2.5920
  2.7120
  2.7220
  2.7600
  2.8120
  2.8940
  3.6540
  3.6860
  3.7980
  3.8800
  3.9340
  4.3680
  4.4200
  4.4380
  4.5060
  4.5300
  4.6140
  4.8960
  5.3280
  5.3500
  5.3960
  5.4100
  5.4460
  5.5580
  5.7540
  5.7840
  6.8180
  6.9020
  7.0020
  7.2100
  7.3700
  8.1220
 10.7280


#Top pat = 7
-14.3960
-14.1240
-12.9600
-11.1240
 -9.9340
 -9.7740
 -8.4780
 -8.3260
 -7.9620
 -7.6880
 -7.4380
 -7.3340
 -7.1120
 -6.9800
 -6.7600
 -6.6280
 -5.6660
 -5.2720
 -5.2260
 -5.0580
 -5.0500
 -4.8740
 -4.1400
 -4.0860
 -4.0540
 -4.0320
 -3.9860
 -3.9240
 -3.7060
 -3.6180
 -3.3420
 -3.3300
 -2.5380
 -2.4680
 -2.3780
 -1.9800
 -1.3520
 -1.1700
 -1.0980
 -1.0500
 -0.8540
 -0.1360
 -0.1200
  0.2320
  0.4420
  0.6900
  0.9180
  1.0440
  1.1860
  1.3580
  1.5240
  1.7200
  1.9520
  2.2520
  2.6080
  2.7980
  3.1840
  3.2100
  3.5920
  3.6660
  3.9040
  3.9280
  4.0660
  4.5460
  4.9400
  5.0400
  5.1100
  5.2640
  5.4020
  5.4500
  5.7200
  5.7240
  5.8540
  6.3700
  6.9080
  7.1320
  7.2060
  7.3440
  7.3980
  7.4960
  7.5040
  7.7420
  8.0120
  8.2060
  8.4740
  8.6060
  8.7340
  8.7460
  8.7620
  8.8160
  8.9260
  9.3500
  9.3640
 10.0680
 10.0760
 10.3020
 10.7840
 12.2080
 13.6260
 15.8620


#Top pat = 8
-17.7980
-13.4260
-12.1520
-11.9660
-11.6080
-10.6040
 -9.6260
 -8.6900
 -8.6580
 -8.0600
 -8.0520
 -7.4700
 -7.0240
 -6.5140
 -5.6880
 -5.6720
 -5.5580
 -5.5100
 -5.3820
 -5.1520
 -4.5720
 -4.4120
 -4.3460
 -4.3420
 -3.7440
 -3.7360
 -3.4960
 -3.3360
 -3.0320
 -2.9540
 -2.7080
 -2.5420
 -2.2840
 -2.0300
 -1.9540
 -1.5900
 -1.5900
 -1.5100
 -1.0860
 -1.0760
 -1.0520
 -0.7700
 -0.4680
 -0.3400
 -0.2840
 -0.0600
  0.2340
  0.7120
  0.8920
  1.0920
  1.2300
  1.7340
  1.7500
  1.9800
  1.9820
  2.0140
  2.1180
  2.1580
  2.4200
  2.5660
  2.6820
  3.1280
  3.6200
  3.7580
  4.2680
  4.5340
  4.7180
  4.7420
  4.8940
  5.6140
  5.8840
  6.1280
  6.1540
  6.5100
  6.6760
  6.7460
  7.4840
  8.0260
  8.1980
  8.4100
  8.7360
  9.3400
 10.1660
 10.5120
 10.9060
 10.9560
 10.9980
 11.0680
 11.6580
 11.8140
 12.4060
 12.5520
 12.7860
 12.8420
 13.2140
 13.2880
 14.0860
 14.5240
 16.8160
 17.8640


#Top pat = 9
-19.4540
-14.9080
-12.1840
-11.8780
-11.4840
-11.1640
 -9.2660
 -8.3520
 -8.1620
 -7.8340
 -7.5460
 -7.5000
 -7.0880
 -6.9740
 -6.1180
 -6.0760
 -6.0360
 -6.0000
 -5.7000
 -5.4320
 -5.3620
 -4.9400
 -4.7140
 -4.3200
 -4.0640
 -3.6880
 -3.5460
 -3.4140
 -3.2740
 -3.2220
 -2.4200
 -2.3120
 -2.2020
 -2.1800
 -2.0800
 -1.9700
 -1.9040
 -1.6620
 -1.6380
 -1.1500
 -0.9420
 -0.8520
 -0.8300
 -0.6060
 -0.5940
 -0.0080
  0.1060
  0.3640
  0.4860
  0.7360
  0.9900
  1.2040
  1.6800
  2.1380
  2.1760
  2.3200
  2.3400
  2.3440
  2.3580
  2.6020
  3.0560
  3.2880
  3.3260
  3.3340
  3.3880
  3.9360
  5.0780
  5.2340
  5.2340
  6.3260
  6.4020
  6.4600
  6.6940
  6.8600
  7.0140
  7.3460
  7.6720
  8.0200
  8.2400
  8.2440
  9.0140
  9.6980
  9.8440
  9.9180
 10.7140
 11.0080
 11.2780
 11.3160
 11.4720
 12.2680
 12.3780
 12.3960
 12.4760
 12.9300
 13.0280
 13.7080
 13.8480
 15.8920
 16.5120
 17.7220


#Top pat = 10
-22.1720
-15.0120
-14.9380
-14.4940
-13.4320
-13.1040
-12.2340
 -9.5800
 -8.9480
 -8.3880
 -7.9120
 -7.5420
 -7.2340
 -6.8160
 -6.6880
 -6.2000
 -6.0120
 -5.6960
 -5.6180
 -5.1380
 -4.9320
 -4.8500
 -4.6660
 -4.1840
 -4.0900
 -4.0320
 -3.9440
 -3.1980
 -3.1600
 -3.0100
 -2.7300
 -2.5680
 -2.4540
 -2.2500
 -2.2240
 -2.1000
 -1.6440
 -1.6140
 -0.9940
 -0.9720
 -0.8580
 -0.6700
 -0.5040
 -0.2320
 -0.1400
  0.2740
  0.3040
  0.3060
  0.4280
  0.7920
  0.8560
  0.9560
  1.4020
  1.4100
  1.4540
  1.9100
  2.1820
  2.3780
  2.4020
  2.6800
  2.8840
  3.4480
  3.6660
  4.0740
  4.0800
  4.7840
  4.9760
  5.1560
  5.6140
  5.7520
  6.1920
  6.4220
  6.7800
  7.1300
  7.2840
  7.4080
  8.8100
  8.8920
  9.2400
  9.2760
  9.7280
  9.7460
 10.1480
 10.4140
 10.7140
 12.2000
 12.5640
 12.6680
 13.3720
 13.4440
 13.8540
 14.1180
 14.2140
 14.6040
 14.6800
 14.9520
 15.0480
 15.2040
 15.8280
 16.9620


#Top pat = 11
-22.9140
-17.1820
-16.0340
-13.4080
-11.0700
-10.8440
-10.3940
 -9.8380
 -9.7920
 -9.7400
 -9.5960
 -9.1240
 -9.0560
 -8.9980
 -8.8500
 -8.8240
 -7.3860
 -6.6220
 -5.6160
 -4.3320
 -4.3300
 -4.2980
 -4.0840
 -3.9780
 -3.3140
 -3.2440
 -3.1200
 -2.9180
 -2.8440
 -2.8140
 -2.6740
 -2.5260
 -2.1460
 -2.0640
 -1.9440
 -1.8400
 -1.4300
 -1.3420
 -0.9840
 -0.9680
 -0.9620
 -0.8900
  0.0480
  0.1120
  0.2640
  0.7380
  1.2060
  1.2400
  1.2840
  1.3180
  1.5860
  1.7900
  2.0140
  2.3100
  2.3480
  2.6540
  2.7560
  2.8420
  2.8460
  3.4000
  3.8840
  3.9720
  4.3380
  4.3620
  4.4500
  5.3160
  5.5960
  5.7260
  5.7300
  6.0100
  6.1780
  6.3960
  6.8320
  7.0020
  8.8820
  9.1880
  9.4700
  9.9300
  9.9640
 10.7000
 10.7540
 10.9980
 11.0680
 11.2900
 11.3340
 11.8620
 11.9340
 12.0980
 12.3540
 13.0600
 13.6480
 14.3840
 14.8640
 15.1920
 16.3780
 16.3860
 17.4000
 17.5280
 17.9000
 17.9080


#Top pat = 12
-23.6620
-19.1620
-14.3560
-14.2540
-13.1340
-12.1440
-12.0760
-11.5740
-11.4780
-11.1980
-10.7100
 -8.9720
 -8.5300
 -7.1780
 -6.5700
 -6.2460
 -5.9360
 -5.7800
 -5.7100
 -5.4760
 -5.4600
 -5.3960
 -5.3260
 -5.2200
 -4.3440
 -3.3980
 -3.2520
 -3.1760
 -2.7640
 -2.6920
 -2.6280
 -1.9460
 -1.6760
 -1.5340
 -1.3920
 -0.6520
 -0.6480
 -0.5260
 -0.0400
  0.1060
  0.7440
  0.7720
  0.7800
  1.0820
  1.3040
  1.3660
  1.4720
  1.8180
  2.3180
  2.8880
  3.1040
  3.1220
  3.1980
  3.2300
  3.3540
  3.4300
  3.9620
  4.3400
  4.3900
  4.7160
  4.7580
  4.8360
  4.9500
  5.3400
  5.8220
  6.2000
  6.2380
  6.2680
  6.7600
  6.8140
  6.8220
  7.3140
  7.5820
  7.6140
  8.4820
  8.8540
  9.0380
  9.0420
  9.4900
  9.5760
  9.6020
  9.6860
 11.8240
 12.0600
 13.5180
 13.5600
 13.7240
 14.1680
 14.3040
 14.6000
 14.7920
 15.0520
 15.9100
 16.0120
 17.2640
 17.4760
 17.7680
 17.8600
 18.8880
 23.4740


#Top pat = 13
-19.7680
-17.6060
-16.5120
-15.9280
-14.1000
-13.9640
-13.5540
-12.8720
-12.4800
-10.9800
-10.7340
 -8.9340
 -8.1100
 -7.8920
 -7.8520
 -7.8400
 -7.5420
 -6.6900
 -6.5860
 -6.3100
 -5.8880
 -5.3340
 -4.7040
 -4.5500
 -4.4540
 -4.1060
 -3.6180
 -3.4940
 -2.6020
 -2.5420
 -2.4180
 -2.2700
 -2.0180
 -1.9260
 -1.9180
 -1.3760
 -1.2460
 -1.1560
 -1.1180
 -0.6360
 -0.2980
 -0.0960
  0.2020
  0.2100
  0.2580
  0.6220
  0.7620
  1.0420
  1.4420
  2.8140
  3.2580
  3.2880
  3.5480
  3.5900
  3.7540
  3.9780
  3.9920
  4.8400
  5.1460
  5.5120
  5.6380
  5.6680
  5.6760
  6.5180
  6.5960
  6.7400
  7.4340
  7.6540
  8.0580
  8.0980
  8.8000
  9.6820
  9.9120
 10.0580
 10.7360
 10.7680
 10.7820
 10.8160
 10.9000
 11.1540
 11.6980
 11.8880
 12.3760
 13.0380
 13.2380
 14.1840
 15.0780
 15.7500
 16.5580
 17.4180
 17.4860
 17.5660
 17.6880
 17.7720
 17.9080
 18.5600
 18.6560
 20.1740
 21.3180
 22.7080


#Top pat = 14
-18.5320
-18.4020
-18.1080
-16.4000
-16.1740
-15.9000
-15.7560
-14.2100
-13.1140
-11.0620
-10.7240
-10.5660
-10.4900
-10.4020
-10.0900
 -9.0280
 -8.5600
 -8.3520
 -6.7760
 -6.3540
 -5.2520
 -4.9820
 -4.9220
 -4.1060
 -4.0420
 -3.9260
 -3.8480
 -3.0240
 -2.7860
 -2.6600
 -2.5360
 -2.2680
 -2.0360
 -1.8740
 -1.7640
 -1.1420
 -0.7420
 -0.7380
 -0.2560
 -0.0480
 -0.0160
  0.6480
  0.6720
  1.0780
  1.2640
  1.2860
  1.7580
  2.2780
  2.3120
  2.6800
  2.6920
  2.8020
  2.8800
  3.1140
  3.2040
  3.2580
  3.4500
  3.8860
  4.1720
  4.9840
  5.0060
  5.2700
  5.5500
  6.0900
  6.2040
  6.5560
  6.9520
  7.4180
  7.7940
  8.3180
  8.3280
  8.8560
  8.9960
  9.0600
  9.1720
  9.3580
 10.4780
 10.5480
 10.7160
 11.3840
 11.6120
 11.7880
 12.4880
 12.7820
 13.2880
 13.6740
 14.0400
 14.5880
 14.8820
 16.0180
 16.9560
 18.1380
 19.2460
 19.3180
 20.2640
 20.7920
 20.9960
 22.4980
 23.4880
 25.1580


#Top pat = 15
-18.7140
-18.6120
-18.1100
-16.7280
-16.1380
-15.9120
-15.7220
-13.8520
-13.2940
-11.5760
-11.0500
-10.7580
-10.5700
-10.4200
-10.2160
 -9.2100
 -8.8840
 -8.7000
 -6.6000
 -5.8800
 -5.7800
 -5.3880
 -4.6900
 -4.4060
 -3.9200
 -3.6080
 -3.5280
 -3.1900
 -2.8080
 -2.4340
 -2.2020
 -2.2020
 -2.1500
 -1.7060
 -1.6880
 -1.4300
 -1.1260
 -1.1180
 -0.5920
 -0.3740
  0.1200
  1.1840
  1.1940
  1.2660
  1.5880
  1.6680
  2.0200
  2.2800
  2.3720
  2.6620
  2.8740
  2.8780
  2.9220
  3.0020
  3.0060
  3.6500
  3.9580
  4.3280
  4.3580
  4.4780
  4.9000
  5.3680
  5.3700
  5.9220
  6.3640
  6.5540
  6.6140
  7.2580
  7.9940
  8.1320
  8.4980
  9.0320
  9.2460
  9.2880
  9.5540
  9.7500
 10.1100
 10.9380
 11.0580
 11.2660
 11.4560
 11.9060
 11.9280
 12.5860
 12.9260
 14.3280
 14.3680
 14.5700
 15.1400
 16.5520
 17.2940
 18.5280
 18.8800
 19.1720
 20.5880
 21.1460
 21.5340
 22.8660
 23.8480
 25.4660


#Top pat = 16
-23.9660
-21.8280
-20.2680
-20.0380
-18.3640
-17.5480
-17.5180
-16.1120
-15.6660
-12.8340
-11.4580
-11.0440
-10.9100
-10.5380
-10.2220
 -9.8600
 -9.8340
 -9.0460
 -8.1720
 -7.9900
 -7.1500
 -6.8300
 -6.5700
 -5.9680
 -5.6900
 -5.5120
 -5.2620
 -5.2500
 -4.9140
 -4.4880
 -3.4320
 -2.8760
 -2.6720
 -2.4940
 -1.9320
 -1.9320
 -1.5220
 -1.4600
 -0.7760
 -0.6900
 -0.5300
 -0.3320
 -0.2400
 -0.0820
  0.2400
  0.6040
  0.6760
  0.9120
  1.0660
  1.3660
  2.4000
  2.8940
  2.9420
  3.0320
  3.6320
  4.0300
  4.5580
  4.9420
  5.4780
  5.4900
  5.6780
  5.8800
  6.6080
  6.6860
  6.8560
  7.1100
  8.2960
  8.3880
  8.5600
  8.8040
  8.9240
  8.9280
  9.2880
  9.6140
 10.4540
 10.5880
 11.2580
 11.2940
 11.8600
 11.9160
 12.2380
 12.3240
 12.4740
 12.6840
 12.7240
 12.9820
 13.3800
 13.7400
 14.9540
 15.3820
 15.9820
 16.3780
 16.4800
 17.4640
 18.9680
 19.4920
 20.0720
 25.0680
 27.7900
 32.1220


#Top pat = 17
-22.5620
-20.9240
-18.0220
-16.9180
-16.7480
-15.8440
-15.8100
-15.5020
-15.3040
-14.9020
-14.8260
-13.1780
-12.1540
-11.6220
-10.2000
-10.0080
 -9.7380
 -9.7200
 -9.5380
 -7.8960
 -7.6760
 -7.6520
 -7.2080
 -7.1200
 -6.8360
 -6.3140
 -4.7060
 -4.0900
 -4.0560
 -3.9760
 -3.5240
 -3.5220
 -2.4140
 -2.1860
 -1.8920
 -1.8240
 -1.7460
 -0.5600
 -0.2380
  0.2380
  0.5560
  1.2100
  1.4660
  1.6320
  2.1940
  2.4580
  2.6620
  2.7320
  2.7460
  2.7900
  3.0280
  3.2660
  3.6380
  3.6480
  4.5640
  4.6200
  4.9920
  6.2720
  6.5660
  6.5940
  6.8900
  7.3780
  7.7000
  7.8120
  7.9340
  8.0540
  8.5720
  9.0520
  9.2360
  9.4360
  9.5160
  9.5820
 10.7100
 10.9060
 10.9200
 11.3740
 11.8420
 12.1500
 12.1940
 12.5440
 12.7820
 13.0820
 13.1380
 13.2480
 13.3580
 13.5360
 14.5660
 16.4680
 17.0800
 17.5160
 17.8900
 17.9360
 18.4520
 18.9280
 19.5040
 23.3240
 23.3820
 24.5500
 30.0360
 30.7720


#Top pat = 18
-24.1620
-19.8980
-19.1260
-17.9000
-16.9380
-16.2220
-15.7900
-14.9040
-14.2600
-13.7740
-13.6800
-12.7480
-12.1320
-11.4920
-11.2620
-11.1840
-10.8660
-10.0680
 -8.8980
 -8.7800
 -8.7160
 -8.3940
 -8.2340
 -7.5760
 -7.2800
 -6.5660
 -5.5340
 -5.3320
 -5.2740
 -4.9800
 -4.6040
 -2.8100
 -2.7660
 -2.5600
 -0.7560
 -0.6180
 -0.6020
 -0.2840
  0.3400
  0.5040
  0.6680
  1.0420
  1.3620
  1.5420
  1.6720
  2.2960
  2.3200
  2.4440
  2.6860
  3.0620
  3.2400
  3.2760
  3.8020
  3.9500
  4.1480
  4.3820
  4.9580
  5.1840
  5.8540
  6.4580
  7.5260
  7.7420
  8.2660
  8.3000
  8.4820
  8.5280
  9.5040
  9.6820
  9.8340
 10.5560
 10.6740
 10.7640
 11.0620
 11.2060
 11.2660
 11.2960
 11.6020
 11.6480
 12.3120
 12.3500
 12.5460
 13.2200
 13.3620
 13.5340
 13.5340
 13.8860
 15.0280
 15.5500
 15.9160
 16.0100
 16.9640
 17.4440
 19.4840
 20.6300
 20.8580
 22.3560
 22.5020
 27.2800
 28.2360
 32.6220


#Top pat = 19
-22.9800
-21.7780
-20.8360
-17.9220
-17.0700
-17.0200
-16.7400
-16.4940
-16.3240
-16.0580
-13.2960
-12.9540
-12.8160
-12.7480
-12.6240
-12.0600
-11.6140
-10.5140
 -9.7460
 -8.7520
 -8.7400
 -8.7020
 -8.4940
 -8.0040
 -7.5580
 -7.0340
 -6.8240
 -5.5640
 -5.1260
 -3.5440
 -3.4000
 -3.3660
 -2.7160
 -2.2940
 -2.0500
 -1.1000
  0.3120
  0.3640
  0.4860
  0.5080
  1.0240
  1.2700
  1.4880
  1.7000
  1.7820
  2.2340
  2.6860
  3.0320
  3.0960
  3.2220
  3.5320
  3.9740
  4.0740
  4.2240
  4.5100
  4.9400
  5.1140
  5.9960
  6.4760
  6.8560
  7.8280
  7.9940
  8.3700
  8.6220
  8.8760
  9.1760
  9.2600
  9.3160
  9.5920
  9.9700
 10.2160
 10.7260
 10.7620
 10.8040
 10.8160
 11.1520
 11.3500
 11.3580
 11.3780
 11.8660
 12.1060
 12.6560
 13.0420
 13.0900
 14.1520
 14.5840
 14.5880
 14.9360
 15.2840
 15.9380
 16.0140
 16.3220
 19.7480
 20.8580
 21.6180
 21.9860
 24.3260
 26.1580
 26.3360
 35.1620


#Top pat = 20
-23.3320
-21.6600
-21.3840
-20.8740
-20.2440
-20.0880
-16.9760
-16.4020
-15.9300
-15.9080
-15.5340
-14.3820
-13.3340
-12.5400
-11.9300
-11.9080
-11.3140
-10.6860
-10.4080
 -8.3340
 -8.2460
 -7.8860
 -7.7560
 -7.2340
 -6.4380
 -6.0980
 -5.8700
 -5.3200
 -4.6940
 -4.4060
 -4.3300
 -4.0220
 -3.0700
 -2.3960
 -2.3580
 -1.7840
 -1.7300
 -1.4880
 -1.4600
 -1.2360
 -1.1800
 -1.0640
 -0.4060
  0.0200
  0.0520
  0.0740
  0.5640
  0.6940
  2.0440
  2.1580
  2.4020
  2.7160
  2.8880
  3.5260
  4.0520
  4.1100
  4.1560
  4.2040
  4.2780
  4.2880
  4.9560
  5.0000
  5.1700
  5.3020
  5.3420
  6.1060
  6.1480
  6.3980
  6.8520
  7.1360
  7.5560
  8.1140
  8.3100
  8.6920
  8.9540
  9.2160
  9.6080
 10.4220
 10.6500
 10.6740
 10.8780
 12.4600
 14.0660
 14.8660
 15.4040
 15.9120
 16.0640
 16.2500
 17.4100
 18.7220
 18.8260
 19.8240
 20.0440
 20.0620
 21.0620
 21.6980
 27.4460
 28.4760
 35.2280
 37.2320


#Top pat = 21
-25.5160
-24.8100
-23.7720
-22.2060
-20.9660
-18.6680
-18.4140
-15.9220
-15.7300
-15.4840
-13.2880
-13.0280
-12.6600
-12.4840
-11.9620
-11.5380
-10.9800
-10.3920
 -9.4560
 -9.4140
 -9.3920
 -8.8500
 -7.9500
 -7.8600
 -7.5700
 -6.6640
 -6.1340
 -5.4880
 -4.8980
 -4.2320
 -3.6900
 -3.6700
 -3.5160
 -2.9880
 -2.6800
 -2.3000
 -1.7920
 -1.0820
 -0.8740
 -0.7940
 -0.6620
 -0.4800
  0.0320
  0.3520
  0.9180
  1.1620
  1.2000
  1.3520
  1.4040
  1.6720
  1.8700
  2.3300
  2.7040
  2.7120
  2.9560
  3.6420
  3.9380
  4.1420
  4.2560
  4.5160
  4.5460
  4.6900
  5.1920
  5.2460
  5.6740
  5.8580
  6.0560
  6.4460
  6.4740
  7.6680
  8.0720
  8.4740
  9.4560
  9.9380
 10.1040
 10.1160
 10.6640
 11.4160
 12.1220
 12.2880
 12.8300
 12.9840
 13.2240
 13.8400
 14.8200
 16.5240
 16.8340
 17.3940
 17.7980
 18.6400
 19.6540
 20.9280
 21.2900
 21.5920
 22.6180
 23.0280
 25.4440
 32.2700
 34.8100
 39.1760


#Top pat = 22
-27.6220
-24.5200
-21.9820
-21.8300
-21.6640
-20.3020
-19.8300
-18.6720
-17.2100
-16.5920
-16.4160
-16.1380
-15.6520
-15.6180
-15.4240
-15.1780
-13.9360
-13.1460
-12.6380
-10.8580
 -9.7520
 -9.5900
 -8.9080
 -8.1180
 -7.8260
 -6.9600
 -6.0900
 -5.6060
 -3.9180
 -3.8500
 -3.4080
 -3.2980
 -2.8840
 -2.8120
 -2.3260
 -1.8920
 -1.7900
 -1.7620
 -1.3880
 -1.0000
 -0.5840
 -0.4780
 -0.2340
 -0.2340
  0.4800
  0.6000
  0.6160
  1.0300
  1.1700
  1.3440
  1.6380
  2.1140
  2.3360
  2.3860
  2.6140
  2.6340
  2.8620
  3.7560
  3.8160
  3.9720
  4.5740
  4.6540
  5.0040
  5.9800
  6.2000
  6.4140
  6.4160
  6.4300
  6.4440
  6.5260
  6.9300
  6.9800
  7.2600
  7.2700
  8.2240
  8.9240
  9.7220
 10.6680
 10.9140
 11.0300
 11.8560
 11.8920
 12.1660
 12.3240
 12.9960
 14.4680
 15.3760
 15.6460
 16.2800
 16.5300
 16.9780
 20.6340
 25.5060
 26.2820
 27.3120
 27.8620
 29.5640
 32.2940
 36.7240
 48.8320


#Top pat = 23
-29.2900
-26.5280
-25.7220
-24.5620
-20.2700
-19.7420
-19.3680
-18.3000
-17.1160
-16.8760
-15.6640
-14.1000
-13.6460
-13.3740
-13.2380
-12.7900
-11.6880
-11.0280
-11.0120
-10.7480
-10.1280
-10.0480
 -7.7560
 -7.5820
 -7.1960
 -6.7840
 -5.9740
 -5.5700
 -5.4200
 -5.2560
 -5.2060
 -5.1960
 -4.5100
 -4.3240
 -3.8180
 -3.7380
 -3.5360
 -3.2460
 -2.9200
 -2.6240
 -2.5720
 -2.4120
 -1.7160
 -1.5480
 -1.4080
 -1.3380
 -0.8300
 -0.8140
 -0.2160
  0.6440
  1.6200
  1.7900
  1.8460
  2.2140
  2.2440
  2.3940
  2.5560
  2.9940
  3.4140
  3.6280
  3.6440
  4.6520
  4.7060
  5.3940
  5.4900
  6.3560
  7.1040
  7.3740
  7.4900
  7.9820
  8.0560
  8.2240
  8.7020
  8.8960
  9.8420
 10.0460
 10.6420
 11.0660
 12.0000
 12.5240
 12.5320
 12.5500
 12.7360
 12.9940
 15.6120
 15.9720
 16.2400
 16.5380
 17.6820
 18.4220
 19.5620
 21.0680
 22.4460
 28.1420
 28.6540
 28.9460
 33.6260
 34.1420
 39.8200
 52.3060


#Top pat = 24
-33.4920
-25.5720
-22.5640
-22.0520
-21.5640
-21.4840
-21.4500
-20.8440
-20.1680
-17.6640
-17.4440
-17.4080
-17.1900
-15.7960
-14.4380
-14.3500
-13.0700
-12.9800
-12.5180
-10.3280
 -8.0820
 -7.8960
 -7.2100
 -6.9000
 -6.5920
 -5.2140
 -5.0240
 -4.3280
 -4.2980
 -3.9320
 -3.2100
 -2.8860
 -2.6260
 -2.2240
 -1.9220
 -1.7360
 -1.7140
 -1.6840
 -1.6640
 -1.5460
 -1.2940
 -1.2800
 -1.2420
 -0.3120
  0.0040
  0.8720
  1.6520
  1.8000
  1.8560
  2.2100
  2.3720
  2.5620
  2.8000
  3.3720
  3.5280
  3.9440
  4.2280
  4.2680
  4.9880
  5.1480
  5.8120
  6.1060
  6.8300
  7.2080
  7.2100
  7.4580
  7.7740
  7.8300
  8.4060
  8.4900
  8.5060
  8.9640
  9.0420
  9.2820
  9.5660
 10.4600
 10.6640
 10.7900
 10.8880
 10.9900
 11.8720
 12.5400
 13.6540
 13.7720
 15.0120
 15.7240
 16.6040
 16.7800
 19.7180
 21.3320
 21.9260
 22.8940
 24.7820
 24.8300
 25.0020
 26.4480
 37.2100
 41.1400
 43.3180
 47.6000


#Top pat = 25
-31.5740
-29.4300
-27.9160
-25.4480
-23.9040
-23.0540
-22.9680
-21.7800
-19.4180
-18.4600
-18.4000
-16.6740
-15.8640
-15.6360
-14.7620
-12.5100
-12.5040
-11.9980
-11.5060
-10.8800
-10.6400
-10.5200
-10.2380
 -9.8680
 -9.8240
 -8.4600
 -8.1360
 -7.5620
 -7.1780
 -6.2480
 -5.3400
 -4.9980
 -4.2180
 -4.0480
 -3.6640
 -3.6040
 -2.6680
 -2.6600
 -2.5920
 -1.9920
 -1.6320
 -0.8700
 -0.3540
 -0.2020
  0.2920
  0.9740
  0.9760
  1.3440
  2.0000
  2.2380
  2.6540
  3.2200
  3.2560
  3.3360
  3.7180
  4.1060
  4.2680
  5.0640
  5.0740
  5.9160
  7.0240
  7.3120
  7.3940
  7.5220
  7.5260
  8.8080
  9.2520
  9.6060
  9.7220
 10.2800
 11.1400
 11.9240
 12.1060
 12.2440
 12.3680
 12.4280
 12.7540
 13.3300
 13.4600
 13.5440
 13.6500
 13.9920
 14.1120
 15.5220
 17.1920
 18.0340
 18.8120
 19.3820
 20.4920
 21.1980
 21.7540
 22.7960
 27.2460
 28.4360
 29.7480
 29.9800
 32.3800
 33.1100
 36.7220
 52.8200


#Top pat = 26
-32.1180
-29.0860
-27.5480
-25.0960
-24.3000
-23.5100
-23.3220
-21.9500
-19.0900
-18.1120
-18.0140
-16.8680
-15.3240
-15.2500
-14.9320
-12.8480
-12.2940
-12.1800
-11.7980
-11.0920
-10.8280
-10.7100
-10.6100
 -9.9020
 -9.3980
 -8.7740
 -8.3780
 -7.0300
 -7.0280
 -6.5860
 -4.8340
 -4.8060
 -3.9100
 -3.9020
 -3.7120
 -3.1660
 -3.1640
 -3.0080
 -2.1900
 -2.1320
 -1.6660
 -0.8300
 -0.6400
 -0.2240
  0.1500
  0.6640
  1.3320
  1.5160
  1.7140
  2.5900
  2.8700
  3.3460
  3.6020
  3.8560
  4.2380
  4.2520
  4.6120
  4.7140
  5.6140
  6.1020
  6.6960
  7.3480
  7.4560
  7.7260
  7.8560
  8.4360
  9.3640
  9.3960
  9.6420
 10.5780
 10.8400
 11.6520
 11.9020
 12.1460
 12.4480
 12.6560
 12.7600
 13.1880
 13.2840
 13.3180
 13.4240
 13.8280
 13.9820
 16.0780
 17.5420
 18.5260
 19.5960
 19.6980
 20.1500
 21.5580
 22.1040
 23.1520
 27.8020
 28.0560
 30.0680
 30.2920
 32.7240
 32.7440
 36.2280
 52.5160


#Top pat = 27
-30.8320
-29.5980
-29.2220
-27.4040
-26.7760
-25.7980
-23.6620
-22.5580
-22.0220
-19.7280
-16.7460
-16.5660
-16.1880
-14.7000
-14.2300
-13.4320
-13.4120
-12.0160
-11.9000
-10.2860
 -9.6300
 -9.5880
 -9.1780
 -8.3360
 -8.3260
 -8.0560
 -7.9460
 -7.4240
 -7.3220
 -7.3160
 -7.2560
 -7.0820
 -6.4660
 -6.4480
 -5.4300
 -4.8760
 -4.0700
 -3.2160
 -2.5220
 -2.4160
 -2.3660
 -1.2880
 -1.0080
  1.3060
  1.3720
  1.4800
  1.6780
  1.8580
  2.2220
  2.4340
  2.4500
  2.6260
  3.4960
  3.6660
  4.6540
  5.1360
  5.7620
  5.8580
  5.8900
  6.1920
  6.2840
  7.0460
  7.6180
  7.8620
  7.8640
  8.6300
  9.3540
  9.4340
 10.4300
 11.5960
 12.2460
 12.2620
 12.6040
 13.0240
 13.2420
 13.2900
 13.4400
 14.4640
 14.6220
 14.8100
 16.3700
 16.4100
 16.6280
 18.1200
 18.3720
 18.4840
 19.0740
 19.4520
 20.3000
 21.6100
 21.6220
 25.2060
 26.4500
 26.6840
 26.9980
 27.6700
 28.2060
 31.0940
 32.4880
 59.0860


#Top pat = 28
-33.8000
-33.0360
-30.7140
-26.1860
-25.0680
-20.8040
-20.0980
-19.9400
-19.1240
-16.4700
-16.3460
-15.1640
-15.0720
-15.0180
-14.7360
-14.1760
-13.2000
-12.6720
-11.8400
-11.5320
-10.9480
-10.7800
 -8.5880
 -8.3060
 -8.2560
 -7.4920
 -5.9480
 -5.8920
 -5.8880
 -4.5460
 -4.4900
 -4.3000
 -3.3840
 -2.5100
 -2.5080
 -2.4180
 -2.3740
 -2.1600
 -1.7620
 -1.5920
 -1.3460
 -0.7160
 -0.4920
 -0.3500
  0.1840
  0.2200
  0.4460
  1.2880
  2.9660
  3.0360
  3.0420
  3.2420
  4.0400
  5.7400
  6.4540
  6.4700
  6.6100
  6.7640
  6.8120
  7.4600
  8.0140
  8.0860
  8.5600
  8.7900
  9.3700
  9.4900
  9.7620
  9.7660
 10.0920
 10.8580
 11.8740
 11.9420
 12.5500
 12.5840
 12.6040
 12.8500
 13.6820
 15.0520
 15.4900
 16.2840
 16.8160
 17.0440
 17.0920
 17.7780
 18.1400
 20.0580
 20.7600
 21.6720
 22.1560
 22.2380
 23.1360
 23.4920
 24.7140
 24.7720
 26.9360
 28.0260
 29.3480
 31.1780
 35.9440
 62.3800


#Top pat = 29
-33.4900
-32.9000
-31.8420
-25.8920
-25.5920
-21.0960
-20.8640
-19.9640
-19.5580
-16.7340
-16.1580
-16.0920
-15.5240
-15.4920
-15.4440
-14.8820
-14.7240
-12.9700
-11.3500
-11.2960
-10.9880
-10.4260
 -8.6600
 -8.1720
 -8.0280
 -7.1580
 -6.1500
 -5.7640
 -5.5820
 -4.2660
 -3.8860
 -3.7700
 -3.5800
 -3.2620
 -2.7840
 -2.6760
 -2.5640
 -2.5540
 -1.9940
 -1.0800
 -0.9720
 -0.7700
 -0.5320
 -0.3400
  0.0760
  0.0760
  0.4940
  1.3200
  2.9140
  3.1620
  3.4380
  3.7100
  3.8920
  4.8040
  5.1860
  6.4500
  6.7900
  6.7960
  7.1320
  7.8160
  7.8200
  8.0260
  8.9540
  9.0060
  9.1420
  9.3840
  9.4420
 10.2580
 10.9700
 11.0040
 11.1380
 11.5020
 11.5580
 11.9680
 12.7160
 12.9300
 13.5160
 15.1500
 16.0960
 16.3540
 16.6580
 16.8520
 16.9560
 18.0280
 19.5320
 20.0220
 21.3100
 21.4940
 22.0440
 22.1220
 23.4200
 24.5760
 24.5920
 24.7960
 26.4980
 28.3080
 29.3200
 31.6760
 34.4020
 60.5980


#Top pat = 30
-34.6660
-33.3900
-32.3740
-23.7560
-23.6120
-20.4860
-20.1000
-19.7300
-19.5540
-18.3300
-17.1420
-17.0820
-16.5720
-15.0640
-14.7420
-14.5660
-14.3660
-13.2960
-12.9100
-11.6640
-10.2560
 -9.3820
 -8.2700
 -7.6460
 -7.4700
 -7.3660
 -7.2180
 -6.4620
 -5.2360
 -4.8760
 -4.6440
 -4.0500
 -3.6860
 -3.4240
 -3.0120
 -2.9300
 -2.6840
 -2.6200
 -1.8200
 -1.6080
 -0.8320
 -0.6660
 -0.3800
 -0.1940
 -0.0300
  0.8200
  0.8700
  2.2180
  2.9860
  3.1120
  3.4680
  3.8920
  4.0460
  4.8400
  5.5600
  6.7900
  6.9720
  7.0880
  7.4280
  7.9060
  8.3700
  8.8640
  8.9380
  9.0540
  9.1260
  9.1880
  9.2660
  9.3320
 10.0100
 10.5100
 10.8340
 11.1480
 11.8500
 11.9560
 12.5520
 12.8940
 13.9420
 15.2460
 15.2500
 15.3540
 15.8480
 16.4540
 17.0140
 19.0540
 19.1500
 20.6180
 21.3380
 21.6160
 22.9620
 23.0640
 23.1240
 25.1500
 25.6920
 25.7740
 27.0220
 28.1600
 29.4720
 32.1620
 34.0240
 61.0980


#Top pat = 31
-38.2140
-32.4120
-29.9100
-26.6120
-25.7820
-22.3900
-21.7800
-20.4540
-18.2140
-18.1340
-16.8240
-16.0600
-15.8660
-15.8160
-15.7940
-12.6800
-12.0320
-11.6060
-11.5180
-10.9100
 -9.7520
 -7.6540
 -7.1900
 -6.6380
 -6.3200
 -6.0920
 -5.5260
 -5.0580
 -4.5900
 -4.4760
 -4.1640
 -3.7000
 -3.6000
 -3.3360
 -3.1500
 -2.7480
 -2.5940
 -1.6020
 -1.4960
 -0.9940
 -0.6860
 -0.6360
 -0.1840
  0.9220
  0.9540
  1.0020
  1.3900
  1.9920
  1.9920
  3.1800
  3.6080
  4.1400
  4.3780
  4.5960
  5.0700
  5.0960
  5.2760
  6.1680
  7.0460
  7.0780
  7.2100
  7.2880
  7.3240
  8.6560
  9.0040
  9.2820
  9.3920
 10.4280
 10.4860
 10.5400
 10.8540
 11.5540
 11.7540
 12.2040
 13.1420
 13.5660
 14.1160
 14.2100
 15.2980
 15.5540
 16.4500
 16.7840
 18.2680
 18.9060
 19.3800
 19.4000
 20.2640
 20.7280
 21.7200
 22.8500
 23.8600
 24.4880
 27.3220
 29.3660
 30.1160
 30.7140
 31.5580
 33.5660
 36.1660
 62.3300


#Top pat = 32
-36.1520
-33.5880
-31.0020
-25.1800
-25.1400
-22.9600
-19.6000
-17.8620
-17.6880
-15.5460
-15.4860
-14.3180
-12.6660
-11.6720
-11.2460
-10.5880
-10.5740
-10.3340
-10.2140
 -9.5460
 -9.1480
 -9.0860
 -8.9040
 -7.4260
 -7.2420
 -7.2240
 -6.7280
 -6.6060
 -6.0500
 -4.5720
 -4.4100
 -4.1240
 -3.3720
 -3.2580
 -3.0520
 -2.0880
 -1.1960
 -0.9240
 -0.9220
 -0.5660
 -0.2040
 -0.0300
  0.1340
  0.3780
  0.4480
  0.7560
  1.0640
  1.7580
  1.9580
  2.8220
  3.2920
  3.5440
  4.2680
  5.5700
  5.7940
  6.3060
  6.7860
  7.0660
  7.2500
  7.9640
  8.6680
  9.1740
 10.0400
 10.0700
 10.1320
 10.1860
 10.2660
 10.4920
 11.1480
 11.3500
 12.3240
 12.5960
 13.5300
 13.5900
 15.0900
 15.6460
 16.3980
 17.1020
 17.1740
 17.3500
 17.4220
 17.5640
 19.1580
 19.8880
 20.4680
 21.1260
 22.6580
 23.5240
 24.2260
 25.0060
 26.5800
 27.7740
 28.0740
 28.1040
 29.8440
 33.1400
 33.3700
 37.8040
 39.8360
 63.4640


#Top pat = 33
-37.3120
-37.2160
-32.6920
-29.0100
-27.3100
-21.1600
-20.7060
-17.0060
-16.5680
-16.4920
-14.2860
-12.2680
-12.1020
-11.4280
-10.0760
 -9.5520
 -9.2840
 -9.2200
 -8.9120
 -8.9040
 -8.7540
 -8.6760
 -8.2160
 -7.3500
 -6.9520
 -6.8080
 -6.4400
 -6.4380
 -6.3260
 -6.2260
 -5.4580
 -5.0560
 -3.8120
 -3.6400
 -3.4220
 -3.3740
 -2.6840
 -2.5180
 -1.8340
 -0.8460
 -0.7000
 -0.6560
 -0.4880
 -0.2640
  0.4680
  0.8800
  1.6700
  1.7520
  2.9820
  3.7460
  3.8500
  4.4940
  4.5120
  4.9960
  5.3080
  5.5100
  5.9820
  7.5760
  7.6620
  8.0200
  8.6320
  8.8120
  8.9560
  9.1380
  9.2940
 10.3720
 11.1340
 11.3580
 11.8160
 11.9860
 12.8460
 13.1000
 15.2000
 15.4000
 15.6700
 16.1460
 16.5120
 16.7840
 16.9440
 17.1860
 17.7560
 18.7880
 19.3700
 19.6620
 20.0480
 20.5540
 21.7080
 22.8820
 24.1940
 24.1960
 25.4440
 27.7700
 27.9920
 28.1420
 28.5840
 32.2240
 34.6160
 36.4460
 39.4640
 66.3240


#Top pat = 34
-36.2320
-35.6440
-34.9300
-30.2500
-29.9340
-22.7800
-19.0060
-17.9060
-16.2760
-15.4680
-14.0980
-13.3080
-13.1280
-11.5020
-10.4120
-10.0160
 -9.6980
 -9.4140
 -9.2680
 -9.1060
 -9.0460
 -8.8380
 -8.0260
 -7.8360
 -7.2200
 -7.2040
 -7.1940
 -6.2520
 -6.1320
 -5.9140
 -5.8780
 -5.5660
 -5.3060
 -5.2000
 -4.9080
 -4.3580
 -3.5680
 -3.1980
 -2.5540
 -1.5900
 -1.3740
  0.7260
  0.7440
  0.8860
  1.0440
  1.1800
  1.2960
  1.9560
  2.6200
  2.7880
  3.8080
  4.1420
  4.4300
  4.5400
  4.5960
  5.0880
  6.0120
  6.5680
  7.1200
  8.0360
  8.2240
  8.8380
  8.9060
  9.4500
  9.8320
 10.2720
 10.3260
 10.3820
 10.6200
 11.1060
 12.1000
 12.5800
 13.5660
 14.9280
 16.2400
 16.3220
 16.4760
 17.6660
 17.9640
 18.3020
 18.3560
 18.6640
 20.6160
 20.6560
 21.6440
 21.7380
 21.9100
 23.0440
 23.0500
 24.9840
 25.7340
 26.3040
 26.7860
 29.6120
 29.7140
 30.6760
 33.0560
 34.8020
 40.0280
 67.2300


#Top pat = 35
-38.3460
-33.7940
-32.4100
-31.6040
-26.8800
-24.7400
-24.1080
-16.7940
-15.9120
-15.7780
-14.5960
-12.7380
-12.5980
-11.7100
-11.6760
-10.9660
 -9.7860
 -9.1420
 -8.7020
 -8.6020
 -8.3460
 -8.0700
 -7.6780
 -7.3160
 -7.0960
 -6.2880
 -6.1140
 -5.9700
 -5.8600
 -5.3520
 -5.2940
 -5.0080
 -4.9500
 -4.7680
 -4.0920
 -3.4420
 -2.9480
 -2.7920
 -2.7080
 -2.5980
 -2.3240
 -2.2300
 -1.8240
  0.3060
  0.7960
  1.4340
  2.7200
  2.8020
  3.7300
  3.9020
  3.9680
  4.0160
  5.1000
  5.4180
  5.8280
  6.0580
  6.1980
  6.2320
  6.9060
  8.4160
  8.4180
  8.5580
  8.6820
  9.3740
  9.4280
  9.7560
  9.9060
 10.7700
 11.0100
 11.7360
 12.5700
 12.7780
 12.9560
 13.8040
 16.0240
 16.8460
 16.9840
 17.0060
 17.1920
 17.2320
 17.3220
 19.1960
 19.3940
 20.5160
 21.1240
 22.6100
 22.6340
 23.1440
 24.3520
 24.6040
 25.2460
 26.9080
 27.3480
 27.6200
 32.1760
 33.0700
 33.9120
 34.4140
 41.9680
 67.0300


#Top pat = 36
-33.7600
-33.7400
-31.7400
-29.1880
-28.9780
-20.5520
-18.6300
-18.0080
-15.4800
-15.1660
-14.8960
-14.2140
-13.7500
-12.1240
 -9.9960
 -9.5420
 -9.4280
 -9.3340
 -9.2020
 -9.0440
 -8.8020
 -8.4140
 -7.7980
 -7.5600
 -7.3980
 -7.2260
 -7.1480
 -6.4480
 -6.1920
 -6.1400
 -6.0160
 -5.5340
 -5.2440
 -5.0280
 -4.7340
 -4.4160
 -4.4140
 -4.3020
 -3.1360
 -2.9440
 -2.4100
 -2.0800
 -1.4520
 -1.4340
  1.0980
  1.1820
  1.8760
  3.2100
  3.6640
  3.8960
  4.5100
  4.5320
  4.8460
  5.3740
  5.8320
  5.9820
  6.1640
  6.5520
  6.8160
  6.8640
  7.0660
  7.3660
  7.6200
  8.1060
  8.5980
  8.6020
  8.8720
 10.3620
 10.7800
 10.8060
 12.8660
 13.1480
 13.5160
 14.6600
 15.2240
 16.1800
 16.5600
 16.7200
 18.4560
 18.5380
 18.6320
 19.9240
 22.0900
 22.8460
 23.5100
 24.0540
 25.4300
 25.8880
 26.0540
 27.6460
 27.9100
 28.4800
 29.1940
 29.9680
 30.6080
 37.0080
 37.7320
 39.5440
 43.9000
 67.8840


#Top pat = 37
-35.3380
-32.1680
-30.7360
-29.5980
-27.9340
-20.1500
-19.2300
-17.2680
-17.1540
-15.7200
-14.1340
-14.1160
-13.1080
-12.8840
-12.1220
-11.1320
 -9.8380
 -9.2460
 -8.8140
 -8.7380
 -8.5520
 -7.8860
 -7.8420
 -7.4800
 -7.1400
 -6.9680
 -6.9640
 -6.7020
 -6.6560
 -6.2280
 -5.5760
 -5.2760
 -4.6900
 -4.6480
 -4.1440
 -4.1260
 -4.0800
 -3.9620
 -3.9340
 -3.7740
 -2.5320
 -0.0100
  0.2880
  0.8040
  1.9200
  2.5360
  2.6800
  2.6840
  2.7280
  3.9320
  4.0920
  4.5640
  4.6340
  4.7720
  5.0300
  5.2360
  5.4020
  5.6220
  5.9400
  6.7320
  6.9040
  7.0440
  7.8360
  8.3400
  9.0640
  9.4860
  9.6720
  9.7240
  9.9960
 10.5760
 11.7140
 12.3820
 12.4880
 13.6640
 13.7100
 14.6500
 14.7160
 14.8060
 16.9080
 17.4040
 19.2740
 20.4420
 22.9060
 23.3540
 23.4360
 24.1400
 24.2980
 27.0700
 27.3160
 28.5040
 28.6180
 29.6400
 31.1060
 31.6680
 33.8280
 36.4740
 37.2400
 37.9240
 44.0200
 65.2540


#Top pat = 38
-33.3500
-31.8520
-30.1740
-28.6780
-26.0180
-22.5580
-19.5840
-18.7880
-18.0820
-15.9400
-15.8160
-14.4460
-14.0400
-12.7240
-12.2460
-11.2180
-11.0120
-10.6680
-10.5060
-10.2420
 -9.7700
 -9.2740
 -8.7660
 -8.2700
 -7.5160
 -7.5080
 -6.9080
 -6.5480
 -6.5140
 -6.1360
 -6.0540
 -5.6440
 -4.6360
 -4.3080
 -3.7700
 -2.4860
 -2.2400
 -1.5080
 -1.2020
 -1.0940
 -0.3900
  0.1440
  0.2160
  0.6980
  1.2320
  1.3880
  1.5000
  1.5860
  2.6540
  2.8940
  4.1400
  4.1800
  4.2540
  4.3000
  4.5140
  5.0820
  5.3180
  5.4520
  7.1340
  7.6040
  7.6160
  8.3220
  8.5300
  9.2080
  9.6940
  9.9540
 10.0960
 10.2140
 10.5860
 10.9060
 11.5520
 11.5980
 11.8600
 13.6640
 13.9460
 15.0980
 15.6840
 16.3200
 17.2340
 18.5860
 19.7420
 21.1340
 24.2500
 24.6460
 24.7940
 25.0540
 25.8540
 25.9680
 26.6480
 27.2700
 28.1720
 28.3100
 33.1780
 34.4520
 34.4540
 39.4980
 39.6480
 39.9880
 41.5080
 66.7340


#Top pat = 39
-29.9840
-28.9140
-26.0220
-23.7100
-21.6240
-21.2620
-19.1740
-18.4720
-18.4080
-18.2080
-18.0220
-15.9080
-15.5400
-14.2900
-14.2680
-13.9140
-13.2660
-12.9960
-12.7900
-11.3400
-10.8680
-10.0080
 -9.0880
 -9.0180
 -7.0520
 -6.5980
 -5.9080
 -5.0720
 -4.7880
 -4.5680
 -4.5520
 -4.2840
 -3.6540
 -3.6480
 -2.6360
 -2.4380
 -2.0840
 -1.5360
 -1.2180
 -1.0180
 -0.7680
 -0.2020
  0.0740
  0.3220
  0.6520
  0.8620
  1.0120
  1.2800
  1.8540
  2.4580
  2.7500
  3.0400
  3.4920
  4.0520
  4.1820
  4.4180
  4.9840
  5.7340
  6.9820
  7.1540
  7.6140
  9.0080
  9.9260
 10.0780
 10.3860
 11.8140
 11.9500
 11.9540
 12.9480
 13.4240
 15.0400
 15.3440
 15.4600
 16.9520
 17.0020
 17.0920
 17.7120
 18.4200
 19.1100
 19.5560
 20.8420
 21.8000
 22.3940
 23.3300
 24.1200
 26.1400
 27.2400
 28.4080
 29.2700
 29.3380
 29.3880
 31.3800
 32.3700
 33.2180
 34.9500
 36.1240
 36.6220
 36.6540
 47.0520
 67.7420


#Top pat = 40
-28.9620
-28.7700
-28.6120
-21.6580
-21.0360
-20.9380
-19.9940
-19.3560
-19.0300
-17.4120
-17.0580
-16.7580
-16.4460
-14.0520
-13.7940
-13.7740
-13.0240
-12.8620
-11.6380
-11.1180
-10.5980
-10.2200
 -9.9720
 -9.8580
 -9.3840
 -7.7800
 -7.4500
 -4.6340
 -4.4040
 -4.1340
 -3.9060
 -3.6540
 -3.5140
 -2.1460
 -1.7780
 -1.3680
 -0.0680
 -0.0160
  0.0600
  0.0640
  0.2820
  0.5340
  0.7260
  0.7900
  1.5500
  1.7720
  2.0600
  2.3100
  2.3120
  2.4760
  2.6680
  3.1300
  4.1780
  4.5860
  4.9100
  5.3840
  5.7940
  6.2460
  7.2020
  8.0860
  8.1680
  9.2920
 10.2660
 11.3380
 12.4860
 12.7160
 13.1440
 14.0820
 14.1660
 14.4420
 14.4680
 14.9120
 15.0820
 17.1540
 17.1880
 19.1960
 19.7060
 20.0620
 20.3400
 21.1320
 21.5300
 21.7840
 21.9540
 22.5940
 22.8260
 23.4880
 23.8660
 26.0280
 27.1340
 30.0660
 30.5280
 32.1720
 32.8180
 33.7400
 34.1120
 38.0980
 40.0620
 41.0200
 44.7420
 71.9140


#Top pat = 41
-32.5320
-30.2720
-30.0720
-24.1920
-23.7380
-23.4860
-22.3700
-20.3240
-19.4560
-16.9640
-15.8120
-15.1980
-14.3580
-14.0180
-13.5620
-12.9880
-11.9080
-11.5920
-11.1060
-10.8220
-10.5480
 -9.2740
 -8.2580
 -7.3640
 -6.0240
 -5.7700
 -5.6260
 -4.8500
 -4.7600
 -4.7220
 -4.4240
 -3.2280
 -2.3340
 -2.2240
 -1.8840
 -1.4280
 -1.2520
 -1.2000
 -0.9340
 -0.7480
 -0.7200
 -0.5520
 -0.0680
  0.1260
  0.2460
  0.9960
  1.0860
  1.1700
  1.6100
  2.0920
  2.3940
  2.6420
  2.6640
  2.7720
  3.7540
  5.3260
  5.5520
  5.7280
  8.2160
  9.2220
  9.9120
 10.3520
 12.2680
 12.4320
 13.1580
 14.0460
 15.4880
 16.8680
 16.9460
 17.3820
 17.8040
 18.0260
 18.2680
 19.3220
 19.4540
 19.6300
 19.6600
 19.7080
 21.9120
 21.9460
 22.1160
 22.4620
 23.0960
 23.2480
 23.6940
 23.7240
 23.9520
 24.0660
 25.2640
 28.5880
 30.7420
 31.7160
 31.9180
 35.4080
 37.2620
 37.4720
 40.0400
 41.9760
 42.0520
 68.1060


#Top pat = 42
-32.9080
-30.6180
-29.7520
-24.8800
-24.2100
-23.8600
-21.7900
-20.6800
-19.8100
-17.5240
-15.5540
-15.1200
-14.7120
-14.4100
-13.2560
-12.6420
-11.4620
-11.1740
-10.9840
-10.5680
-10.2300
 -9.1520
 -7.8880
 -7.0400
 -5.4460
 -5.3260
 -5.2240
 -5.0300
 -4.9340
 -4.7580
 -4.3580
 -2.8900
 -2.5600
 -2.2100
 -1.9800
 -1.5780
 -1.4760
 -1.3260
 -1.2380
 -0.8900
 -0.8860
 -0.5700
 -0.2020
  0.0880
  0.7880
  0.8200
  0.8340
  1.6340
  1.7600
  1.8980
  2.0000
  2.1660
  2.2300
  2.2740
  4.0520
  5.1580
  5.8700
  6.4080
  8.7260
  9.0400
  9.9480
 10.6960
 12.4500
 12.6040
 12.8040
 13.9180
 15.9420
 17.0700
 17.0700
 17.4100
 17.5880
 17.6480
 18.6000
 19.7080
 19.7820
 19.9660
 20.2160
 20.2360
 21.9760
 22.1060
 22.8100
 22.8260
 23.3300
 23.4400
 23.5840
 23.9940
 24.4080
 24.4260
 24.7380
 28.6060
 31.2320
 31.3660
 31.5740
 36.3240
 37.4000
 37.9640
 40.3560
 42.4440
 42.7840
 67.7280


#Top pat = 43
-34.4020
-32.0180
-28.8180
-27.1900
-24.6140
-23.3100
-20.9900
-20.5720
-17.8900
-17.7800
-16.4360
-15.3580
-14.7140
-13.2720
-12.9020
-12.5200
-11.5080
-11.3320
-11.2840
-10.1020
 -8.8300
 -8.7980
 -8.4060
 -8.4040
 -7.9040
 -7.2460
 -6.6600
 -5.4360
 -4.5200
 -4.2900
 -4.2280
 -3.8600
 -3.8140
 -3.5900
 -3.4500
 -2.9800
 -2.8760
 -2.8100
 -2.7120
 -1.3380
 -0.7400
 -0.6900
 -0.0220
  0.0440
  0.1580
  0.2140
  0.4440
  0.6880
  0.8020
  1.0740
  1.5360
  1.9540
  2.2480
  3.0200
  3.7800
  5.0600
  5.7360
  6.3100
  7.2880
  7.4440
  7.9260
  8.0760
 10.1940
 10.5880
 12.5500
 12.7980
 14.5920
 16.5840
 17.1800
 17.2300
 17.2360
 17.9900
 18.1980
 18.3660
 20.0760
 20.6800
 20.7060
 21.0440
 21.2320
 21.4240
 21.4960
 22.1620
 22.2300
 23.5200
 24.8700
 25.5500
 25.9460
 26.9360
 27.5540
 27.9220
 29.0000
 33.3740
 33.8220
 34.8300
 35.6040
 36.9420
 38.2460
 40.3040
 44.5160
 65.2220


#Top pat = 44
-39.2280
-30.4960
-29.4840
-25.2820
-25.0180
-22.4840
-22.0920
-20.4200
-19.9360
-18.6340
-18.5920
-18.2240
-15.1520
-13.3700
-12.5600
-11.8160
-11.4380
-10.8740
-10.5780
-10.5480
-10.1840
 -9.6780
 -9.2280
 -8.7300
 -8.6900
 -8.2580
 -7.3300
 -7.2900
 -6.3200
 -6.1740
 -5.9800
 -5.5920
 -3.8140
 -3.3000
 -2.7480
 -2.4480
 -2.1840
 -1.0500
 -1.0080
  0.8980
  2.1200
  2.3240
  2.4260
  3.3100
  3.4820
  3.5820
  3.6140
  4.1720
  4.4700
  5.7120
  6.1340
  6.3660
  6.4540
  6.6200
  7.4080
  7.6100
  7.6340
  8.4040
  8.5840
  9.4640
 11.3520
 11.6960
 11.7540
 12.3680
 13.2100
 13.2100
 13.8200
 13.8580
 13.8840
 14.5000
 14.6220
 15.1680
 15.8720
 16.6000
 17.0340
 18.5180
 18.9960
 19.5020
 20.9360
 21.9040
 22.2080
 22.5700
 22.9440
 25.4060
 26.0980
 26.1360
 27.0200
 27.5580
 27.9520
 31.2160
 32.8860
 33.5600
 35.7260
 38.9600
 39.4680
 39.4860
 41.0820
 41.0960
 43.6220
 56.9060


#Top pat = 45
-36.5680
-32.4460
-31.5560
-26.3060
-23.6180
-23.3500
-23.2260
-22.4220
-20.8020
-19.2840
-16.1800
-15.7460
-15.6440
-14.2020
-14.1620
-13.5060
-13.2380
-11.1580
-10.8000
-10.1360
 -9.4980
 -9.0740
 -8.8100
 -8.6740
 -8.4800
 -7.4600
 -7.1120
 -6.9100
 -5.6180
 -4.9900
 -3.3580
 -2.8100
 -2.7780
 -2.4300
 -2.2420
 -1.7980
 -1.4740
 -1.3500
 -0.9940
 -0.1740
  0.4600
  1.6120
  2.0700
  2.2140
  3.9320
  4.2340
  4.5360
  5.6560
  6.0040
  6.5440
  6.7400
  6.8480
  6.9440
  6.9500
  7.0240
  7.0300
  7.3100
  8.0340
  8.1960
  8.3160
  8.3440
  9.3140
  9.8600
 10.1560
 10.2700
 11.3060
 12.9820
 13.6200
 14.5680
 15.0500
 15.5940
 16.1160
 17.2360
 17.3980
 17.6080
 19.4280
 19.5820
 19.6880
 22.0160
 22.1420
 22.1940
 22.4860
 24.2740
 24.6880
 24.7440
 26.1500
 27.3960
 27.4400
 29.4280
 29.5160
 31.3680
 35.1660
 36.3860
 37.3680
 40.6440
 41.2460
 41.7400
 43.9020
 45.7640
 54.4000


#Top pat = 46
-44.1080
-41.6240
-30.6660
-26.4600
-22.5260
-20.9380
-19.6200
-19.2860
-18.0400
-17.8320
-17.6240
-16.4720
-15.2400
-15.1340
-13.1420
-11.8380
-11.5540
-11.4680
-11.2140
-11.0600
-10.5080
-10.0940
 -9.1460
 -8.9680
 -7.4600
 -6.8440
 -6.7540
 -6.5720
 -6.4380
 -6.4100
 -6.0820
 -4.9880
 -4.7360
 -4.4360
 -4.4080
 -4.1760
 -4.0020
 -2.1760
 -1.5880
 -1.3020
 -0.8020
 -0.3880
 -0.3440
  0.0300
  0.1260
  0.4740
  0.5580
  1.9460
  3.2300
  3.9260
  5.9500
  6.1360
  6.6360
  7.5620
  7.6840
  7.9540
  7.9600
  8.6140
  8.6480
  8.8600
  9.6800
 10.9160
 11.8900
 12.6420
 12.8420
 12.9940
 13.1080
 13.3540
 13.8240
 13.8740
 14.4880
 14.6420
 15.0580
 15.6800
 16.7260
 17.3160
 17.9320
 20.1980
 20.2740
 20.5200
 22.8980
 24.0880
 26.3360
 26.8700
 26.8900
 27.4560
 27.8000
 27.9660
 29.0740
 30.0280
 30.4760
 31.4960
 34.9500
 35.4440
 41.5320
 41.5880
 43.5020
 44.0520
 49.5400
 56.4540


#Top pat = 47
-47.0660
-36.7380
-35.9240
-33.2240
-27.1880
-24.4260
-22.3640
-20.5900
-19.5440
-18.8340
-17.6480
-17.5760
-17.4520
-17.2380
-16.1340
-14.9180
-14.7560
-14.2880
-13.3360
-13.1380
-12.3040
-11.1000
-10.6780
 -9.3320
 -9.2860
 -9.0480
 -8.8840
 -7.3380
 -7.0660
 -6.1060
 -5.1700
 -4.2060
 -4.1580
 -3.8720
 -3.7060
 -3.7020
 -2.5660
 -2.4660
 -1.9720
 -1.7580
 -1.7440
 -0.6660
 -0.3400
  0.2400
  0.5220
  2.5480
  2.9480
  3.6900
  4.7020
  5.2720
  5.4420
  5.4840
  5.5940
  5.9960
  6.5520
  6.7520
  6.9620
  8.2380
  9.6700
 10.0200
 10.3120
 10.3600
 10.7120
 10.8920
 11.1700
 11.2000
 12.2800
 12.3980
 13.2620
 13.4980
 13.8580
 14.4860
 14.8320
 16.7820
 16.9520
 17.0500
 18.1100
 18.5760
 19.0440
 20.2060
 20.3280
 20.4720
 22.1780
 22.8160
 23.2160
 24.9280
 25.4700
 25.5320
 28.8300
 29.4400
 31.0940
 35.8820
 37.3360
 40.5940
 41.1760
 41.6380
 44.1380
 53.3820
 55.9440
 56.2760


#Top pat = 48
-42.2060
-36.7500
-36.4320
-36.2840
-25.6400
-23.3660
-22.7320
-21.4440
-20.4960
-19.6360
-19.6320
-19.3400
-17.2060
-16.1040
-15.9100
-14.7920
-13.6340
-13.5780
-13.0960
-11.4760
-11.0740
-10.9480
 -9.5820
 -9.4820
 -9.1840
 -8.8000
 -8.4520
 -8.1880
 -7.7380
 -7.6600
 -6.5000
 -6.0600
 -5.9500
 -5.5320
 -4.0460
 -3.9740
 -2.4420
 -2.2040
 -1.2400
 -0.8740
 -0.8460
 -0.3860
 -0.1920
  0.8600
  1.2080
  1.3380
  1.3620
  1.7180
  1.7540
  2.5140
  2.9840
  4.2680
  4.7440
  4.8220
  5.1480
  5.1500
  5.7740
  6.4200
  8.9220
  9.2920
 10.1660
 10.8740
 11.1640
 12.0020
 12.4180
 12.6960
 12.9740
 13.6380
 13.7120
 14.3340
 14.8400
 14.9700
 15.6200
 15.8840
 15.9700
 17.9920
 18.2300
 20.5700
 20.7880
 21.2780
 21.5080
 22.9960
 23.0440
 25.2780
 25.5080
 26.2740
 30.2380
 30.5020
 30.6020
 32.3760
 33.8620
 34.6220
 37.1000
 39.0760
 39.8880
 41.9440
 45.1040
 46.8580
 57.0640
 59.2100


#Top pat = 49
-38.7000
-38.1880
-37.0400
-35.6160
-26.4140
-24.2480
-24.0000
-23.0760
-22.2520
-21.3540
-20.6700
-19.3740
-19.0560
-18.3460
-16.3740
-15.4480
-14.8260
-14.3760
-13.0520
-11.9240
-11.0680
-10.6920
-10.5800
 -9.9680
 -9.8600
 -9.4060
 -9.0480
 -8.6320
 -8.1480
 -6.7400
 -6.6860
 -5.9440
 -5.2980
 -5.2920
 -4.6960
 -4.1020
 -3.8380
 -3.8120
 -3.7820
 -3.2540
 -3.1200
 -2.9500
 -1.2720
 -1.2160
 -0.8880
 -0.7520
 -0.2320
  0.2280
  0.6540
  1.1740
  2.5160
  2.5280
  2.9340
  3.3740
  3.4900
  3.9840
  4.8100
  6.1720
  6.9720
  8.4540
  9.7760
  9.9260
  9.9640
 11.0600
 11.1340
 12.1040
 12.5560
 12.9040
 13.2800
 13.6360
 14.1580
 14.7040
 15.7120
 16.0220
 16.5300
 18.6180
 20.1660
 20.6500
 21.4680
 21.7440
 22.2480
 23.2980
 23.8380
 24.6020
 24.8780
 24.9940
 25.6180
 28.7780
 32.2280
 32.3520
 35.0220
 37.2460
 37.5720
 38.0880
 40.0100
 40.0840
 43.1020
 49.2520
 57.4800
 59.5240


#Top pat = 50
-49.6520
-47.6220
-46.1820
-45.0700
-43.6100
-43.2340
-41.1360
-40.6760
-40.6660
-39.2120
-38.9800
-38.3480
-38.3220
-38.0400
-36.7680
-36.3780
-36.2120
-36.1780
-35.9900
-35.9660
-35.8540
-35.4280
-35.2720
-35.1720
-35.1220
-34.9860
-34.8680
-34.7960
-34.6840
-34.3500
-34.3380
-34.0260
-33.9960
-33.9040
-33.5720
-33.4360
-33.3300
-33.2400
-32.9040
-32.8980
-32.8600
-32.6100
-32.4760
-32.4000
-32.3100
-32.0180
-31.4040
-31.0520
-30.8380
-29.9580
-29.8780
-29.8300
-28.8680
-27.9460
-26.4980
 26.7720
 27.2800
 28.1160
 29.4720
 29.9760
 29.9780
 30.8620
 31.2800
 31.4020
 31.5880
 31.6380
 31.9780
 32.3220
 32.5280
 32.6200
 33.2940
 33.6120
 33.6800
 33.6900
 33.7720
 34.0960
 34.6560
 34.7700
 34.7860
 34.9240
 34.9320
 34.9560
 35.0320
 35.0620
 35.0700
 35.1140
 35.1700
 35.2900
 35.4560
 36.0220
 36.5100
 36.8520
 36.8540
 37.1660
 37.5460
 37.9160
 38.3660
 39.7300
 39.8800
 50.5480


