#..\..\Net100seed42.net EP02delta0.1Input0.5.train 42
#Top pat = 1
 -0.5100
 -0.4100
 -0.3620
 -0.3600
 -0.3600
 -0.3580
 -0.3560
 -0.3540
 -0.3540
 -0.3520
 -0.3520
 -0.3500
 -0.3500
 -0.3480
 -0.3480
 -0.3480
 -0.3480
 -0.3460
 -0.3440
 -0.3440
 -0.3440
 -0.3440
 -0.3440
 -0.3440
 -0.3420
 -0.3400
 -0.3400
 -0.3400
 -0.3400
 -0.3400
 -0.3400
 -0.3380
 -0.3380
 -0.3360
 -0.3360
 -0.3360
 -0.3360
 -0.3360
 -0.3360
 -0.3340
 -0.3340
 -0.3320
 -0.3320
 -0.3320
 -0.3320
 -0.3260
  0.3260
  0.3300
  0.3320
  0.3340
  0.3340
  0.3340
  0.3340
  0.3360
  0.3360
  0.3380
  0.3380
  0.3380
  0.3380
  0.3380
  0.3380
  0.3380
  0.3380
  0.3400
  0.3400
  0.3400
  0.3400
  0.3420
  0.3420
  0.3420
  0.3440
  0.3440
  0.3440
  0.3440
  0.3440
  0.3460
  0.3460
  0.3480
  0.3480
  0.3500
  0.3500
  0.3500
  0.3500
  0.3500
  0.3500
  0.3500
  0.3500
  0.3520
  0.3520
  0.3520
  0.3540
  0.3540
  0.3540
  0.3560
  0.3580
  0.3580
  0.4200
  0.4440
  0.4460
  0.4920


#Top pat = 2
 -5.8360
 -5.1980
 -4.3480
 -4.3260
 -4.3180
 -4.2940
 -4.2780
 -4.2740
 -4.2060
 -4.1680
 -4.1480
 -4.1160
 -4.1160
 -4.1160
 -4.0900
 -4.0880
 -4.0840
 -4.0740
 -4.0000
 -3.9460
 -2.9100
 -2.8460
 -2.8420
 -2.8240
 -2.8160
 -2.8160
 -2.8000
 -2.7940
 -2.7920
 -2.7840
 -2.7760
 -2.7760
 -2.7720
 -2.7580
 -2.7560
 -2.7540
 -2.7440
 -2.7420
 -2.7400
 -2.7120
 -2.7060
 -2.6900
 -2.6740
 -2.6480
 -2.6140
 -2.6120
 -2.5980
  2.5220
  2.5540
  2.6760
  2.6880
  2.6980
  2.7020
  2.7100
  2.7160
  2.7300
  2.7420
  2.7520
  2.7520
  2.7540
  2.7620
  2.7660
  2.7740
  2.7820
  2.7860
  2.7900
  2.7940
  2.8280
  2.9040
  2.9800
  3.0860
  3.4940
  3.9400
  3.9920
  4.0180
  4.0300
  4.0420
  4.0460
  4.0620
  4.0680
  4.0820
  4.0860
  4.0940
  4.1120
  4.1120
  4.1340
  4.1440
  4.1580
  4.1660
  4.1760
  4.2040
  4.2060
  4.2280
  4.2320
  4.2320
  4.2380
  4.2500
  4.2740
  4.4360
  5.7940


#Top pat = 3
 -6.1280
 -6.1260
 -6.1080
 -6.0260
 -5.8840
 -5.8800
 -5.8540
 -5.7900
 -5.7700
 -4.8400
 -4.2300
 -4.1960
 -4.1160
 -4.0800
 -3.9660
 -3.9440
 -3.8840
 -3.8760
 -3.8280
 -3.8020
 -3.7940
 -3.7540
 -3.7340
 -3.3160
 -3.3080
 -3.1400
 -3.1240
 -3.1200
 -3.1080
 -3.0960
 -3.0800
 -2.9500
 -1.2360
 -1.1460
 -1.1420
 -1.1160
 -1.0940
 -1.0760
 -1.0740
 -1.0700
 -1.0660
 -1.0500
 -1.0460
 -0.9900
 -0.9520
 -0.9440
 -0.9280
  0.1420
  0.8640
  0.8760
  1.0080
  1.0520
  1.0700
  1.0760
  1.1000
  1.1120
  1.1140
  1.1360
  1.1680
  1.7840
  3.0280
  3.0380
  3.0660
  3.0660
  3.0980
  3.1040
  3.1100
  3.1320
  3.1480
  3.1680
  3.1980
  3.2480
  3.3440
  3.6320
  3.7380
  3.7740
  3.7760
  3.8280
  3.8280
  3.8400
  3.8440
  3.8500
  3.8960
  4.0020
  4.0600
  4.7980
  5.3240
  5.5220
  5.6900
  5.8200
  5.8720
  5.8720
  5.9160
  5.9260
  5.9780
  6.0040
  6.0580
  6.7120
  6.7920
  7.0580


#Top pat = 4
-13.9600
-13.6920
-13.2920
-12.9720
-12.6380
-12.5680
-12.2100
-12.1160
-11.1480
-11.1460
-11.0120
-10.6260
-10.5280
 -9.9080
 -8.3380
 -8.2100
 -8.1420
 -8.0760
 -7.8860
 -7.7640
 -7.7440
 -7.6820
 -7.6820
 -6.5160
 -6.3500
 -6.3420
 -5.9380
 -5.8980
 -5.3560
 -5.0280
 -4.2900
 -3.8740
 -3.7740
 -3.5960
 -3.5660
 -3.4660
 -3.3260
 -2.8500
 -2.7200
 -2.5900
 -2.4800
 -2.4500
 -2.3960
 -2.3680
 -2.1000
 -1.5340
 -1.1240
 -1.0640
 -0.7880
 -0.4120
 -0.2420
 -0.2080
  0.1200
  0.1500
  0.5560
  0.5660
  0.7700
  2.4600
  2.4920
  2.6500
  2.7920
  2.8700
  2.9020
  2.9440
  3.1300
  3.1680
  3.4180
  3.5240
  3.6460
  3.6760
  3.8940
  4.0600
  4.9560
  5.1880
  6.3760
  7.7480
  7.7580
  7.8260
  8.4840
  8.5020
  8.8820
 10.0460
 10.0580
 10.0760
 10.1220
 10.4060
 10.5440
 10.5680
 11.0480
 11.1680
 11.8300
 11.8600
 11.9820
 12.7180
 12.8240
 13.4180
 13.7380
 14.4420
 15.1620
 15.9960


#Top pat = 5
-16.2700
-15.6860
-15.5400
-15.0740
-13.8260
-12.0860
-12.0280
-11.6280
-11.1620
-10.8480
-10.3720
 -9.8180
 -9.5500
 -9.5440
 -8.8960
 -8.2900
 -7.7340
 -7.6240
 -7.5500
 -7.5460
 -7.4840
 -6.3300
 -5.7200
 -5.4940
 -5.4920
 -5.4020
 -5.3980
 -5.2600
 -5.1900
 -5.0960
 -4.7940
 -4.4960
 -4.1900
 -4.1800
 -4.0580
 -4.0080
 -3.9420
 -3.4460
 -3.4000
 -2.1620
 -2.0740
 -1.9680
 -1.8100
 -1.6360
 -1.0700
 -0.4180
 -0.1860
 -0.1020
  0.2080
  0.2140
  0.2520
  0.4980
  0.8300
  1.1840
  1.2300
  1.3180
  1.3740
  1.7220
  1.8500
  1.8860
  1.9500
  2.1660
  2.2460
  2.3160
  2.4000
  3.4120
  3.4180
  4.5220
  4.5660
  5.2280
  5.3920
  5.4040
  5.4460
  5.6660
  6.0280
  6.6280
  7.2240
  7.5800
  8.5980
  8.8540
  9.5580
  9.8440
 10.2920
 10.4620
 10.6480
 10.7880
 10.9280
 11.7660
 11.8020
 11.8260
 12.0860
 12.4780
 12.9220
 13.2260
 13.3500
 13.6300
 15.2180
 15.8520
 16.4780
 17.8580


#Top pat = 6
-15.9260
-15.3480
-15.0180
-14.7480
-14.1840
-11.9840
-11.9820
-11.0440
-10.8260
-10.7480
-10.7000
-10.1780
 -9.9200
 -8.7720
 -8.6800
 -8.5800
 -8.5660
 -7.9680
 -7.9260
 -7.1920
 -6.4700
 -6.4160
 -6.3240
 -6.1100
 -5.9960
 -5.7800
 -5.4540
 -5.4180
 -4.5620
 -4.4080
 -4.3940
 -4.3420
 -3.8100
 -3.7360
 -3.4460
 -3.1840
 -3.1540
 -3.1260
 -2.9820
 -2.4360
 -2.2660
 -1.4380
 -1.3220
 -1.1900
 -1.0500
 -0.7520
 -0.7140
 -0.5840
 -0.4500
  0.1880
  0.9720
  0.9940
  1.1680
  1.1780
  1.1900
  1.2220
  1.2400
  1.2960
  2.0120
  2.1660
  2.3380
  2.3420
  2.7540
  2.7760
  2.8340
  3.7640
  4.5460
  4.9020
  4.9260
  4.9300
  5.0620
  5.4700
  5.6940
  5.8340
  5.9100
  7.0120
  8.3220
  8.5420
  8.6100
  8.6540
  8.8000
  9.2780
 10.1040
 10.2940
 10.7580
 10.7820
 11.1440
 11.5540
 11.8480
 12.0680
 12.1240
 12.3420
 12.4500
 12.8200
 14.0180
 14.8680
 14.8760
 16.1320
 16.8780
 18.8960


#Top pat = 7
-16.8940
-16.5800
-15.7140
-14.6600
-14.5660
-13.5860
-12.3200
-12.0340
-11.6900
-10.7120
-10.6940
 -9.9540
 -9.8900
 -9.8180
 -9.3220
 -8.9940
 -8.6080
 -8.5980
 -7.3060
 -7.2520
 -7.1320
 -6.4220
 -5.6240
 -5.6220
 -5.4960
 -5.4040
 -5.1940
 -5.1740
 -4.6940
 -4.6020
 -4.2340
 -3.8100
 -3.6160
 -3.5120
 -3.4140
 -2.8500
 -2.4140
 -2.3100
 -2.2280
 -2.2160
 -2.1900
 -1.9360
 -1.9300
 -1.5340
 -1.5280
 -1.4460
 -0.8860
 -0.6400
 -0.3460
 -0.2060
 -0.1300
  0.0760
  0.1720
  0.3540
  1.6720
  1.8820
  1.9720
  2.4860
  2.6900
  2.7900
  2.8620
  2.9360
  3.3160
  4.5620
  4.7760
  4.9840
  4.9880
  5.2400
  5.8900
  5.9280
  6.4660
  6.8020
  6.9640
  6.9640
  7.0580
  7.4040
  7.4720
  8.0980
  9.1460
 10.0320
 10.3040
 11.1000
 11.7760
 11.8080
 11.9100
 12.1720
 12.4600
 13.2060
 13.6720
 14.2840
 14.2880
 14.5300
 14.7460
 14.8760
 15.5540
 15.6020
 16.2320
 16.9220
 17.2600
 17.7600


#Top pat = 8
-17.2200
-16.9260
-15.2140
-15.1100
-14.9980
-13.2560
-11.9660
-11.6480
-11.3460
-11.0440
-10.3600
-10.2820
 -9.5380
 -9.5060
 -9.4760
 -8.9560
 -8.9540
 -8.9500
 -7.6840
 -6.8740
 -6.7840
 -6.0780
 -5.6920
 -5.6900
 -5.5260
 -5.2780
 -5.2420
 -4.9320
 -4.8800
 -4.6560
 -4.5660
 -4.3480
 -3.8140
 -3.2760
 -3.2180
 -2.9960
 -2.2660
 -2.0600
 -1.9480
 -1.9080
 -1.8740
 -1.8520
 -1.7040
 -1.6940
 -1.3740
 -0.9580
 -0.4440
 -0.3760
 -0.1600
 -0.0560
  0.1380
  0.2660
  0.5100
  0.8520
  1.1940
  1.7760
  2.1280
  2.1940
  2.3080
  2.4900
  2.7860
  3.0460
  3.3000
  4.5620
  4.6240
  4.7440
  5.2600
  5.4980
  5.6020
  6.0780
  6.1020
  7.0340
  7.0820
  7.2440
  7.4140
  7.4700
  7.7220
  7.8240
  8.7760
  9.7060
  9.8480
 11.3720
 11.4340
 11.4980
 12.1160
 12.5400
 12.7980
 12.8260
 13.2840
 14.1700
 14.3880
 14.6260
 14.7900
 15.1580
 15.2020
 15.2560
 16.5560
 17.2880
 17.6260
 18.0800


#Top pat = 9
-17.6760
-17.2540
-15.6240
-15.1880
-15.0660
-12.7340
-11.5860
-11.3740
-11.2940
-11.0300
-10.6580
-10.0860
 -9.8780
 -9.3080
 -9.3040
 -9.1620
 -9.1120
 -8.7740
 -8.0700
 -6.5560
 -6.5100
 -6.2280
 -5.8880
 -5.8760
 -5.7000
 -5.4560
 -5.2880
 -5.0600
 -4.9380
 -4.8780
 -4.5060
 -4.3360
 -4.1740
 -3.7400
 -2.9440
 -2.8060
 -2.6940
 -2.4120
 -1.8680
 -1.6980
 -1.5920
 -1.5700
 -1.5240
 -1.1640
 -0.9500
 -0.7680
 -0.6280
 -0.1860
  0.1680
  0.2480
  0.4420
  0.4720
  0.8860
  0.8880
  1.1140
  1.4280
  1.7700
  1.9760
  2.1080
  2.4260
  2.7680
  3.3880
  3.8180
  4.0840
  4.2940
  4.8860
  5.1440
  5.4420
  5.6200
  5.9700
  6.2340
  6.5360
  7.3860
  7.4240
  7.5460
  7.7800
  7.9880
  8.3200
  8.4780
  9.4220
  9.5260
 10.8440
 11.3060
 11.9860
 12.3360
 12.5720
 13.0140
 13.0200
 13.3040
 13.8160
 14.0620
 14.7960
 14.8160
 15.0820
 15.1220
 15.5840
 16.9560
 17.6160
 18.1620
 18.4280


#Top pat = 10
-19.0480
-16.4480
-14.6540
-13.7660
-13.7540
-12.8600
-12.6160
-12.5380
-12.1440
-11.7860
-11.5200
-10.9620
-10.3520
-10.2740
-10.0460
 -9.6280
 -9.5140
 -8.5300
 -8.5280
 -8.1360
 -8.0880
 -8.0600
 -7.7660
 -7.6680
 -6.4800
 -6.1200
 -5.9280
 -4.7080
 -4.6800
 -4.4940
 -3.9580
 -3.5240
 -3.4300
 -3.1500
 -3.1080
 -2.8260
 -2.8080
 -2.7200
 -2.5860
 -2.4140
 -2.2840
 -1.4620
 -1.4380
 -0.9620
 -0.9240
 -0.6360
 -0.3180
 -0.2280
  0.8560
  0.9880
  1.0960
  1.6480
  1.7940
  2.1120
  2.5020
  2.8760
  2.9260
  2.9760
  3.0180
  3.3800
  3.4100
  3.4620
  3.7120
  3.8360
  4.1760
  4.4140
  4.7400
  4.9220
  5.2200
  5.5580
  5.6420
  5.7360
  6.1840
  6.2260
  6.8740
  7.7220
  8.1700
  8.5880
  8.9960
  9.8600
 10.4760
 10.7560
 10.7720
 10.9840
 11.0160
 11.5840
 12.2560
 13.2620
 13.8360
 14.8740
 15.0080
 15.5060
 15.8260
 15.8320
 16.4060
 16.6520
 18.3000
 18.8320
 20.3880
 20.8080


#Top pat = 11
-19.9880
-15.8340
-15.0340
-14.8580
-14.2980
-14.2880
-13.2300
-13.0860
-12.8920
-12.7040
-12.1920
-11.4540
-11.4240
-11.0980
-10.5800
-10.0800
 -9.5380
 -9.0680
 -9.0680
 -7.8040
 -7.6980
 -7.4200
 -6.8520
 -6.8420
 -6.6660
 -6.5180
 -6.2560
 -5.7980
 -5.5580
 -5.0680
 -5.0580
 -4.9900
 -4.5360
 -4.4720
 -4.4200
 -2.6040
 -2.5660
 -2.4340
 -1.9820
 -1.8380
 -1.3020
 -1.2600
 -0.9580
 -0.8800
 -0.7420
 -0.0540
 -0.0200
 -0.0060
 -0.0020
  0.3060
  0.3820
  1.2720
  1.5580
  1.9000
  1.9460
  1.9680
  2.0220
  2.4680
  2.4780
  2.5120
  2.9380
  3.1500
  3.5980
  3.8060
  4.9820
  5.1360
  5.4520
  5.4700
  5.7120
  5.7200
  6.3460
  7.1100
  7.2280
  7.4960
  7.5020
  7.5080
  7.9360
  8.1060
  8.3260
  8.4440
  8.5620
  9.4660
  9.8200
  9.9040
 11.0060
 12.2820
 13.4460
 13.9040
 13.9060
 14.0420
 14.8260
 15.3840
 15.9560
 16.3780
 17.1440
 17.3960
 19.0800
 19.1280
 20.4520
 21.2580


#Top pat = 12
-17.2600
-16.7620
-16.3320
-16.3200
-15.5880
-14.8080
-13.4160
-13.3140
-13.2260
-12.3800
-12.0020
-11.9180
-11.3060
-10.4620
-10.1120
 -9.7960
 -9.0220
 -8.9760
 -8.9740
 -8.7700
 -8.7320
 -7.8580
 -7.8260
 -7.6420
 -7.2200
 -6.9660
 -6.6460
 -6.6240
 -6.5940
 -5.2780
 -4.9000
 -4.6320
 -4.5720
 -3.8840
 -3.5940
 -3.5840
 -3.5200
 -3.4540
 -3.1480
 -2.0240
 -1.5560
 -1.4460
 -0.6060
 -0.4400
 -0.1400
  0.2700
  0.4800
  1.6220
  1.7920
  1.8160
  2.0500
  2.1860
  2.6040
  2.6220
  2.6960
  2.7500
  3.0040
  3.0200
  3.8020
  3.8180
  3.8360
  4.0520
  4.9260
  4.9480
  4.9740
  5.0940
  5.7980
  6.1460
  6.6200
  7.0680
  7.1120
  7.6840
  7.8220
  8.6020
  8.7140
  9.2160
  9.4060
  9.8320
  9.9300
 10.2880
 10.3840
 10.5300
 11.0260
 11.2740
 11.3560
 11.4180
 12.7520
 12.9980
 13.0760
 13.6880
 15.5940
 15.7420
 15.9880
 16.2900
 16.6160
 17.6660
 19.3560
 21.7120
 22.2600
 24.7140


#Top pat = 13
-18.9940
-18.1400
-17.8560
-16.3580
-15.0420
-14.4940
-14.2180
-13.9560
-13.1960
-13.1220
-12.7860
-12.3700
-11.6460
-11.5840
-10.4100
 -9.8660
 -9.4960
 -8.5420
 -8.5420
 -8.3120
 -7.8500
 -7.3260
 -7.1420
 -6.4640
 -6.3220
 -6.2580
 -5.9440
 -5.8200
 -5.5020
 -5.3500
 -4.5540
 -4.2200
 -4.2080
 -4.1960
 -3.1040
 -2.3760
 -2.3700
 -2.3640
 -1.9440
 -1.7920
 -1.2500
 -1.1900
 -0.9180
 -0.9140
 -0.8480
  0.0980
  0.3100
  0.4260
  1.2340
  1.9380
  2.4140
  2.8920
  3.3020
  3.3960
  3.3980
  3.5840
  3.6560
  3.7160
  3.9240
  4.2960
  4.5900
  4.6400
  4.9180
  5.2700
  5.3980
  5.7580
  6.1440
  6.4760
  7.0020
  7.0860
  7.3700
  7.4560
  7.7340
  7.8820
  8.7620
  8.8880
  9.1580
  9.3940
  9.4060
  9.5540
  9.9600
 10.4680
 11.3460
 11.8560
 11.8580
 12.2140
 12.3540
 13.0080
 14.4420
 14.6760
 14.8540
 14.9740
 16.4060
 17.6780
 18.5720
 19.2760
 19.7200
 20.2460
 23.8960
 27.1360


#Top pat = 14
-22.4320
-21.7260
-21.5680
-18.8640
-18.8360
-17.9580
-17.1780
-15.4300
-15.1760
-14.5980
-14.3480
-14.3060
-11.4180
-10.8580
-10.6780
 -9.7800
 -8.9740
 -8.6260
 -8.4980
 -8.4120
 -8.0680
 -8.0480
 -7.8560
 -7.8400
 -7.6020
 -7.1980
 -6.7600
 -6.1760
 -6.0600
 -5.5800
 -5.4480
 -5.4300
 -5.3800
 -4.8120
 -4.7900
 -3.5780
 -3.4820
 -3.3660
 -2.9540
 -2.9120
 -2.7240
 -1.8360
 -1.6980
 -1.2880
 -1.1800
 -1.1440
 -1.0220
 -0.5420
 -0.1240
  0.6140
  1.3060
  1.7520
  1.8280
  2.0160
  2.0960
  2.2640
  2.5380
  2.9020
  3.0360
  3.0880
  3.3880
  3.4000
  4.8600
  4.8900
  4.9300
  5.1280
  5.6480
  5.8940
  6.3100
  6.5660
  7.3420
  7.4120
  7.5660
  7.5880
  7.8820
  9.8040
  9.8840
  9.9600
 10.3100
 10.4700
 12.0160
 12.4580
 12.8040
 13.1260
 13.1660
 14.1540
 14.3640
 14.3700
 16.2700
 16.4600
 17.3240
 18.4020
 19.6640
 20.1560
 20.9580
 20.9680
 22.6720
 23.0000
 23.0020
 23.8980


#Top pat = 15
-22.5760
-21.9000
-20.6700
-20.4300
-19.3820
-18.8160
-18.3420
-15.1020
-14.8560
-14.6300
-14.2680
-13.5200
-10.5660
-10.4980
-10.4640
 -9.2980
 -9.2460
 -8.9180
 -8.7940
 -8.6760
 -8.5080
 -8.3940
 -8.3840
 -7.5980
 -7.5140
 -7.0640
 -6.5920
 -6.4560
 -6.3900
 -5.8340
 -5.6660
 -5.3520
 -4.2100
 -4.1000
 -4.0080
 -3.9440
 -3.8620
 -3.2480
 -3.0420
 -2.7020
 -2.5520
 -2.3780
 -1.6220
 -1.5100
 -1.2600
 -0.9980
 -0.6140
  0.4340
  0.8740
  1.1180
  1.2540
  1.4020
  1.5360
  1.8040
  1.9400
  2.1700
  2.3540
  2.4840
  2.8480
  3.0800
  3.2860
  3.3240
  3.8320
  4.1560
  5.3940
  5.5260
  5.7760
  5.9100
  6.6420
  7.1600
  7.4440
  7.4780
  7.9500
  8.1740
  8.5900
  8.8860
  9.4720
 10.2740
 10.8320
 11.3480
 11.4140
 11.6540
 12.6480
 12.7880
 13.6940
 13.7620
 13.9820
 14.1780
 15.5000
 15.7900
 18.8360
 19.0560
 19.1520
 20.8280
 21.1700
 22.1280
 22.7940
 22.8240
 23.3700
 23.7340


#Top pat = 16
-26.8000
-24.2140
-22.9020
-20.4220
-18.2940
-16.8960
-13.3800
-13.1920
-12.8820
-12.2480
-12.1980
-11.8980
-11.5020
-11.3000
-10.5680
-10.2500
 -9.3540
 -9.1640
 -9.0560
 -8.5640
 -8.2800
 -7.7840
 -7.7020
 -7.5240
 -7.0680
 -6.9880
 -6.3420
 -6.1820
 -5.7380
 -5.6520
 -5.4120
 -5.1200
 -4.8080
 -4.6740
 -4.5620
 -4.3240
 -3.0460
 -3.0140
 -2.9480
 -2.8460
 -2.4280
 -1.9160
 -1.8300
 -1.6780
 -1.2900
 -0.1440
 -0.0240
  1.0100
  1.0120
  1.1200
  1.5480
  1.7120
  2.2660
  2.6380
  2.6440
  3.0340
  3.0360
  3.2100
  3.5940
  3.6860
  4.1880
  4.3180
  4.3280
  4.4660
  4.9900
  5.0980
  5.4300
  6.6100
  6.8620
  7.0360
  7.1740
  7.6160
  7.6880
  7.9220
  8.1640
  8.3360
  8.6920
  9.0480
  9.6040
  9.7820
 11.2800
 11.5480
 12.3540
 12.6440
 13.9040
 16.3000
 16.9340
 16.9760
 17.2820
 18.7780
 19.4820
 19.7400
 20.7660
 21.8580
 22.6980
 25.0800
 25.4820
 25.9120
 26.3660
 28.3320


#Top pat = 17
-28.7500
-24.2660
-22.1440
-20.3540
-17.8180
-16.5220
-15.7200
-14.6140
-12.4100
-11.2860
-11.2500
-10.7760
-10.1400
 -9.7560
 -9.5460
 -9.3700
 -9.1160
 -8.9940
 -8.2860
 -8.0520
 -7.9640
 -7.6400
 -7.5980
 -7.4240
 -6.8560
 -6.2840
 -6.2060
 -5.5660
 -5.4680
 -5.1080
 -5.1020
 -4.7620
 -4.6740
 -4.5460
 -4.3640
 -3.4980
 -3.2920
 -3.2860
 -3.0960
 -3.0600
 -2.7060
 -2.1680
 -1.6400
 -0.5900
 -0.4580
 -0.3400
 -0.0440
  0.6540
  0.7140
  0.7720
  0.9560
  1.0680
  1.1980
  1.3820
  2.0840
  3.7300
  3.7520
  4.0340
  4.1440
  4.5200
  4.9060
  5.4120
  5.4860
  6.6840
  6.8540
  7.3460
  7.4220
  7.5900
  7.6880
  8.4100
  8.9060
  9.1060
  9.1880
  9.3040
  9.4840
 10.1840
 10.1940
 11.3620
 11.5760
 11.7120
 12.7520
 13.8980
 14.3380
 14.6800
 15.0460
 15.8560
 15.9120
 16.3380
 17.5800
 18.7460
 20.2060
 21.1420
 22.0160
 22.7240
 22.7540
 23.4600
 25.3500
 27.2400
 29.4760
 29.6600


#Top pat = 18
-30.8780
-28.0880
-19.8760
-19.6660
-19.2920
-18.5480
-17.4940
-14.5580
-13.4460
-13.4320
-12.9240
-11.9820
-11.7480
-11.7160
-11.6260
-11.4940
-10.2780
 -9.2600
 -8.6260
 -8.2960
 -7.9500
 -7.6500
 -6.8800
 -6.6140
 -5.9040
 -5.7580
 -5.5040
 -4.4260
 -4.0420
 -3.5960
 -3.5880
 -3.4560
 -3.2620
 -3.1100
 -3.0780
 -2.9300
 -2.6660
 -2.3620
 -2.2220
 -2.1080
 -1.9640
 -1.8880
 -1.5360
 -1.1800
 -1.1680
 -0.6040
  0.3740
  0.4680
  0.4940
  1.1880
  1.4580
  1.5240
  2.4760
  3.3460
  3.7060
  3.9820
  4.4700
  4.7140
  5.0200
  5.3300
  5.9080
  5.9980
  6.1240
  6.5720
  6.7100
  6.7700
  7.0260
  7.1660
  7.2120
  7.6560
  7.7000
  7.7300
  8.9020
  9.2700
  9.3780
  9.9320
 10.1260
 10.4020
 11.1840
 12.7500
 13.7600
 13.7900
 14.2820
 15.0120
 15.7080
 16.7560
 16.8440
 18.2320
 18.2960
 18.5300
 18.5580
 19.4660
 20.8320
 20.8640
 24.9540
 25.1400
 26.3440
 27.9700
 29.7740
 31.3940


#Top pat = 19
-30.7200
-27.8720
-20.1840
-19.6800
-19.5540
-19.4260
-18.2220
-14.4940
-13.6160
-13.4340
-12.3960
-12.3800
-12.2440
-12.0380
-11.7940
-11.6600
-10.3940
 -9.3180
 -8.9340
 -8.6700
 -8.4900
 -8.1140
 -8.0440
 -6.4880
 -6.3120
 -6.2800
 -5.3080
 -5.0620
 -5.0240
 -4.9720
 -4.6380
 -4.0320
 -3.3100
 -3.0680
 -2.5000
 -2.4900
 -2.4540
 -2.4220
 -2.0000
 -1.8280
 -1.5620
 -1.1980
 -1.1960
 -0.7940
 -0.6580
 -0.4860
 -0.1440
 -0.0100
 -0.0020
  0.3160
  1.0440
  2.8980
  2.9480
  2.9980
  3.1120
  4.1120
  4.4600
  4.9000
  4.9060
  5.0820
  5.7240
  6.0720
  6.3540
  6.4460
  6.8040
  6.8360
  6.8560
  6.9660
  7.0300
  7.4920
  7.5100
  8.2320
  8.3980
  8.7800
  9.5400
  9.6760
 10.0520
 11.1160
 11.5300
 12.8060
 13.2060
 13.6560
 13.8680
 14.1980
 15.5700
 17.1500
 17.8760
 17.9380
 18.0080
 18.9220
 19.0640
 19.3520
 20.8820
 21.8400
 24.0180
 25.2880
 27.6400
 27.6580
 29.2860
 31.2220


#Top pat = 20
-31.1140
-28.0080
-19.8900
-19.8640
-19.6140
-19.5060
-18.4100
-15.0560
-14.2780
-13.2800
-12.6840
-12.1340
-12.0220
-11.9780
-11.8700
-11.6140
-10.0800
 -9.3940
 -9.2040
 -8.6840
 -8.5760
 -8.4780
 -8.2780
 -6.2380
 -6.2020
 -5.9220
 -5.6400
 -5.4380
 -5.1640
 -5.1020
 -4.8300
 -4.1800
 -3.8660
 -2.8000
 -2.5600
 -2.3160
 -2.2880
 -2.1160
 -1.7420
 -1.6700
 -1.4180
 -1.3760
 -1.2380
 -1.0660
 -0.8660
 -0.5080
 -0.5060
  0.1160
  0.3520
  0.4260
  1.5100
  2.5080
  2.9160
  3.4460
  3.6040
  4.4540
  4.5500
  4.5520
  4.7960
  5.1800
  5.2840
  5.3880
  6.4440
  6.8100
  6.8840
  6.9400
  7.0040
  7.1080
  7.1640
  7.8180
  7.8660
  7.9180
  8.2600
  9.1660
  9.1740
 10.2760
 10.3280
 11.1380
 11.4440
 12.2780
 13.1940
 13.3440
 13.4780
 14.3820
 16.3020
 16.6180
 17.9880
 18.1940
 18.4240
 18.5360
 19.2140
 19.6820
 20.9560
 22.1800
 23.8580
 24.7600
 27.7960
 27.9500
 29.2820
 31.5860


#Top pat = 21
-29.5840
-27.3240
-25.2460
-24.9940
-19.9440
-17.0980
-16.6460
-16.5420
-16.3120
-16.0520
-14.8280
-14.7580
-14.0900
-13.6160
-12.7940
-11.5640
-11.5100
-11.3920
-11.1820
-10.0380
 -8.5960
 -7.8880
 -7.2880
 -7.2440
 -6.6480
 -6.3660
 -6.1380
 -6.1260
 -5.7920
 -5.6340
 -5.0000
 -4.4160
 -4.0760
 -4.0160
 -3.4120
 -2.8580
 -2.6740
 -1.8960
 -1.1260
  0.0480
  0.2240
  0.2820
  0.7480
  1.0780
  1.0840
  1.4480
  2.0660
  2.4420
  2.6980
  2.8320
  2.9880
  3.4060
  3.7600
  4.0140
  5.2580
  5.5640
  5.6480
  5.6520
  6.3960
  7.3660
  7.4340
  7.6700
  7.6820
  7.9320
  8.0800
  8.3260
  8.5120
  8.7440
  8.9220
  9.0320
  9.1120
  9.3560
  9.5720
  9.8620
 10.1340
 10.4640
 10.5300
 11.3220
 12.0000
 12.5480
 13.2320
 13.6940
 14.0040
 14.3680
 14.7060
 14.9680
 15.8540
 16.8540
 17.2600
 17.8820
 18.6020
 20.3940
 20.8880
 22.0000
 22.4060
 26.3020
 26.3840
 29.0120
 29.6160
 33.8020


#Top pat = 22
-33.6480
-24.9740
-24.6340
-24.3020
-21.7780
-18.7040
-17.8180
-16.3760
-15.6180
-15.3740
-14.6960
-14.2720
-14.2140
-13.6980
-13.2200
-13.0900
-12.7760
-12.7120
-10.8500
-10.7280
-10.3280
 -9.9800
 -9.5600
 -9.5420
 -8.8820
 -8.3140
 -7.9320
 -7.6320
 -7.5560
 -7.1500
 -6.2020
 -5.9540
 -5.6860
 -5.6020
 -4.8460
 -4.0060
 -3.8760
 -3.5540
 -3.3360
 -3.0180
 -2.9340
 -2.8680
 -1.6080
  1.3660
  1.6880
  1.7940
  1.9140
  2.1180
  2.6560
  2.6580
  2.6900
  3.1300
  3.1320
  3.3160
  3.4340
  3.5740
  3.7080
  3.9520
  4.4440
  4.5240
  4.6100
  5.2180
  5.3680
  6.0820
  6.0840
  6.5120
  6.7180
  6.8420
  8.0960
  8.2160
  9.1920
  9.2240
  9.6900
 10.0820
 10.3520
 10.7480
 10.9460
 13.2620
 13.4020
 13.5320
 13.8100
 14.1400
 15.2520
 15.5420
 17.9260
 18.9840
 19.4740
 19.7860
 20.9760
 21.5420
 21.5840
 22.1960
 22.2840
 22.9400
 23.1080
 26.9640
 27.7820
 28.6580
 29.7020
 39.0380


#Top pat = 23
-42.9280
-33.7120
-33.4820
-25.2320
-24.2360
-23.8880
-22.2260
-21.9420
-20.8240
-20.1020
-19.8020
-19.8000
-19.4640
-17.5020
-17.2200
-15.2580
-14.7880
-14.4600
-13.5300
-12.8400
-11.2760
-11.2040
-10.6420
-10.4860
-10.3100
 -9.1080
 -7.7420
 -6.5980
 -6.5540
 -5.6820
 -5.6380
 -5.2220
 -4.8760
 -4.4760
 -4.3460
 -4.0480
 -3.9860
 -3.7240
 -1.1900
  0.1320
  0.1860
  0.4540
  1.1380
  1.3720
  1.6200
  1.6860
  2.5340
  2.6900
  2.8840
  3.1160
  3.1940
  4.2360
  4.3540
  4.4160
  4.9200
  5.3640
  5.5100
  5.9220
  7.1400
  7.2160
  7.5680
  7.7260
  7.9700
  8.6220
  9.3580
  9.3640
 10.3280
 10.8160
 11.3640
 11.6540
 11.6820
 13.0300
 13.1660
 13.8020
 13.9200
 14.1040
 15.5780
 16.4080
 16.4200
 17.6660
 17.8120
 17.8760
 18.6160
 18.8420
 19.3340
 19.4080
 20.7740
 20.8460
 21.8820
 22.3880
 22.5800
 22.9140
 24.5400
 25.8760
 28.5400
 29.4060
 29.4220
 29.8580
 30.0520
 34.0040


#Top pat = 24
-50.7280
-38.4700
-31.0520
-30.2500
-30.1120
-26.6440
-21.1200
-20.3740
-19.1560
-18.3340
-17.7540
-17.1480
-17.0480
-16.2120
-15.9980
-15.6920
-14.4620
-14.2760
-13.4120
-13.3820
-12.3640
-11.9480
-11.5320
-11.3420
-11.2860
-11.1100
-10.6480
-10.2380
 -9.3500
 -9.2400
 -8.7420
 -8.5840
 -7.8860
 -5.0420
 -4.8440
 -4.7200
 -3.6720
 -3.2920
 -2.8000
 -2.2380
 -1.7980
 -1.7080
 -1.4340
 -0.1800
  0.1200
  0.1740
  1.0600
  2.2060
  2.3020
  2.5360
  2.8680
  4.6320
  4.8720
  5.5160
  6.2620
  6.3720
  7.2600
  7.5640
  7.6460
  8.2700
  8.4880
  8.6740
  8.7600
  9.0880
  9.4720
  9.9020
 10.1800
 10.2440
 10.5200
 10.9320
 11.0460
 11.1300
 11.1860
 11.5700
 12.6360
 12.7040
 13.1780
 15.9280
 16.1600
 16.3780
 17.4500
 17.6840
 18.0860
 18.4420
 18.4460
 19.7700
 20.9100
 21.1520
 21.4880
 21.7800
 23.3640
 23.5160
 23.9320
 25.1640
 26.4420
 27.1460
 31.0940
 33.5780
 33.9720
 34.1120


#Top pat = 25
-52.3960
-38.1880
-31.4160
-29.4400
-28.4740
-27.6760
-20.1360
-19.8560
-19.1700
-18.6760
-18.4120
-18.1180
-17.2180
-16.5400
-15.3400
-14.6380
-14.5460
-14.4020
-14.3900
-13.3340
-12.5220
-12.4880
-11.9680
-11.7940
-11.3600
-10.9160
-10.3460
-10.2800
-10.0840
 -9.6280
 -8.9280
 -7.5640
 -7.1340
 -6.7880
 -4.3140
 -3.8360
 -3.3840
 -3.2820
 -3.1180
 -1.7340
 -1.6320
 -1.3000
 -1.0700
 -0.4240
 -0.3120
 -0.1840
  0.5680
  1.3720
  2.8400
  3.2040
  3.4800
  3.5800
  5.8320
  5.8340
  6.6380
  6.6600
  7.0220
  7.5140
  7.6500
  7.9040
  8.2060
  8.8820
  9.1020
  9.1040
  9.7240
 10.2260
 10.4560
 10.8080
 11.0060
 11.2820
 11.3880
 11.4480
 11.6980
 11.7620
 12.1760
 12.5360
 13.5740
 15.0760
 15.7940
 16.1060
 16.5120
 17.9200
 18.0640
 19.1960
 19.4140
 20.1580
 20.6220
 21.8360
 21.8720
 22.2020
 22.2880
 23.0220
 23.1000
 24.4760
 26.1120
 27.4960
 31.4040
 32.9880
 33.0680
 34.2900


#Top pat = 26
-45.0900
-30.4480
-28.4360
-26.6360
-24.0940
-23.6500
-23.3160
-23.1480
-22.7720
-22.6580
-21.7960
-21.3240
-19.6100
-18.9020
-18.8740
-18.1200
-17.8580
-17.3000
-17.2620
-17.0580
-16.1100
-14.3560
-13.1300
-12.4740
-11.4980
-10.9820
-10.1440
 -9.7880
 -9.0720
 -7.0000
 -6.5520
 -6.3880
 -6.0660
 -6.0420
 -5.9620
 -5.4940
 -5.3240
 -5.3200
 -5.1000
 -4.9940
 -3.9660
 -3.1320
 -3.0920
 -3.0500
 -2.1280
 -1.6760
  0.2860
  0.2940
  0.3980
  0.9300
  1.0860
  1.1800
  1.4900
  2.3480
  3.2840
  3.6480
  3.7780
  4.8660
  4.9620
  5.1560
  6.0880
  7.2620
  7.8780
  9.8380
 10.0520
 10.3040
 10.6400
 11.6700
 12.1240
 12.2720
 12.7340
 12.7480
 12.7580
 13.0180
 13.2500
 13.7820
 15.9980
 16.1240
 16.2320
 16.4380
 16.5140
 16.5620
 16.6260
 17.3900
 17.4000
 17.9240
 18.7280
 20.0160
 21.0880
 23.7200
 25.2840
 25.7520
 25.9800
 27.6020
 28.4400
 28.5080
 28.8280
 31.9940
 33.8220
 35.9540


#Top pat = 27
-44.1360
-31.0060
-27.5780
-26.7660
-22.4560
-21.9300
-21.8820
-21.6040
-21.2620
-21.0020
-20.8220
-20.4260
-20.1460
-19.6780
-19.4660
-19.4560
-18.8280
-18.5900
-17.8740
-16.5420
-16.1860
-15.6440
-13.1540
-12.0440
-11.6340
-11.5380
-11.2220
-10.9020
 -8.6940
 -8.4020
 -6.7420
 -6.4100
 -5.6020
 -5.4100
 -5.2880
 -5.1300
 -4.8920
 -4.6640
 -4.2960
 -3.9040
 -3.5700
 -3.1540
 -2.9980
 -2.8620
 -2.7440
 -2.4920
 -1.7780
 -1.5420
 -0.3740
  0.9040
  1.3920
  1.7880
  2.2840
  2.2900
  2.3240
  2.3700
  2.6460
  4.1580
  4.2560
  5.1700
  5.3060
  5.5320
  8.9900
  9.5540
 10.7280
 10.7480
 11.0480
 12.1400
 12.4040
 12.4480
 12.9480
 13.0560
 13.6480
 14.1920
 14.2880
 14.8020
 14.8320
 15.2980
 15.4400
 15.4460
 15.4720
 16.2680
 16.3700
 16.3860
 17.7440
 19.2860
 19.4980
 20.5040
 20.6980
 21.2500
 25.3000
 26.4560
 26.9220
 27.6520
 27.7000
 27.9300
 30.6980
 31.3540
 32.9020
 36.9500


#Top pat = 28
-44.2900
-32.7340
-26.2820
-26.2360
-25.3420
-24.9200
-23.8140
-23.1240
-22.6940
-21.9840
-21.9060
-20.6600
-19.7560
-19.6060
-18.9560
-18.0780
-17.8960
-17.5760
-16.4240
-16.2220
-16.0520
-15.4780
-15.2440
-14.6880
-14.3680
-14.2140
-13.6760
-11.5160
-10.3140
 -9.4840
 -8.9860
 -8.9600
 -8.8500
 -8.0600
 -7.7320
 -7.7100
 -6.7900
 -6.5780
 -5.7020
 -5.6880
 -4.8360
 -4.2220
 -2.8860
 -2.8480
 -1.5880
 -1.5320
 -0.9100
 -0.1940
 -0.1260
  0.4340
  1.6520
  2.4180
  2.5940
  2.7400
  3.0280
  3.3880
  4.5680
  4.7220
  4.8640
  4.8720
  6.3160
  7.5920
  8.6720
  9.0440
  9.8460
 10.3900
 10.8480
 11.4220
 11.9400
 12.2000
 12.5480
 12.7920
 13.9500
 14.2500
 14.5640
 14.9400
 15.2240
 15.3660
 15.7060
 16.3880
 16.6120
 16.6160
 16.9080
 17.6000
 17.6920
 17.7000
 18.2500
 18.9320
 19.1080
 19.4840
 22.3680
 23.2640
 24.0820
 26.7400
 26.8460
 27.4040
 27.7220
 29.6620
 35.1060
 40.3940


#Top pat = 29
-40.7480
-34.5100
-34.5020
-31.0180
-30.9700
-26.2360
-24.8920
-24.6740
-24.3400
-21.7640
-20.3720
-18.3120
-17.3960
-17.0340
-17.0120
-16.3120
-15.9540
-15.4180
-15.1320
-14.8600
-14.5580
-14.0120
-13.4860
-13.4000
-12.9900
-12.5500
-11.3860
-10.9260
-10.6500
-10.3320
 -9.7560
 -9.6720
 -8.1800
 -8.0840
 -7.5060
 -6.8080
 -6.6300
 -6.6200
 -6.5000
 -4.6440
 -4.6420
 -3.7880
 -3.7640
 -3.3620
 -2.1420
 -1.8460
 -0.6920
 -0.1900
 -0.0040
  0.4860
  0.7540
  2.2780
  3.1480
  3.8360
  4.8940
  4.9080
  5.1080
  6.2200
  6.3000
  7.3520
  7.9180
  8.3700
  9.0360
 10.7380
 11.3580
 11.6160
 12.0780
 12.1640
 12.5400
 13.0800
 13.0860
 13.1620
 13.2460
 13.6660
 13.8060
 15.4300
 15.5200
 15.8980
 16.7520
 17.8100
 17.9840
 18.3600
 18.8380
 19.2120
 19.5000
 19.6440
 19.8240
 19.8920
 20.5480
 22.2540
 23.0400
 23.3300
 25.5900
 25.8120
 26.0220
 27.0040
 31.5500
 33.9380
 37.0860
 40.2180


#Top pat = 30
-40.9260
-34.8180
-33.6380
-30.6640
-30.6320
-26.6180
-24.5020
-24.1800
-23.8240
-21.9260
-19.9820
-17.8120
-17.5380
-17.0780
-16.6980
-15.8640
-15.7440
-15.6520
-15.6280
-14.8740
-14.5200
-14.3860
-13.8000
-13.3820
-12.8460
-12.2240
-11.7400
-11.3240
-11.1960
-10.1900
-10.0500
 -9.5800
 -8.9120
 -8.3880
 -7.4220
 -6.8060
 -6.7840
 -6.4860
 -6.4580
 -4.5380
 -4.1140
 -4.0980
 -3.4480
 -2.8560
 -1.7700
 -1.5000
 -0.7180
 -0.5020
 -0.3500
  0.1120
  0.5780
  2.7500
  3.5340
  4.1720
  4.5160
  5.6680
  5.7000
  5.8580
  6.8340
  7.3800
  7.4980
  8.0200
  9.3060
 10.4340
 10.8260
 12.1540
 12.3900
 12.5320
 12.6340
 12.7020
 13.0740
 13.1200
 13.2820
 13.3180
 13.5700
 15.0820
 15.8500
 16.2580
 16.6000
 18.1720
 18.3560
 18.5460
 19.0760
 19.3100
 19.3540
 19.6140
 19.9940
 20.0140
 20.2520
 22.1120
 23.3980
 23.6860
 25.6460
 25.9240
 25.9600
 27.3600
 31.5960
 33.4380
 36.5120
 39.8420


#Top pat = 31
-37.5060
-36.6800
-34.0120
-32.3600
-31.5600
-29.1920
-27.9220
-27.8520
-21.7380
-20.5220
-18.4500
-18.4420
-17.5780
-17.5140
-17.2480
-16.0580
-15.6700
-15.6560
-15.4640
-14.9540
-14.9320
-14.4040
-14.3700
-13.9900
-13.8660
-13.1460
-12.8280
-11.2400
-10.4840
-10.1860
 -9.6680
 -7.1940
 -7.0260
 -6.6120
 -6.1460
 -5.9500
 -5.7900
 -5.0320
 -4.5060
 -4.4080
 -4.1220
 -3.5440
 -2.5660
 -2.5020
 -2.0740
 -1.8960
 -1.7140
 -0.9840
 -0.0620
  2.3800
  2.5200
  4.1420
  4.5840
  5.5240
  5.6500
  5.7000
  7.0760
  7.5580
  7.7580
  7.9300
  8.3680
  9.0040
 10.1160
 10.7280
 11.2340
 12.0360
 12.2640
 13.7340
 13.9940
 14.5300
 14.8360
 14.8940
 15.0760
 15.1180
 15.1660
 15.8120
 15.8680
 15.8740
 15.8880
 16.1500
 16.1640
 16.6820
 16.8100
 17.2600
 19.1500
 19.2820
 19.6400
 20.0860
 21.1360
 22.3520
 24.4940
 25.4220
 25.6320
 26.3680
 27.4040
 27.4340
 31.2760
 35.0220
 36.6180
 42.8120


#Top pat = 32
-37.6900
-36.1460
-33.8320
-32.3640
-32.0900
-29.2660
-27.6120
-27.5200
-21.4100
-21.0920
-18.8300
-18.0560
-17.8620
-17.0100
-16.8960
-15.9740
-15.9160
-15.4940
-15.4940
-15.1500
-14.9000
-14.7260
-14.6820
-14.6280
-13.6500
-13.3640
-13.3520
-10.8840
-10.8240
 -9.8140
 -9.5560
 -7.7440
 -7.5700
 -6.2360
 -5.7740
 -5.6120
 -5.4460
 -4.7340
 -4.6460
 -4.2840
 -4.1680
 -4.1340
 -2.9100
 -2.6660
 -1.5600
 -1.4940
 -1.3640
 -1.3080
 -0.7500
  1.7680
  2.0620
  3.7720
  5.1440
  6.0500
  6.0680
  6.0920
  7.2460
  7.6940
  7.8080
  8.0520
  8.3140
  9.7720
  9.8140
 10.1720
 11.6140
 11.6500
 12.5640
 13.8220
 14.1180
 14.5380
 15.0440
 15.2200
 15.3540
 15.3620
 15.3900
 15.4400
 15.6920
 15.7820
 15.9960
 16.0100
 16.3600
 16.4840
 16.9240
 17.2340
 18.9380
 19.0680
 19.7020
 20.5340
 21.1140
 21.9740
 24.7840
 25.5180
 25.7960
 26.6420
 27.5980
 27.7980
 30.9160
 34.8960
 36.3260
 42.1460


#Top pat = 33
-38.0640
-35.9560
-33.4460
-32.3640
-31.5960
-29.8380
-27.1980
-26.8460
-21.7700
-21.2560
-19.1740
-18.0400
-17.5240
-16.7180
-16.6180
-16.2340
-15.8320
-15.5800
-15.2100
-15.0560
-15.0040
-15.0020
-14.6640
-14.4760
-13.8440
-13.7360
-12.9700
-10.9760
-10.1740
 -9.6560
 -9.0200
 -8.2960
 -7.9520
 -5.7180
 -5.5040
 -5.2600
 -5.2420
 -4.7640
 -4.7060
 -4.4920
 -4.1300
 -3.4940
 -3.4480
 -2.7840
 -1.7980
 -1.2480
 -1.1940
 -1.1600
 -1.1220
  1.6040
  1.7360
  3.8140
  5.7200
  6.4080
  6.5660
  6.6000
  6.6580
  7.8440
  7.9100
  8.3200
  8.4560
  9.4440
  9.4740
 10.3140
 11.7520
 11.7620
 12.7200
 13.4380
 14.0620
 14.1940
 15.2460
 15.2800
 15.3600
 15.4700
 15.5240
 15.5640
 15.5640
 15.5760
 15.6880
 16.2100
 16.3160
 16.4720
 16.7120
 17.4740
 18.7500
 18.7760
 20.0600
 21.1160
 21.6040
 21.6460
 25.5660
 25.8600
 26.3900
 26.9340
 27.7520
 27.9760
 30.4200
 34.3240
 36.0060
 41.7540


#Top pat = 34
-42.0120
-37.7760
-33.7860
-32.3260
-32.0040
-30.2520
-28.3860
-25.6060
-24.8180
-21.6520
-21.2540
-19.3260
-17.4780
-17.2640
-17.1960
-16.9660
-16.8340
-16.7120
-16.5500
-16.2600
-14.8720
-14.4060
-13.8500
-12.5040
-12.0940
-11.9220
-11.4500
-10.9440
 -9.4040
 -9.0160
 -8.8640
 -8.3560
 -7.0180
 -6.9320
 -6.8640
 -6.5460
 -5.9460
 -4.4000
 -3.9480
 -3.5160
 -2.9400
 -2.9220
 -2.8340
 -2.3380
 -2.1340
 -1.8280
 -0.9940
 -0.9780
 -0.8480
  0.3580
  1.2800
  3.0100
  3.8280
  4.3120
  4.5900
  4.8260
  4.8760
  5.3080
  5.5240
  7.9140
  8.7880
  8.9520
  9.3640
  9.3720
 10.7700
 11.8840
 12.1780
 12.5720
 12.7260
 13.6140
 14.2240
 14.5020
 14.6640
 14.6820
 14.7860
 14.7880
 15.3520
 16.3000
 16.3800
 16.8000
 17.5580
 18.0460
 18.0960
 18.4480
 18.6360
 18.8300
 19.3000
 19.7560
 20.0260
 22.5740
 24.9400
 25.3760
 26.2740
 26.5140
 26.6720
 29.8760
 31.4760
 32.0440
 35.8340
 43.3640


#Top pat = 35
-39.3380
-35.0460
-32.3680
-31.2780
-27.0300
-26.0800
-25.7740
-25.3920
-25.3800
-25.3200
-24.3600
-23.7740
-20.6680
-20.1620
-19.3380
-18.9340
-17.7280
-17.1980
-16.6180
-16.1700
-16.0200
-14.7600
-14.0520
-13.8620
-13.7440
-13.2120
-12.3460
-11.9420
-11.6860
-11.2580
-11.1120
-10.7640
 -9.7620
 -8.5640
 -8.0020
 -6.2100
 -6.0920
 -4.2140
 -4.1720
 -3.9480
 -2.3980
 -1.9420
 -1.2060
 -0.5420
 -0.4200
 -0.0620
  1.4340
  1.7440
  2.2360
  2.3240
  2.4400
  2.4560
  2.8580
  3.7180
  3.7660
  4.2160
  4.3440
  4.9780
  6.0160
  6.1380
  7.0180
  7.8300
  7.9860
  8.2540
 10.4440
 10.7480
 11.7720
 12.3120
 12.8080
 12.8700
 13.4380
 13.7060
 13.7260
 13.9280
 14.1020
 14.3960
 15.9200
 16.9340
 17.1760
 17.3760
 18.0900
 18.3760
 18.3800
 19.3260
 19.8340
 19.9320
 20.8140
 21.1960
 21.4120
 22.5320
 23.7780
 25.1780
 26.0120
 26.9600
 27.3560
 29.2260
 32.2040
 34.7600
 36.1940
 47.0460


#Top pat = 36
-39.1380
-35.5260
-32.0660
-30.9240
-27.1760
-26.4580
-25.5140
-25.3920
-24.8520
-24.4560
-24.1320
-24.1240
-20.7940
-20.4360
-19.6560
-18.5500
-18.3100
-17.7080
-16.4820
-16.4460
-16.1400
-15.1980
-14.9200
-14.3780
-13.8640
-13.7500
-13.3160
-12.7260
-12.4020
-12.3200
-11.3840
-10.2480
 -9.7120
 -9.0240
 -7.0880
 -7.0640
 -6.1760
 -4.4020
 -3.8320
 -3.0500
 -2.0160
 -1.3840
 -1.1680
 -0.8180
 -0.3580
  0.0060
  0.9160
  1.9120
  2.7780
  3.2660
  3.3700
  3.4600
  3.5180
  3.9460
  4.0080
  4.1640
  4.6060
  5.5120
  5.7640
  6.1320
  7.0200
  7.3040
  8.5880
  9.9360
 10.1100
 11.0200
 11.6480
 11.9420
 11.9460
 11.9800
 12.7760
 13.3620
 13.8980
 14.0820
 14.6840
 15.7000
 16.2000
 16.2080
 16.5500
 16.8560
 17.1500
 17.7320
 19.2260
 19.3320
 19.3720
 20.1560
 20.6900
 20.9400
 21.5620
 22.3820
 24.0900
 24.5900
 25.6720
 26.8460
 28.5440
 30.3780
 32.0660
 32.4860
 35.8280
 47.2240


#Top pat = 37
-35.5140
-34.4400
-33.8160
-33.3860
-32.1980
-29.1900
-28.7760
-27.3500
-27.1480
-24.1960
-22.6420
-22.0960
-20.4720
-19.9380
-19.1600
-18.7440
-18.4260
-18.0360
-17.3080
-16.0280
-16.0120
-15.6520
-14.6880
-14.4860
-12.7500
-12.1440
-11.7060
-10.9380
-10.8680
-10.6180
-10.6040
-10.1600
 -9.7060
 -9.5300
 -9.4500
 -9.3640
 -9.0240
 -8.6000
 -7.9400
 -7.8040
 -7.3360
 -4.4060
 -1.2920
 -1.0280
 -0.7520
 -0.5600
  0.4600
  0.5800
  0.9540
  2.0380
  3.4480
  3.9240
  4.3340
  4.5060
  4.9800
  5.2680
  6.1600
  6.6980
  7.6400
  8.0420
  8.0460
  8.1400
  8.3880
  9.0300
  9.5720
  9.9380
 10.0980
 10.4840
 11.4520
 12.0500
 12.2440
 12.4400
 12.7020
 13.6160
 15.2660
 15.3080
 15.7560
 16.0460
 16.0920
 16.3840
 17.0160
 18.0620
 18.9860
 19.5580
 20.0220
 20.6120
 20.9240
 22.0800
 24.5760
 25.0520
 25.1180
 25.9200
 26.8140
 29.0900
 29.4120
 30.0420
 33.5480
 34.1620
 35.0580
 50.2840


#Top pat = 38
-36.6760
-36.3200
-32.7240
-32.6940
-30.7980
-30.6840
-29.8600
-29.7680
-28.7020
-23.1040
-22.9080
-21.5200
-21.3760
-21.1940
-19.6840
-18.4180
-18.2580
-18.2120
-17.0460
-16.8180
-15.6020
-14.7180
-14.4060
-14.2180
-13.8580
-13.7380
-11.7500
-11.5860
-11.2800
-10.8800
-10.8280
-10.2380
 -9.6580
 -9.3500
 -9.0380
 -8.9040
 -8.9020
 -7.7580
 -7.3080
 -6.0840
 -5.5760
 -4.6860
 -1.5920
 -0.9020
 -0.0260
  1.6560
  1.7080
  1.8440
  1.9800
  2.2960
  3.6300
  3.7800
  5.0380
  5.4260
  5.8180
  6.2120
  6.4540
  6.7800
  6.9140
  7.3280
  7.3740
  7.9960
  8.4420
  8.5580
  9.0980
  9.7000
  9.8860
  9.9880
 10.1120
 10.3520
 11.9480
 13.1260
 14.0500
 14.1820
 14.2160
 14.4120
 15.1660
 15.6600
 16.4180
 17.4760
 17.7060
 18.1240
 18.3220
 18.8840
 19.0940
 20.0940
 20.3780
 20.9940
 23.8260
 24.6260
 25.4760
 27.3800
 27.7680
 28.2180
 28.5620
 28.7340
 32.5780
 34.0140
 36.9820
 47.5340


#Top pat = 39
-38.1460
-36.8500
-31.7300
-31.5720
-30.3580
-30.0640
-29.0580
-28.0340
-27.2480
-23.7580
-23.5000
-23.4840
-21.6040
-20.5460
-19.5540
-19.5160
-17.1420
-16.7000
-15.9180
-15.6960
-15.2860
-15.1200
-14.9020
-13.7200
-13.2760
-12.7080
-12.3760
-12.1400
-12.0160
-11.1680
-10.9340
-10.3200
 -9.8900
 -9.8780
 -9.7680
 -9.2380
 -8.0440
 -7.2260
 -6.6240
 -5.5380
 -4.0560
 -3.3040
 -3.1580
 -1.7460
 -0.4940
  0.0460
  3.3580
  3.5080
  3.9400
  4.2300
  4.3640
  4.4740
  4.6740
  4.7680
  5.4280
  5.5800
  6.0560
  6.3960
  6.8420
  7.1920
  7.8200
  8.0900
  8.2580
  9.1200
 10.2400
 10.3360
 10.4920
 10.4980
 10.5700
 10.8920
 10.9520
 11.8120
 12.2860
 12.5420
 13.9740
 14.7900
 15.0960
 16.6080
 17.2700
 17.9320
 17.9780
 18.3700
 18.8840
 19.5260
 19.7500
 20.9580
 21.5060
 21.8240
 22.5440
 25.1160
 26.4900
 26.5860
 27.8360
 28.8980
 29.6680
 30.6780
 31.7040
 34.8440
 36.0160
 47.9900


#Top pat = 40
-38.7340
-36.7140
-31.5660
-30.9820
-29.4460
-29.2020
-29.1880
-28.4040
-25.5200
-23.4220
-23.3520
-23.2900
-21.1240
-20.4040
-18.5460
-17.9260
-17.6900
-16.8180
-16.4560
-16.3720
-15.5500
-15.2400
-14.8660
-14.8540
-14.6260
-13.5020
-12.8840
-12.6040
-10.5980
-10.3480
-10.2500
 -9.9980
 -9.8960
 -9.1900
 -8.3160
 -8.2100
 -7.7140
 -7.6440
 -7.3780
 -5.1960
 -4.5920
 -3.2820
 -1.6320
 -1.5980
 -1.4540
 -0.5220
  2.4760
  3.3300
  3.4040
  4.3980
  4.5220
  4.6940
  5.0040
  5.1180
  5.4040
  5.6700
  5.9460
  6.8620
  6.8820
  8.1100
  8.1760
  8.1940
  8.6400
  8.9380
  9.0120
  9.1880
 10.0540
 10.5020
 10.5520
 11.1540
 11.5540
 11.8300
 11.8400
 12.7160
 13.8660
 14.4660
 14.7740
 15.7060
 16.2540
 16.9560
 18.3140
 18.4740
 19.9200
 20.0760
 20.5160
 21.4980
 21.9180
 22.0260
 22.4000
 24.7940
 27.7320
 28.1040
 28.4040
 29.4940
 29.6280
 30.6120
 32.6100
 34.4500
 36.9880
 48.0660


#Top pat = 41
-39.9900
-36.5520
-35.9340
-34.0600
-32.5200
-27.9640
-25.4160
-25.0540
-23.1900
-21.7200
-21.0700
-20.9100
-20.8880
-20.3500
-19.5580
-19.3120
-17.4340
-17.4240
-16.5900
-16.1480
-15.4040
-15.3960
-13.9240
-13.8860
-13.6480
-12.9400
-12.9080
-12.4900
-11.9800
-11.4740
 -9.9120
 -8.6840
 -7.9000
 -7.8880
 -6.6780
 -5.6840
 -5.1480
 -4.9280
 -4.2000
 -3.7520
 -3.4400
 -2.9460
 -2.0420
 -0.6280
  1.2180
  1.3380
  1.3460
  1.8340
  1.8580
  1.8860
  1.9760
  2.6320
  2.7660
  3.2080
  4.4360
  4.8000
  4.8460
  5.1300
  5.1480
  5.5800
  5.6880
  5.8640
  6.7160
  7.0840
  7.6680
  8.0220
  8.3040
  8.8800
  9.4200
 11.1340
 11.1740
 11.3660
 11.5140
 12.1040
 13.1320
 13.9000
 15.2680
 15.6260
 17.4180
 17.6820
 17.8680
 17.9100
 19.1320
 19.4160
 19.5120
 19.6280
 20.7420
 22.2800
 22.4780
 24.9540
 26.1360
 30.7120
 30.8820
 30.9860
 31.6940
 31.7000
 33.1860
 33.3020
 37.1280
 45.2580


#Top pat = 42
-41.7000
-41.1260
-37.7220
-35.5340
-35.0040
-30.7180
-28.4920
-25.2220
-25.2220
-24.3480
-21.9760
-21.3960
-21.3500
-20.9620
-20.9220
-20.5200
-19.6960
-19.2980
-17.4580
-17.3920
-17.2380
-16.8240
-16.8100
-16.4780
-13.8940
-12.7600
-12.4960
-12.2700
 -9.5960
 -8.8820
 -8.6000
 -8.5960
 -7.5860
 -7.2960
 -6.7880
 -6.3440
 -5.7280
 -3.2040
 -3.1960
 -3.0560
 -2.1280
 -2.0860
 -1.9840
 -1.9820
 -1.7340
 -1.4540
 -1.4140
 -1.2200
 -0.7280
 -0.6100
  1.8520
  1.9860
  2.4640
  2.7900
  3.2340
  3.3160
  5.2320
  5.6140
  5.8560
  6.4580
  6.7680
  7.7520
  8.3220
  8.6940
  9.0780
  9.1200
 10.3680
 10.9340
 10.9740
 11.2980
 12.3340
 12.4080
 12.4940
 12.6520
 13.1140
 13.4220
 13.4680
 14.7680
 14.7700
 15.1020
 16.3400
 16.5900
 17.6180
 17.7060
 19.1120
 20.5140
 23.7120
 24.0540
 24.3980
 25.7560
 25.9780
 27.0800
 27.5160
 27.8820
 28.1540
 31.3520
 36.7040
 38.5760
 41.0220
 46.4100


#Top pat = 43
-44.3640
-42.7460
-34.4820
-32.9880
-32.8600
-28.6240
-28.3520
-25.8040
-25.6440
-22.4840
-22.2220
-21.8980
-21.5460
-21.0760
-20.0420
-18.7240
-18.5040
-18.0280
-17.9760
-17.1340
-16.5540
-16.3240
-15.5340
-13.4720
-13.4680
-12.8900
-11.6140
-11.3260
-11.1200
-10.8560
-10.1980
 -9.6300
 -9.3400
 -8.8360
 -6.8620
 -5.6420
 -5.4720
 -2.7460
 -2.7420
 -2.3280
 -2.0900
 -1.2400
 -1.0900
 -1.0820
 -0.3460
 -0.1980
  1.4740
  1.7680
  2.6980
  2.8280
  3.3080
  3.8900
  4.2120
  4.3240
  4.6980
  5.2360
  5.3820
  5.5080
  5.6000
  6.4960
  7.2520
  7.5800
  7.7360
  8.3020
  8.4100
  8.8160
  9.4440
  9.4980
 10.2060
 11.6600
 12.1720
 12.4680
 12.7740
 13.1860
 13.5380
 13.6360
 14.1680
 14.6300
 15.7380
 15.8320
 16.8940
 17.2740
 18.2880
 20.3660
 21.6600
 21.6720
 23.4980
 23.5640
 27.3420
 27.6660
 28.3380
 29.2900
 29.5540
 30.0500
 31.0940
 35.2720
 35.9860
 38.3340
 39.2100
 47.5300


#Top pat = 44
-45.6240
-44.8040
-35.2960
-35.1220
-32.2980
-28.3020
-26.9540
-26.6520
-26.5240
-25.3560
-22.6240
-22.4780
-21.8760
-19.7180
-19.5940
-18.9540
-18.3040
-18.2640
-17.9880
-17.7140
-17.2380
-15.3640
-15.2740
-13.1200
-13.0400
-12.5960
-12.5240
-12.3360
-10.7820
-10.4000
 -9.7780
 -8.0660
 -6.5680
 -6.1520
 -6.1220
 -5.6720
 -5.6620
 -4.9820
 -4.7580
 -3.3880
 -3.0560
 -2.7700
 -1.6980
 -1.0880
  0.4800
  1.5100
  1.5180
  1.5380
  2.1600
  2.6820
  2.7420
  3.4760
  3.8400
  5.2120
  5.2440
  5.5060
  5.7220
  5.8200
  6.5780
  6.6280
  7.0800
  7.3700
  9.1360
  9.2160
  9.3660
  9.9760
 10.3280
 11.3260
 12.8380
 12.9300
 13.5600
 13.9620
 13.9980
 14.8400
 15.6500
 15.8360
 15.8780
 16.5260
 17.2320
 17.8640
 18.2840
 18.3680
 18.3840
 18.7440
 19.1200
 19.6640
 23.2300
 25.2020
 25.8580
 27.3340
 27.7040
 30.6440
 31.2780
 32.8300
 34.0680
 34.1960
 35.4400
 36.4380
 36.5740
 47.2400


#Top pat = 45
-47.4680
-45.3540
-37.1940
-34.7460
-33.1820
-28.5820
-28.1600
-26.9860
-25.8420
-24.4400
-22.6600
-22.0900
-21.7000
-21.1120
-20.8820
-19.9900
-19.5800
-19.5380
-19.4480
-17.9600
-16.3820
-15.5720
-15.4060
-13.5580
-13.3740
-13.1240
-12.1620
-10.8140
 -9.7360
 -9.1760
 -9.0700
 -8.8680
 -8.3220
 -8.0960
 -7.8840
 -3.9880
 -2.9560
 -2.7560
 -1.8600
 -1.8060
 -1.2560
 -1.2260
 -0.6160
 -0.2900
  1.5160
  1.6220
  2.3620
  2.6080
  3.8080
  4.2620
  4.2680
  4.3620
  4.8120
  5.4320
  5.5760
  5.9820
  6.2700
  6.3780
  6.4200
  6.8700
  8.2940
 10.3260
 10.4140
 10.5820
 10.9260
 10.9980
 11.0400
 11.3820
 11.7960
 12.3800
 12.4100
 13.7480
 13.8660
 14.3680
 14.8740
 14.9980
 15.0740
 15.6820
 15.8800
 16.4600
 16.4760
 17.3600
 17.6380
 19.5940
 20.4860
 21.1120
 22.8020
 23.7500
 25.3240
 26.9260
 27.3840
 27.7500
 28.1800
 32.9780
 33.2160
 34.6440
 37.8060
 38.6080
 41.1380
 41.7220


#Top pat = 46
-45.1560
-44.7240
-39.3920
-34.9560
-33.0460
-30.9000
-29.9680
-27.8360
-27.4620
-27.1940
-22.6500
-20.9960
-20.7980
-18.9040
-18.7340
-18.6220
-18.4760
-18.3260
-18.0360
-17.1380
-16.7980
-16.4180
-16.0220
-15.2100
-14.9300
-14.2880
-13.2360
-13.1520
-12.7840
-12.2880
-12.0920
-11.7760
 -9.4820
 -6.8580
 -5.8780
 -5.6920
 -4.8920
 -3.0380
 -2.6500
 -2.2500
 -0.8420
 -0.1060
 -0.0400
  0.7720
  0.9760
  1.9920
  2.1200
  2.5060
  2.8200
  2.8200
  3.2600
  3.9880
  4.0460
  4.3220
  4.7480
  4.8100
  6.5240
  6.6940
  7.3760
  8.2440
  8.5200
  8.9940
  9.5140
  9.6540
  9.8900
 10.8580
 11.3640
 11.6340
 11.6980
 11.9460
 12.4740
 12.6160
 13.3180
 13.4680
 13.7900
 13.8060
 14.6580
 14.9280
 17.3240
 17.8260
 19.7580
 20.4920
 20.6160
 20.9200
 22.1080
 22.6720
 23.1360
 23.7040
 24.4000
 25.8140
 28.0320
 29.8140
 30.1920
 31.7260
 32.1520
 34.3220
 34.4920
 34.6200
 41.6500
 43.7980


#Top pat = 47
-45.8880
-41.9540
-41.7780
-40.5840
-39.8680
-38.8560
-37.9300
-37.5440
-37.3080
-37.1280
-36.7760
-36.7500
-36.3920
-36.3540
-36.3060
-36.3020
-36.2880
-36.1720
-35.7180
-35.4900
-34.5920
-34.3540
-34.1060
-34.0760
-33.9800
-33.9260
-33.8480
-33.8340
-33.7540
-33.7220
-33.4500
-33.1640
-33.1340
-32.9360
-32.8400
-32.6340
-32.5300
-32.4020
-32.2840
-32.0600
-32.0300
-31.9340
-31.9120
-31.8200
-31.8040
-31.5620
-30.5300
-30.4620
-30.1100
-29.7720
-28.3840
-28.2300
-28.2000
-26.8620
 27.5100
 27.7300
 29.9140
 30.2980
 30.3660
 30.7500
 30.8320
 31.3520
 31.6680
 31.7040
 32.0460
 32.1740
 32.7920
 33.2560
 33.8180
 34.3420
 34.3440
 34.4440
 34.4840
 34.5440
 34.6080
 34.7360
 34.8880
 34.9360
 35.0280
 35.0940
 35.8580
 35.9520
 36.0860
 36.1280
 36.2040
 36.2300
 36.8140
 36.9940
 37.0420
 37.1920
 37.7240
 38.2200
 39.2540
 39.5900
 40.3820
 42.1060
 43.8040
 44.9340
 48.5920
 50.4960


#Top pat = 48
-46.8080
-42.6480
-41.5240
-41.3800
-41.2100
-41.1460
-40.5740
-39.5360
-38.8440
-38.2460
-38.0920
-38.0900
-37.6020
-37.4000
-37.2480
-37.2000
-37.0200
-35.8060
-35.6360
-35.4200
-35.1940
-34.6960
-34.6540
-34.4260
-33.8800
-33.8500
-33.8260
-33.6200
-32.5500
-32.4400
-32.3500
-32.2320
-31.9400
-31.7560
-31.4820
-31.4300
-31.2680
-31.1220
-30.9800
-30.6460
-30.5500
-30.4620
-30.3760
-30.1100
-29.6060
-29.3420
-28.5280
-28.3600
-28.2360
-26.6820
-26.6100
-25.9640
-25.7520
-24.6920
 25.4800
 26.1900
 27.8180
 29.7020
 30.2500
 30.9540
 31.0300
 31.1680
 31.2380
 32.1520
 32.2900
 32.3860
 32.5320
 32.7560
 32.8640
 33.2980
 33.5720
 33.6340
 33.8280
 34.3780
 34.6120
 35.1160
 35.1540
 35.4380
 35.6680
 35.9160
 36.3580
 36.6760
 36.8140
 36.8560
 36.9660
 37.0980
 37.1000
 37.3940
 37.8720
 38.0340
 38.6020
 39.0240
 39.6340
 39.7520
 40.1080
 40.9440
 40.9720
 42.3500
 46.8280
 47.5000


#Top pat = 49
-46.4480
-41.8980
-41.3340
-41.1520
-41.0360
-40.6740
-40.3120
-39.0200
-38.2660
-37.9840
-37.8000
-37.6120
-37.4800
-36.9240
-36.9040
-36.8920
-36.6760
-35.2320
-35.1700
-34.8220
-34.5080
-34.3660
-34.1460
-34.0460
-33.5520
-33.2580
-33.1080
-33.0240
-32.1540
-32.0180
-31.9080
-31.9080
-31.3940
-31.3780
-31.2300
-30.9540
-30.7520
-30.6880
-30.6580
-30.3600
-30.2720
-30.1700
-30.1640
-29.9980
-29.2160
-29.0380
-27.9920
-27.8880
-27.6220
-26.2240
-26.1080
-25.4040
-25.0800
-24.1260
 25.2800
 25.8920
 27.4760
 29.3540
 29.9080
 30.4500
 30.8480
 30.8640
 30.9360
 31.6600
 31.7140
 32.0460
 32.1660
 32.5780
 32.6200
 32.9520
 33.2040
 33.4140
 33.4360
 33.6760
 34.0360
 34.5900
 34.7260
 34.8400
 35.5960
 35.7580
 36.0020
 36.2940
 36.3340
 36.4660
 36.5180
 36.5820
 36.9940
 37.2320
 37.3160
 37.6640
 38.0640
 38.8520
 39.0840
 39.3800
 39.7520
 40.3600
 40.4740
 41.7760
 46.2860
 47.1240


#Top pat = 50
-59.0280
-46.8980
-46.5720
-45.2200
-45.1620
-45.0720
-44.0080
-43.2740
-42.5820
-42.5440
-42.0600
-41.8780
-41.6380
-41.2060
-40.7720
-40.2340
-39.7900
-38.8860
-37.9580
-37.7180
-37.5260
-37.3760
-36.9820
-35.9860
-35.4100
-35.1380
-35.0900
-34.7240
-34.1440
-34.0440
-33.8680
-33.6120
-33.4280
-33.2380
-33.1960
-32.3680
-31.4100
-31.0460
-30.9680
-30.7560
-30.6940
-26.7420
-26.5700
-25.6940
-25.2920
-24.1520
-22.9500
-22.8740
-20.1340
-18.5400
-18.5000
-18.1840
-17.9360
-17.7720
  9.6540
 15.2060
 18.0680
 19.3180
 20.9300
 21.0740
 22.6860
 24.3280
 24.4840
 25.2440
 26.1480
 26.3880
 27.8860
 28.2280
 28.7160
 29.6280
 29.8340
 30.6180
 30.9620
 31.1500
 31.2880
 31.3500
 31.9400
 35.7360
 35.7480
 36.3240
 36.6040
 36.9200
 37.2560
 37.6880
 38.4040
 38.5340
 38.6420
 38.9140
 40.0300
 40.0540
 40.6260
 40.7680
 41.4680
 41.8100
 41.9380
 42.2600
 42.5260
 42.5840
 46.1440
 53.0740


