#..\..\Net100seed42.net EP02delta0.1Input0.5.train 42
#Top pat = 1
 -0.5100
 -0.4920
 -0.4460
 -0.4440
 -0.3620
 -0.3600
 -0.3580
 -0.3580
 -0.3580
 -0.3540
 -0.3540
 -0.3540
 -0.3520
 -0.3520
 -0.3520
 -0.3500
 -0.3480
 -0.3480
 -0.3480
 -0.3460
 -0.3440
 -0.3440
 -0.3440
 -0.3440
 -0.3440
 -0.3420
 -0.3420
 -0.3400
 -0.3400
 -0.3400
 -0.3400
 -0.3380
 -0.3380
 -0.3380
 -0.3360
 -0.3360
 -0.3340
 -0.3340
 -0.3340
 -0.3320
 -0.3320
 -0.3320
 -0.3300
 -0.3260
  0.3260
  0.3320
  0.3320
  0.3340
  0.3340
  0.3340
  0.3360
  0.3360
  0.3360
  0.3360
  0.3360
  0.3360
  0.3380
  0.3380
  0.3380
  0.3380
  0.3380
  0.3380
  0.3380
  0.3400
  0.3400
  0.3400
  0.3400
  0.3400
  0.3400
  0.3420
  0.3420
  0.3440
  0.3440
  0.3440
  0.3440
  0.3440
  0.3440
  0.3460
  0.3460
  0.3480
  0.3480
  0.3480
  0.3500
  0.3500
  0.3500
  0.3500
  0.3500
  0.3500
  0.3500
  0.3500
  0.3500
  0.3520
  0.3520
  0.3540
  0.3540
  0.3560
  0.3560
  0.3600
  0.4100
  0.4200


#Top pat = 2
 -1.6180
 -1.5720
 -1.4700
 -1.4400
 -1.4060
 -1.3980
 -1.3960
 -1.3960
 -1.3900
 -1.3860
 -1.3820
 -1.3760
 -1.3740
 -1.3740
 -1.3740
 -1.3640
 -1.3540
 -1.3520
 -1.3440
 -1.3420
 -1.3180
 -1.3160
 -1.3100
 -0.1960
 -0.1680
 -0.1580
 -0.1360
 -0.1060
 -0.0300
 -0.0280
 -0.0260
 -0.0240
 -0.0220
 -0.0220
 -0.0200
 -0.0160
 -0.0140
 -0.0140
 -0.0120
 -0.0100
 -0.0100
 -0.0080
 -0.0080
 -0.0060
 -0.0060
 -0.0060
 -0.0060
 -0.0040
 -0.0020
  0.0000
  0.0000
  0.0020
  0.0020
  0.0040
  0.0040
  0.0060
  0.0060
  0.0060
  0.0060
  0.0080
  0.0080
  0.0080
  0.0080
  0.0100
  0.0100
  0.0120
  0.0120
  0.0120
  0.0140
  0.0140
  0.0160
  0.0180
  0.0760
  0.1060
  1.3440
  1.3580
  1.3620
  1.3640
  1.3680
  1.3700
  1.3700
  1.3740
  1.3740
  1.3760
  1.3760
  1.3800
  1.3820
  1.3840
  1.3900
  1.3920
  1.3940
  1.4000
  1.4020
  1.4060
  1.4080
  1.4100
  1.4220
  1.4840
  1.8360
  1.8980


#Top pat = 3
 -8.1380
 -6.0640
 -5.8380
 -5.8360
 -5.7120
 -5.7040
 -5.6920
 -5.6900
 -5.6640
 -5.6280
 -5.6240
 -5.5700
 -5.2120
 -4.8920
 -4.7640
 -4.7140
 -4.6840
 -4.6620
 -4.5580
 -4.0940
 -3.8100
 -3.7200
 -3.7120
 -3.7080
 -3.6960
 -3.6880
 -3.6880
 -3.6820
 -3.6680
 -3.6620
 -3.6580
 -3.6460
 -3.6200
 -3.6140
 -3.5620
 -3.5140
 -3.4320
 -2.6240
 -2.6200
 -2.6140
 -2.6120
 -2.6020
 -2.5940
 -2.5680
 -2.5640
 -2.5460
 -2.4340
 -2.4320
  2.4540
  2.4680
  2.5060
  2.5340
  2.5840
  2.5860
  2.5960
  2.5980
  2.6300
  2.6520
  2.6720
  2.7520
  3.5300
  3.5680
  3.6240
  3.6420
  3.6480
  3.7000
  3.7080
  3.7260
  3.7520
  3.7800
  3.8360
  3.8440
  3.8500
  4.5100
  4.5640
  4.5660
  4.5840
  4.6560
  4.6600
  4.7000
  4.7320
  4.7560
  4.7900
  4.8080
  4.8300
  5.5160
  5.5960
  5.6900
  5.6920
  5.6960
  5.7060
  5.7360
  5.7640
  5.8020
  5.8220
  5.8260
  5.9500
  6.1520
  6.6400
  7.0800


#Top pat = 4
-10.4380
 -8.2060
 -7.3640
 -7.1000
 -6.5740
 -6.4280
 -6.2640
 -6.2340
 -5.3740
 -5.3500
 -5.0440
 -4.8520
 -4.8400
 -4.8140
 -4.7860
 -4.7700
 -4.7700
 -4.7380
 -4.6700
 -4.6380
 -4.6260
 -4.6240
 -4.5480
 -4.4640
 -3.9340
 -3.7220
 -3.7000
 -3.6840
 -3.6080
 -3.5960
 -3.4940
 -3.3760
 -3.1320
 -2.3400
 -2.2740
 -2.2520
 -2.2320
 -2.1280
 -1.9660
 -1.9620
 -1.9400
 -1.8440
 -1.8300
 -0.9640
 -0.8840
 -0.8820
 -0.7080
 -0.6920
 -0.2060
  0.0680
  0.6940
  0.8460
  1.0000
  2.0200
  2.0500
  2.1020
  2.1080
  2.1820
  2.4200
  2.7360
  3.2820
  3.5320
  3.5600
  3.5800
  3.6060
  3.6060
  3.6060
  3.6320
  3.6540
  3.6580
  3.6740
  3.7320
  3.7480
  3.7660
  3.8760
  4.3180
  4.5340
  4.5620
  4.6740
  4.6840
  4.7520
  4.7700
  4.7820
  4.8180
  4.9000
  5.1140
  5.3840
  6.1900
  6.2760
  6.6160
  6.6580
  7.2660
  7.4460
  7.5400
  7.5520
  7.8100
  7.9920
  8.3120
  8.9100
  9.0800


#Top pat = 5
-10.1560
 -9.6760
 -7.3260
 -7.0020
 -6.6420
 -6.2480
 -6.2360
 -5.9180
 -5.8580
 -5.7400
 -5.6340
 -5.1840
 -5.1100
 -5.0080
 -4.9620
 -4.8580
 -4.8100
 -4.6620
 -4.4380
 -4.3700
 -4.2300
 -4.2260
 -4.0360
 -4.0340
 -3.9600
 -3.9580
 -3.5540
 -3.3220
 -3.3060
 -2.6920
 -2.5820
 -2.5600
 -2.4620
 -2.4140
 -2.3320
 -2.3200
 -2.1860
 -2.1740
 -2.1340
 -2.1200
 -1.7720
 -1.3080
 -1.2260
 -1.1940
 -1.1360
 -1.0060
 -0.9720
 -0.9680
  0.1920
  0.3340
  0.8200
  0.9220
  1.0460
  1.0600
  1.1900
  1.3420
  1.6260
  2.2040
  2.4260
  2.5300
  2.5760
  2.7440
  3.1620
  3.2480
  3.3180
  3.8460
  3.9300
  3.9620
  3.9860
  4.1020
  4.1320
  4.1540
  4.3940
  4.4180
  4.5800
  4.5940
  4.6620
  4.6660
  4.7980
  4.9080
  5.1280
  5.1580
  5.2260
  5.2380
  5.2580
  5.2680
  5.4960
  5.8460
  6.1640
  6.4700
  6.9080
  7.1920
  7.6340
  7.8100
  8.0120
  8.2920
  8.6860
  8.8480
  9.9420
 10.6700


#Top pat = 6
-12.5220
 -9.2140
 -8.6300
 -8.4620
 -8.0140
 -7.7560
 -7.6480
 -6.5400
 -6.5220
 -6.1440
 -6.1180
 -5.7760
 -5.3560
 -5.2060
 -5.0360
 -4.9100
 -4.3680
 -4.3620
 -4.3420
 -4.1100
 -4.0800
 -3.9760
 -3.8420
 -3.8140
 -3.4580
 -3.4460
 -3.4160
 -3.0880
 -3.0620
 -2.7600
 -2.5200
 -2.3940
 -2.2340
 -1.6980
 -1.6420
 -1.3820
 -1.3440
 -1.2900
 -1.1940
 -1.1080
 -0.7960
 -0.5040
 -0.1660
 -0.1080
  0.0080
  0.3020
  0.3300
  0.3440
  0.3600
  0.6280
  0.7720
  0.9660
  1.0180
  1.1040
  1.1400
  1.4100
  2.0560
  2.0640
  2.2860
  2.5640
  2.6820
  2.9220
  2.9260
  2.9800
  3.0580
  3.3120
  3.3860
  3.9640
  4.1060
  4.1500
  4.3260
  4.4640
  4.5740
  4.5800
  5.0280
  5.3100
  5.5520
  5.7020
  5.7720
  5.9080
  6.1140
  6.4380
  6.7080
  6.7720
  6.8120
  6.8980
  6.8980
  6.9740
  7.2140
  7.3100
  7.3860
  7.7060
  7.7740
  7.7740
  9.4740
  9.9160
 10.3080
 11.0380
 11.3140
 12.8540


#Top pat = 7
-12.8640
 -9.6880
 -9.6500
 -8.7400
 -8.5600
 -8.0760
 -7.4200
 -7.0980
 -6.8520
 -6.6880
 -6.2140
 -5.7320
 -5.6820
 -5.5060
 -5.4060
 -5.4000
 -5.0340
 -4.6380
 -4.4860
 -4.4860
 -4.3400
 -3.8360
 -3.8320
 -3.4660
 -3.4260
 -3.3600
 -3.0760
 -2.7620
 -2.6820
 -2.5540
 -2.3940
 -2.0300
 -1.9600
 -1.8900
 -1.8540
 -1.7360
 -1.7240
 -1.7180
 -1.4800
 -1.4620
 -1.3020
 -0.8740
 -0.7040
 -0.3080
 -0.2940
  0.0080
  0.3900
  0.4260
  0.7760
  0.9060
  0.9820
  1.3040
  1.3080
  1.3120
  1.5140
  1.5780
  1.7340
  2.1760
  2.4640
  2.5760
  2.7940
  2.9440
  3.1080
  3.1740
  3.2220
  3.4920
  3.6320
  4.2460
  4.2560
  4.2860
  4.2980
  4.3180
  4.4460
  4.9860
  5.0100
  5.4260
  5.4360
  5.5700
  5.8120
  5.9020
  6.0540
  6.2020
  6.5440
  6.6220
  6.7480
  6.8880
  7.1340
  7.2400
  7.4040
  7.4220
  7.4280
  7.5360
  8.8460
  8.9000
  9.7260
  9.8920
 10.6380
 10.6700
 10.9460
 12.5120


#Top pat = 8
-20.6160
-15.4980
-12.1080
-11.7620
-11.4880
-11.3060
-11.0360
-10.5280
 -9.9320
 -9.7100
 -9.1080
 -8.1140
 -7.9380
 -7.5040
 -7.4660
 -6.8640
 -6.8540
 -6.5180
 -6.4840
 -6.3220
 -5.7840
 -5.2760
 -5.0240
 -4.8900
 -4.7980
 -4.4500
 -4.3620
 -4.1320
 -3.2800
 -3.2480
 -2.9320
 -2.7980
 -2.0820
 -2.0820
 -2.0680
 -1.9380
 -1.7320
 -1.0200
 -0.8520
 -0.6960
 -0.5960
 -0.3420
 -0.0540
  0.0000
  0.2460
  0.3840
  0.4740
  0.5300
  1.5660
  1.5900
  1.6000
  2.3580
  2.3800
  2.5140
  2.6160
  2.9760
  3.1860
  3.3800
  3.3860
  3.4260
  3.5280
  3.8900
  4.2940
  4.4780
  4.5140
  4.8220
  4.8480
  5.0340
  5.2420
  5.4840
  6.1420
  6.5780
  6.7380
  6.8580
  6.9480
  7.3300
  7.8200
  8.2140
  8.7320
  9.6760
 10.1060
 10.1380
 10.2600
 10.7980
 10.8520
 10.8820
 10.9860
 11.0340
 11.0920
 11.1460
 11.7800
 11.9680
 12.6360
 12.7420
 13.0160
 13.8140
 15.0620
 15.6000
 15.7060
 15.9480


#Top pat = 9
-20.9380
-15.8320
-12.2840
-11.8460
-11.4820
-11.1940
-11.1400
-10.8580
 -9.6300
 -9.4940
 -9.3380
 -8.4820
 -8.3620
 -7.1020
 -7.0120
 -6.9820
 -6.6640
 -6.5440
 -6.3020
 -5.8440
 -5.4560
 -5.0820
 -4.7480
 -4.6960
 -4.6360
 -4.5320
 -4.4020
 -4.0440
 -3.7760
 -3.2960
 -2.9000
 -2.6560
 -2.6000
 -2.3160
 -2.0940
 -1.7540
 -1.5320
 -1.2040
 -0.8380
 -0.6840
 -0.5500
 -0.1160
  0.1200
  0.1700
  0.2740
  0.4820
  0.7360
  0.9600
  1.0500
  1.9320
  1.9580
  2.4260
  2.8040
  2.8120
  2.8640
  2.8960
  2.9400
  2.9800
  3.0500
  3.8260
  3.8680
  3.9960
  4.1160
  4.4420
  4.6000
  5.0120
  5.1820
  5.2020
  5.7720
  5.8020
  6.0020
  6.3440
  6.4220
  6.7680
  7.2780
  7.7100
  8.1460
  8.2760
  8.4060
  9.3200
  9.7740
 10.4880
 10.4960
 10.5060
 10.6240
 10.6260
 10.6360
 10.6720
 11.1480
 11.5220
 11.6940
 12.1180
 12.3040
 13.0960
 13.1900
 14.1500
 15.2180
 15.9040
 16.0480
 16.1300


#Top pat = 10
-20.0340
-18.2560
-16.0240
-13.0800
-12.8880
-12.2560
-11.2720
-11.1540
-10.5320
 -9.4160
 -8.9760
 -8.6780
 -8.5420
 -8.2380
 -8.1860
 -8.1700
 -8.1700
 -8.0600
 -7.4560
 -7.3760
 -6.8880
 -6.5720
 -5.9240
 -5.4000
 -5.1960
 -5.1160
 -5.0400
 -3.8560
 -3.7900
 -3.5740
 -3.2300
 -2.7860
 -2.7580
 -2.6760
 -2.0100
 -1.5080
 -1.2420
 -1.0540
 -0.9800
 -0.9100
 -0.6440
 -0.3620
 -0.2320
 -0.1520
  0.0240
  0.3400
  1.1320
  1.4920
  1.5240
  1.7240
  1.8120
  2.2140
  2.3960
  3.0080
  3.2340
  3.3200
  3.3920
  3.6720
  3.7280
  3.7860
  3.7980
  3.9660
  4.0360
  4.3160
  4.6400
  5.3920
  5.5000
  5.6020
  5.6820
  5.8820
  6.3300
  6.7560
  7.0140
  7.1640
  7.8480
  8.2840
  8.4800
  8.7700
  8.8260
  9.0320
  9.7100
  9.7860
 10.7940
 10.9820
 11.3700
 11.9420
 12.0400
 12.7760
 12.8260
 13.4300
 13.8180
 14.0280
 14.1460
 14.7600
 14.8880
 15.7960
 16.2080
 16.6440
 16.8140
 19.8760


#Top pat = 11
-20.9460
-18.9420
-14.9620
-14.9200
-13.1140
-12.0020
-11.1520
-11.1280
-10.6160
-10.4100
-10.2220
 -9.8300
 -9.8060
 -9.6220
 -9.1800
 -8.4020
 -7.5760
 -7.1900
 -7.1080
 -6.9160
 -6.7200
 -6.6460
 -6.4120
 -5.9880
 -5.6780
 -5.6260
 -5.4140
 -5.0080
 -4.4740
 -3.7040
 -3.4380
 -3.2920
 -2.2620
 -2.0640
 -1.9960
 -1.9000
 -1.7300
 -1.7300
 -1.6200
 -1.5180
 -1.5080
 -0.7860
 -0.5440
 -0.5100
 -0.4700
  0.3580
  0.5760
  0.6400
  1.3020
  1.8900
  1.9040
  2.2540
  2.7300
  2.9600
  3.2580
  3.2640
  3.3300
  4.0540
  4.0640
  4.0820
  4.2800
  4.2960
  4.6120
  4.7660
  5.1980
  5.2220
  5.2740
  5.3180
  5.6860
  6.0420
  6.1500
  6.3640
  6.6040
  7.3700
  7.5400
  7.7580
  7.7800
  7.9440
  8.4300
  8.7560
 10.2240
 10.2720
 10.3740
 10.4660
 10.9460
 11.6660
 11.8540
 12.3060
 12.3120
 12.9500
 14.0120
 14.0760
 14.3880
 15.0120
 15.3540
 15.9000
 17.4640
 17.5640
 18.4600
 19.5580


#Top pat = 12
-17.7120
-17.2240
-16.6880
-16.5400
-14.7620
-14.6420
-13.7580
-11.2840
-11.1920
-10.0360
 -9.9960
 -9.1100
 -8.9540
 -8.8460
 -8.2840
 -8.0960
 -7.4720
 -7.4500
 -7.2040
 -7.1860
 -6.5740
 -6.2220
 -5.8680
 -5.5080
 -5.4420
 -5.4380
 -5.4100
 -4.9180
 -4.8200
 -4.1960
 -3.9100
 -3.6760
 -3.5780
 -3.4240
 -2.1980
 -2.1660
 -2.1520
 -1.6780
 -1.4940
 -1.4540
 -0.6580
 -0.0900
 -0.0680
  0.0240
  0.0520
  0.6060
  1.5060
  1.5920
  1.8920
  2.2560
  3.0420
  3.2400
  3.3420
  3.5620
  3.8480
  4.0720
  4.1120
  4.2100
  4.2820
  4.3560
  4.4560
  5.2520
  5.8220
  5.9340
  6.0180
  6.4060
  6.8120
  7.4840
  7.6620
  7.8440
  7.8700
  7.9040
  7.9380
  7.9920
  8.2840
  8.3980
  8.4000
  9.0120
  9.2700
  9.3720
  9.7600
  9.7740
  9.9940
 10.2520
 12.2220
 12.3980
 13.3040
 13.6480
 13.7060
 14.3820
 14.7740
 14.8560
 15.7880
 16.4500
 16.9960
 18.3800
 19.0940
 21.0960
 21.5720
 25.0380


#Top pat = 13
-18.8940
-17.7500
-17.0660
-16.9500
-14.5800
-14.1820
-12.7260
-10.8060
-10.4480
-10.3120
 -9.7300
 -9.6740
 -9.4080
 -9.1720
 -9.1300
 -9.0020
 -8.4620
 -7.7820
 -7.0120
 -6.6460
 -6.5700
 -6.3280
 -6.0940
 -5.7100
 -5.2380
 -5.0340
 -4.9560
 -4.8400
 -4.6700
 -4.3920
 -4.1040
 -3.9540
 -3.5420
 -2.5440
 -2.3860
 -1.5860
 -1.5700
 -1.3180
 -1.2340
 -1.1480
 -1.0700
 -1.0080
 -0.3960
 -0.3840
  0.9540
  1.0880
  1.1520
  2.0760
  2.4200
  2.6900
  2.9100
  3.5940
  3.7420
  3.7620
  3.9000
  3.9320
  3.9880
  4.0760
  4.3440
  4.4180
  4.6060
  4.9020
  4.9140
  5.2360
  5.3140
  5.8640
  6.6880
  6.9680
  7.2580
  7.5060
  7.5920
  7.7540
  8.0760
  8.1660
  8.1820
  8.5840
  8.6980
  8.9140
  8.9220
  9.0080
  9.7680
  9.9220
 10.6300
 11.3040
 12.0360
 13.3100
 13.3940
 13.6860
 14.1620
 14.2720
 14.4960
 15.3660
 15.9420
 15.9580
 16.3300
 18.0380
 18.9200
 20.1360
 21.3940
 26.5560


#Top pat = 14
-17.8260
-16.7120
-16.4800
-15.8820
-15.4260
-15.1160
-12.5360
-12.3880
-11.6240
-11.3680
-10.8760
-10.7120
-10.5420
-10.3180
-10.1320
 -8.8000
 -8.3900
 -8.2180
 -7.4200
 -7.3820
 -7.0300
 -6.2580
 -6.1920
 -6.0360
 -5.2800
 -4.9620
 -4.5620
 -4.5160
 -3.9660
 -3.8320
 -3.8000
 -3.6720
 -3.5540
 -3.5260
 -2.9380
 -2.9340
 -2.6520
 -2.6340
 -2.5460
 -2.3340
 -1.5000
 -0.6420
 -0.4240
 -0.2740
 -0.1720
  1.4420
  1.4440
  2.1600
  2.2480
  2.3920
  2.8120
  2.8260
  2.8540
  2.8760
  3.7120
  4.5880
  4.5900
  4.7040
  4.7380
  4.9480
  5.2680
  5.4260
  5.6920
  5.8260
  5.9120
  5.9220
  6.1540
  6.1900
  6.3560
  6.8240
  6.9240
  7.4900
  7.4940
  7.6560
  7.9380
  8.8100
  8.8600
  9.3240
  9.8560
  9.9260
 10.1140
 10.2960
 10.3680
 10.9320
 11.2980
 12.9120
 13.9880
 14.2920
 14.5320
 14.6580
 15.1100
 15.9340
 15.9720
 16.7120
 16.9220
 17.3260
 20.6400
 21.1140
 23.0540
 25.4220


#Top pat = 15
-21.6420
-21.4900
-21.1560
-20.2260
-17.3380
-17.1440
-15.8420
-14.1280
-12.8140
-12.4980
-12.4740
-11.8420
-11.2160
-11.1200
-10.8980
-10.3260
 -8.7580
 -8.6000
 -7.2300
 -6.8660
 -6.3220
 -6.1620
 -6.0120
 -5.9600
 -5.7940
 -4.2880
 -4.1200
 -3.9200
 -3.8220
 -3.5580
 -3.5220
 -3.3880
 -3.3660
 -3.1700
 -2.9760
 -2.9720
 -2.8580
 -2.6480
 -1.3620
 -0.8740
 -0.3620
 -0.2740
 -0.2200
 -0.1740
  0.4320
  1.2300
  1.4240
  1.4380
  1.8220
  1.8400
  2.3940
  2.6120
  2.9900
  3.0020
  3.1000
  3.1240
  3.1980
  3.5840
  4.5240
  5.2860
  5.4180
  5.6440
  5.7080
  5.8360
  6.4580
  6.5120
  6.5900
  6.7220
  6.7560
  6.8340
  7.0840
  7.1740
  7.6240
  7.6880
  8.6380
  9.6620
 10.1220
 10.2160
 10.3720
 10.7620
 11.3700
 11.6060
 12.0400
 13.1000
 13.3600
 13.7220
 13.8640
 14.9700
 15.4460
 18.2700
 18.4800
 18.9220
 18.9240
 19.1280
 19.2320
 19.7700
 21.1020
 21.1620
 24.6320
 24.9200


#Top pat = 16
-22.5520
-22.2960
-21.0880
-19.8940
-19.0420
-16.1480
-14.9420
-14.2740
-13.3840
-12.8180
-12.3040
-12.2780
-11.9740
-11.2920
-10.6220
 -9.4580
 -8.6760
 -8.4740
 -7.5700
 -7.3900
 -6.2960
 -6.0620
 -5.6760
 -5.1480
 -4.9940
 -4.0700
 -3.8000
 -3.7240
 -3.6940
 -3.5540
 -3.4600
 -3.1000
 -2.7300
 -2.6060
 -2.5200
 -2.3880
 -1.7660
 -1.7200
 -1.2180
 -1.1480
 -0.7980
 -0.7500
 -0.2520
  0.0640
  0.9720
  1.3100
  1.9800
  2.2680
  2.3060
  2.4420
  2.7660
  2.8420
  3.2440
  3.3820
  3.4680
  3.5720
  3.9540
  3.9620
  4.6880
  4.9520
  5.0900
  5.2940
  5.4500
  6.2400
  6.3460
  6.3840
  6.3960
  6.4800
  6.5280
  7.3000
  7.3060
  7.5040
  7.5920
  7.6480
  8.8460
  9.5980
  9.6840
  9.8980
 10.0540
 10.5140
 11.3060
 11.9260
 13.0460
 13.4040
 13.5380
 13.6460
 13.7320
 15.1160
 15.1680
 17.3160
 18.5240
 19.0080
 19.0320
 19.2780
 19.5240
 20.1280
 22.2120
 22.7100
 24.4400
 25.4900


#Top pat = 17
-23.9460
-23.5680
-21.4960
-18.4600
-18.1900
-14.5440
-13.8460
-13.4580
-12.4140
-12.3120
-12.0620
-11.9040
-11.2220
-11.1540
-10.9980
-10.4860
-10.2600
 -9.9200
 -9.3300
 -7.9520
 -5.8500
 -5.2020
 -5.0600
 -4.6140
 -4.4540
 -3.4180
 -3.2640
 -3.1640
 -2.9040
 -2.8520
 -2.7300
 -2.7140
 -2.6560
 -1.8120
 -1.7660
 -1.5660
 -1.5000
 -1.4960
 -1.0540
 -0.7980
 -0.0900
  0.1700
  0.3700
  0.7500
  0.8600
  1.0620
  2.1780
  2.4240
  2.7120
  2.9120
  2.9780
  3.2220
  3.3060
  3.5540
  3.9060
  4.0100
  4.4760
  4.5420
  4.5740
  4.9860
  5.1920
  5.2780
  5.6520
  5.6560
  6.0260
  6.3920
  7.0380
  7.2860
  7.3200
  7.9460
  8.0820
  8.0840
  8.1240
  8.6380
  8.7940
  9.1000
  9.1180
  9.2100
  9.2120
  9.2180
 10.3880
 12.2720
 12.9160
 13.2640
 13.9820
 14.2040
 15.2840
 15.7680
 16.3560
 17.3480
 18.4920
 18.9720
 20.8260
 20.8340
 21.8280
 22.2120
 22.3440
 23.7720
 24.4280
 26.1200


#Top pat = 18
-23.5480
-23.4020
-22.3780
-19.5820
-17.7500
-14.3920
-14.0400
-13.9920
-12.8220
-12.7080
-12.2600
-11.6600
-10.7780
-10.6340
 -9.9360
 -9.7920
 -9.7800
 -9.2820
 -8.7620
 -7.0280
 -6.2580
 -5.6660
 -5.5820
 -4.8260
 -4.3520
 -4.0840
 -3.9800
 -3.5020
 -3.0920
 -3.0340
 -2.8560
 -2.5180
 -2.3140
 -1.9340
 -1.6600
 -1.4240
 -1.1580
 -0.6520
 -0.5320
 -0.3660
 -0.3480
 -0.1580
 -0.1020
  0.1740
  0.4900
  0.7200
  1.8500
  2.2440
  2.3960
  2.4860
  3.0180
  3.3400
  3.4640
  3.8520
  4.0320
  4.1820
  4.4080
  4.8520
  4.8720
  4.8960
  5.2660
  5.6300
  5.7420
  6.3200
  6.6060
  6.7180
  6.7320
  6.9400
  6.9680
  7.0300
  7.0980
  7.6320
  7.7060
  9.0200
  9.3460
  9.4160
 10.2420
 10.2440
 10.2680
 10.3780
 10.9780
 11.4220
 12.6200
 13.3400
 13.6180
 14.3500
 16.6300
 16.7900
 17.3220
 17.5340
 19.2420
 19.3320
 19.5000
 21.4220
 21.6620
 21.7220
 21.9580
 23.2280
 24.9980
 27.6440


#Top pat = 19
-23.9080
-21.9180
-21.8320
-20.5280
-17.1080
-16.0800
-15.7620
-15.5420
-15.5100
-14.2200
-13.5640
-12.5020
-11.5120
-11.2800
-10.4540
 -9.3800
 -8.8700
 -8.3160
 -8.2960
 -8.1020
 -7.1920
 -5.7760
 -5.4120
 -5.1640
 -5.1520
 -4.8160
 -4.7020
 -4.0180
 -3.9460
 -3.8820
 -3.7420
 -3.2720
 -3.1060
 -2.6500
 -2.4960
 -2.2760
 -2.0660
 -1.9280
 -1.5020
 -1.4480
 -1.2680
 -0.4260
 -0.0680
  0.2300
  0.3320
  0.4600
  0.7660
  0.8840
  1.5940
  1.6300
  2.5020
  3.2080
  3.5460
  3.6260
  4.0460
  4.1280
  4.4660
  4.4760
  4.7920
  5.2220
  5.5280
  5.6020
  5.7160
  6.2180
  6.7560
  6.7820
  6.9400
  7.0940
  7.3600
  7.4620
  7.4920
  8.2080
  8.3620
  8.6860
  8.7420
  8.8300
  8.8740
 10.9960
 11.0960
 11.4280
 11.6120
 11.9100
 12.8280
 13.0020
 13.7480
 14.7260
 15.0000
 15.4260
 16.6720
 17.6300
 19.0620
 20.2040
 20.5220
 20.6820
 20.8520
 20.8820
 23.0220
 26.6940
 27.0360
 28.7360


#Top pat = 20
-24.4580
-23.2680
-22.1780
-20.8240
-19.2780
-18.7200
-17.4480
-16.4180
-13.6600
-13.0800
-13.0660
-11.6120
-11.4620
-10.8360
-10.5400
 -9.5900
 -8.5060
 -8.4020
 -7.9260
 -7.5680
 -7.4740
 -6.1000
 -5.7400
 -5.4960
 -5.3000
 -5.2060
 -5.0220
 -4.2600
 -4.0760
 -3.9520
 -3.6560
 -3.6020
 -3.4980
 -3.1180
 -3.0660
 -2.8840
 -2.1780
 -1.3960
 -1.2860
 -1.2520
 -1.0760
 -0.9140
 -0.0380
  0.0420
  0.0760
  0.2500
  0.4180
  0.8240
  0.8340
  1.0660
  1.3500
  1.6380
  2.1560
  2.5560
  3.1680
  4.6480
  4.7360
  4.7660
  4.7840
  4.8200
  5.6220
  5.6620
  5.7620
  5.7720
  6.2660
  7.0940
  7.2340
  7.3160
  7.4420
  7.5980
  7.8780
  8.5320
  9.0100
  9.3560
  9.3960
  9.6600
 10.4740
 10.7020
 10.9660
 11.2180
 11.4060
 11.6700
 11.7260
 11.8900
 13.6800
 13.9420
 16.5180
 16.5360
 17.7640
 18.4300
 18.7240
 19.2620
 20.0220
 20.2640
 20.4680
 22.6080
 24.2120
 25.6260
 26.1240
 27.1520


#Top pat = 21
-27.0300
-23.7980
-22.7540
-20.9400
-19.2760
-18.8480
-15.5520
-14.7900
-13.8880
-13.7320
-12.5500
-11.4080
-10.2260
 -9.2460
 -9.2340
 -8.8560
 -8.5860
 -8.3900
 -7.8240
 -7.5420
 -7.4340
 -6.9360
 -6.9280
 -6.8560
 -6.5060
 -6.4000
 -5.9960
 -5.3280
 -5.2160
 -4.7880
 -4.1160
 -3.9100
 -3.4160
 -3.1560
 -3.0720
 -2.3160
 -2.3080
 -2.2040
 -2.0480
 -1.9980
 -1.8700
 -1.4880
 -1.2720
 -0.8520
 -0.6980
 -0.6080
 -0.4000
  0.0500
  0.1580
  0.4400
  1.4980
  1.9600
  1.9700
  2.6240
  2.8360
  3.2660
  3.6540
  3.9160
  4.2240
  5.0400
  5.1280
  5.1420
  5.4840
  5.8180
  5.8720
  5.9860
  6.8960
  7.4340
  8.3480
  8.5420
  8.9020
  9.1040
  9.4380
  9.6220
 10.2140
 10.3300
 10.6980
 10.8780
 11.1100
 12.0560
 12.5200
 12.7800
 13.5940
 14.3900
 14.8260
 15.1440
 15.4320
 15.4760
 15.9740
 18.8660
 19.0920
 19.2040
 19.4040
 19.8820
 20.9900
 21.1340
 23.4780
 24.6720
 26.4460
 31.6840


#Top pat = 22
-29.7500
-22.8020
-22.2140
-20.7980
-18.2700
-17.7100
-17.2720
-15.4180
-14.2300
-13.9980
-12.0760
-12.0700
 -9.8740
 -9.4980
 -8.4480
 -8.4360
 -7.9860
 -7.7740
 -7.7460
 -7.6780
 -7.3860
 -7.2660
 -6.8500
 -6.6480
 -6.6300
 -6.4660
 -6.0980
 -5.9280
 -5.5800
 -5.4960
 -5.3660
 -4.3280
 -4.2300
 -3.9140
 -3.6980
 -3.6240
 -3.2860
 -2.4920
 -2.2820
 -2.2420
 -2.0380
 -1.8160
 -1.4680
 -1.4340
 -1.3380
 -0.9200
 -0.5740
 -0.2920
 -0.0480
  0.1620
  0.3420
  0.4120
  1.1860
  2.5700
  3.6480
  3.6580
  3.8000
  4.3840
  4.8160
  4.9640
  5.1440
  5.4560
  6.0140
  6.7480
  7.1160
  7.5820
  7.7720
  7.9060
  8.0980
  8.5500
  8.7080
  9.1380
  9.1780
  9.2480
  9.3980
 10.8000
 11.2880
 11.7980
 12.2680
 12.2760
 12.9500
 13.0300
 13.2520
 13.7640
 13.9160
 14.2240
 14.4720
 16.0140
 16.6020
 16.6640
 17.6740
 17.9240
 18.3160
 20.1920
 21.1240
 21.8960
 23.2480
 24.1680
 25.9060
 34.4440


#Top pat = 23
-29.7780
-25.9160
-25.1660
-20.9380
-16.7080
-15.7800
-15.1740
-14.9740
-14.3280
-14.0420
-13.6360
-13.5620
-12.9380
-11.4040
-10.9560
 -9.7060
 -9.1900
 -9.1160
 -8.5040
 -8.1840
 -7.8060
 -7.5220
 -7.0260
 -6.4360
 -6.3900
 -6.2320
 -6.0160
 -5.8460
 -5.5880
 -4.8380
 -4.4080
 -4.0980
 -4.0040
 -3.8060
 -3.7900
 -3.6440
 -3.6200
 -3.5060
 -3.2280
 -3.1540
 -2.4500
 -1.6860
 -1.6840
 -1.5340
 -0.8920
 -0.6720
 -0.0280
  0.9940
  1.0820
  1.5360
  1.5720
  1.8160
  2.0220
  2.5560
  2.8840
  3.0680
  3.3600
  3.4660
  3.6880
  4.2460
  4.6760
  4.8660
  5.2800
  5.3540
  5.6820
  6.3640
  6.7980
  6.9220
  8.2940
  9.2900
  9.7700
  9.8540
 10.1280
 10.7100
 10.7500
 11.0000
 11.0020
 11.6180
 11.7080
 11.8960
 12.2360
 12.6420
 13.0160
 13.2640
 13.4360
 14.8520
 15.4880
 15.9640
 16.0200
 17.0980
 18.6420
 19.1060
 20.4580
 21.5300
 21.7600
 22.3360
 22.5460
 24.5080
 24.8360
 38.9620


#Top pat = 24
-29.6520
-26.8520
-24.6220
-20.7800
-15.5860
-15.5800
-15.5040
-15.1700
-14.9560
-14.8380
-14.7080
-13.2720
-12.4720
-11.4300
-11.0800
 -8.7740
 -8.7040
 -8.1580
 -8.0820
 -7.9620
 -7.8400
 -7.5880
 -6.9740
 -6.8720
 -6.4220
 -6.3500
 -6.2520
 -5.8420
 -5.7180
 -5.4980
 -5.1860
 -4.5680
 -4.5680
 -4.4400
 -4.2280
 -4.0380
 -3.8880
 -3.5560
 -3.3800
 -3.1160
 -2.0580
 -1.7720
 -1.3840
 -1.1560
 -0.5460
  0.4860
  0.9720
  1.2200
  1.3580
  1.4680
  1.7480
  1.9560
  2.2520
  3.2680
  3.4040
  3.5100
  4.0840
  4.2120
  4.3320
  4.5240
  4.7000
  5.0800
  5.2400
  5.8980
  7.3020
  7.4980
  7.6300
  7.7640
  7.8120
  7.8800
  9.5260
  9.6640
 10.4420
 10.6760
 10.8800
 11.2260
 11.9600
 12.0800
 12.1060
 12.2220
 12.4900
 12.5180
 13.1300
 13.6420
 14.5820
 14.7340
 15.6540
 16.4160
 16.5200
 16.7040
 18.0580
 19.6500
 19.9880
 20.1540
 21.8040
 22.3920
 22.8940
 24.1580
 26.1680
 40.0000


#Top pat = 25
-32.1820
-22.7600
-20.8900
-20.8100
-20.2360
-19.8060
-19.6360
-19.5600
-19.2840
-16.1000
-14.1620
-14.0520
-13.4880
-12.9620
-12.7920
-12.4500
-12.3700
-11.4440
-10.9720
-10.4460
-10.4440
 -9.9280
 -9.4700
 -9.3680
 -8.8620
 -8.1380
 -7.9780
 -7.6280
 -7.3620
 -6.5560
 -6.3040
 -5.2600
 -4.8300
 -4.4160
 -3.7980
 -3.3560
 -3.0240
 -2.7000
 -1.8980
 -1.8800
 -1.5980
 -1.5340
 -0.0760
  1.5600
  1.9120
  2.6000
  2.6760
  2.7660
  3.0820
  3.3400
  3.4320
  3.4440
  4.0720
  4.1920
  4.3360
  4.8120
  5.0320
  5.5740
  5.9600
  6.1220
  7.2020
  7.7200
  7.9620
  8.2260
  8.2840
  8.4160
  8.9500
  9.2820
  9.5440
  9.6840
  9.6880
  9.7400
  9.7660
 10.0040
 10.9420
 11.0900
 11.1040
 11.2840
 12.0160
 12.0740
 12.8000
 13.1940
 14.1880
 14.7980
 15.0400
 15.1880
 16.4080
 17.0740
 17.3560
 17.4360
 17.8420
 18.2600
 18.3740
 18.9020
 20.7200
 23.9660
 25.1040
 28.7180
 29.7680
 36.0480


#Top pat = 26
-30.0500
-26.6060
-25.9920
-25.8120
-21.6420
-19.9220
-19.8400
-18.7660
-17.8800
-17.5180
-15.9640
-15.8680
-15.8040
-15.7580
-15.6860
-15.6380
-15.2560
-14.5900
-14.2320
-13.8680
-13.8040
-12.2680
-11.8120
-11.3940
-10.8800
 -8.5980
 -7.9560
 -7.9220
 -7.0880
 -6.9940
 -6.7820
 -6.7640
 -5.5880
 -4.4300
 -4.2660
 -4.2440
 -3.4540
 -2.8900
 -2.5680
 -2.4540
 -1.2600
 -0.8060
 -0.7380
 -0.0900
  0.1720
  0.3640
  0.4200
  0.6520
  0.9200
  1.0500
  1.1020
  2.0540
  2.7660
  2.9820
  3.0940
  3.4920
  3.5800
  4.7360
  4.8640
  6.3060
  7.1760
  7.2420
  7.7100
  8.1780
  8.6040
  8.9300
  9.6280
 10.1420
 10.3660
 10.5680
 10.6460
 11.0740
 11.2220
 12.0220
 12.0420
 12.4000
 12.9660
 13.0040
 13.1560
 13.3420
 13.7880
 13.9480
 14.3680
 15.4740
 15.7000
 16.2940
 16.4560
 17.4740
 17.6440
 17.7200
 17.7440
 18.0980
 19.2040
 19.3740
 22.6180
 23.2420
 24.0320
 25.2400
 28.9760
 39.5480


#Top pat = 27
-34.4820
-28.7820
-28.5420
-24.5040
-24.2300
-23.8580
-22.6500
-21.7180
-21.6560
-21.3300
-20.5880
-19.5520
-19.2240
-18.5560
-17.8320
-13.3620
-13.1740
-13.1580
-12.6320
-12.5900
-10.5880
-10.5420
-10.4480
-10.3640
 -9.8160
 -9.2120
 -8.9180
 -8.4380
 -8.1620
 -7.5980
 -6.9180
 -6.2580
 -6.1240
 -5.3520
 -4.8380
 -2.7820
 -2.4820
 -2.3940
 -2.1760
 -1.7400
 -1.5060
 -1.4580
 -0.6860
 -0.5500
 -0.5420
  2.4000
  2.6460
  3.0760
  3.3780
  3.4660
  3.5560
  4.0200
  4.4000
  4.7320
  4.9200
  5.2400
  5.5100
  5.7020
  6.1640
  6.3260
  6.3700
  7.0440
  7.0540
  7.1940
  7.8700
  8.3460
  8.6740
  8.7640
  9.1340
  9.8280
 11.3500
 11.8020
 12.2240
 13.2600
 13.7500
 14.0860
 14.9840
 15.0640
 15.1980
 15.4100
 15.4800
 16.2600
 16.3140
 16.9180
 17.1380
 17.3660
 17.5180
 17.5660
 18.0940
 18.0960
 18.3320
 18.4700
 18.4960
 20.9500
 22.5040
 22.7460
 24.9840
 29.7360
 30.7300
 36.2480


#Top pat = 28
-32.7660
-28.3260
-28.0320
-26.3140
-26.0600
-24.3960
-22.8920
-21.7540
-20.5120
-20.1680
-19.8540
-19.8080
-19.4560
-18.0280
-17.4140
-14.8860
-14.5540
-12.8060
-11.7500
-11.7420
-11.6480
-11.4480
-11.2520
-11.0520
-10.5280
-10.2800
-10.1320
 -8.9820
 -8.9580
 -7.3500
 -7.1860
 -6.8120
 -6.5840
 -5.2480
 -4.6120
 -3.7040
 -3.5040
 -3.3280
 -3.3060
 -3.1960
 -2.4240
 -1.6820
 -1.6520
 -0.0500
  0.5300
  0.8860
  1.3460
  1.4220
  2.2600
  2.5060
  2.8280
  3.6700
  3.6840
  5.1740
  5.2960
  5.2980
  5.4440
  5.7320
  6.0760
  6.5160
  6.6120
  6.6780
  7.0520
  7.4480
  8.0840
  8.9920
  9.2840
  9.8120
  9.8540
 10.5620
 10.7640
 11.2320
 12.2640
 12.4840
 12.9400
 13.4440
 13.6340
 14.3000
 15.6060
 15.7880
 15.8160
 16.0680
 16.2600
 16.5940
 16.8020
 17.1580
 17.2700
 17.7160
 17.9900
 19.0780
 19.2000
 19.7940
 21.0280
 21.1500
 21.7080
 22.1320
 24.1340
 28.3680
 28.8900
 35.2100


#Top pat = 29
-31.1880
-27.2100
-26.7500
-26.4420
-26.0500
-25.4640
-22.5920
-22.3120
-20.7380
-20.1640
-19.9020
-18.5660
-18.5660
-18.4360
-18.3800
-16.5260
-15.0440
-13.9160
-13.8520
-13.4780
-12.1600
-12.1480
-12.0860
-11.3880
-10.7480
-10.6540
 -9.8980
 -8.6600
 -8.4360
 -8.0500
 -7.8420
 -5.7320
 -5.6900
 -5.1540
 -4.7060
 -4.5080
 -3.2660
 -3.1720
 -2.8300
 -2.1800
 -1.6940
 -0.7580
 -0.4600
  0.3160
  0.3500
  1.2480
  1.8140
  1.8260
  2.0540
  2.8460
  3.0840
  3.2420
  4.0280
  4.6360
  4.7680
  5.4480
  5.5840
  6.1400
  6.3960
  6.9520
  7.0940
  7.2260
  7.3320
  7.6100
  8.0000
  8.2340
  8.8960
 10.4700
 10.8980
 10.9340
 11.9880
 12.0320
 12.9640
 13.9960
 14.0180
 15.3240
 16.0040
 16.0540
 16.1880
 16.3480
 16.4800
 16.7700
 16.8440
 17.1640
 17.3820
 17.5160
 18.6680
 18.7580
 19.1500
 19.7300
 20.2260
 20.5060
 20.6260
 20.8860
 21.7640
 22.0500
 23.2680
 26.9280
 29.8620
 34.6520


#Top pat = 30
-30.8380
-30.3960
-28.8920
-28.6540
-25.6720
-23.4820
-21.6700
-21.2900
-20.9620
-20.4780
-19.8620
-19.6580
-19.0400
-17.2700
-16.9540
-16.4380
-16.2860
-15.9260
-14.1740
-13.7720
-13.7020
-11.5920
-11.2780
-11.1780
-10.0600
 -9.6420
 -8.7380
 -8.6580
 -8.6240
 -8.0900
 -7.5220
 -7.0860
 -5.6500
 -4.1240
 -3.0300
 -2.4000
 -2.2040
 -2.0640
 -1.9960
 -1.6640
 -1.6400
 -1.1860
 -0.8820
 -0.7220
  0.2900
  0.4020
  0.6700
  1.0080
  1.5060
  3.4540
  4.0380
  4.3960
  4.4320
  4.6500
  4.6640
  5.3600
  5.4260
  6.3560
  6.6480
  7.3860
  7.7280
  8.0300
  8.7360
  8.7480
  9.3860
 10.4840
 10.5060
 10.5500
 11.3340
 11.3880
 12.1820
 12.9840
 13.1800
 13.4260
 13.7580
 14.1700
 14.8500
 14.9900
 15.0660
 15.5380
 16.5460
 17.1080
 17.8600
 18.3440
 18.4020
 19.0040
 19.1020
 19.3340
 19.6080
 19.7060
 19.9740
 20.0520
 20.3880
 21.1400
 21.6020
 23.0120
 24.9480
 27.2160
 30.2760
 36.2360


#Top pat = 31
-36.1180
-31.0720
-27.8260
-27.6680
-25.7680
-22.9700
-22.3760
-22.2200
-21.8420
-21.3920
-19.1080
-18.7740
-18.2780
-17.7320
-16.8060
-14.5380
-13.7000
-12.4040
-12.3420
-12.2160
-11.2520
-10.6760
-10.0180
 -9.7940
 -8.8560
 -8.7900
 -8.5940
 -8.1360
 -7.5900
 -7.1860
 -6.8940
 -6.7020
 -6.5560
 -6.2280
 -5.6180
 -4.7560
 -3.9440
 -2.7500
 -2.0940
 -1.9700
 -1.4500
 -1.3920
 -0.9920
 -0.8060
 -0.6680
  0.2820
  0.4080
  0.6520
  0.6560
  0.8680
  0.9760
  1.2480
  1.6860
  1.7900
  2.1780
  2.1800
  2.8300
  3.1800
  3.5040
  3.6180
  3.6800
  4.0580
  6.5760
  6.6140
  6.7380
  9.0980
  9.7900
 10.2700
 11.0600
 11.4600
 11.7140
 12.7980
 13.4660
 14.0500
 14.3240
 14.6840
 14.9780
 15.2900
 15.2960
 15.4800
 15.5200
 15.5800
 15.8320
 15.9100
 16.0380
 16.5800
 18.7200
 19.3660
 20.5500
 20.5860
 21.4640
 22.0340
 23.0220
 23.5780
 26.6540
 27.2760
 28.2500
 28.3680
 31.9460
 34.3560


#Top pat = 32
-37.6660
-36.3820
-28.4980
-28.2140
-26.6560
-24.8680
-24.6080
-23.5420
-23.2140
-22.9980
-21.9880
-20.2500
-19.5140
-17.4520
-16.4060
-16.0520
-13.7900
-12.6080
-11.5020
-11.1980
-10.8980
-10.5240
-10.1160
 -9.9760
 -9.8460
 -9.7900
 -9.2740
 -9.2520
 -9.2380
 -9.1100
 -8.8020
 -8.3540
 -7.7440
 -7.1340
 -7.0840
 -6.8920
 -6.7400
 -5.1880
 -4.7440
 -4.1540
 -3.7940
 -3.4380
 -3.1040
 -2.4440
 -2.2100
 -2.0580
 -1.1080
 -1.0540
  1.0700
  1.4120
  1.7360
  1.9200
  2.3180
  2.7160
  2.8380
  2.9740
  3.0120
  3.1760
  3.5400
  4.1480
  4.1640
  4.4500
  4.5860
  5.3300
  5.5180
  5.7300
  7.6520
  8.7800
 10.5220
 10.7540
 11.2580
 11.3360
 12.3120
 12.3520
 13.0840
 13.5500
 13.6800
 13.8440
 13.8860
 14.0040
 14.2220
 14.3180
 15.2380
 16.2740
 16.7220
 17.5880
 18.7520
 19.3740
 19.9800
 21.2580
 22.4620
 23.3400
 25.6320
 26.4680
 28.5220
 29.2300
 29.5800
 31.2100
 31.8360
 33.0940


#Top pat = 33
-48.8020
-37.7320
-31.0840
-31.0820
-30.3580
-29.9580
-29.5220
-28.7120
-27.5880
-27.4960
-26.7160
-25.0460
-23.6720
-18.9040
-18.0020
-17.6300
-17.2640
-15.1320
-14.9320
-14.6400
-14.3120
-14.0560
-13.4480
-12.9540
-12.3920
-11.6200
-11.5160
-11.2700
-10.7920
 -9.0660
 -8.5020
 -6.2100
 -5.6200
 -5.2480
 -5.1880
 -5.0960
 -4.2780
 -3.2220
 -3.1380
 -3.0240
 -2.2920
 -0.7720
 -0.6620
 -0.6520
 -0.3340
 -0.0940
  0.3980
  0.8840
  0.9500
  1.2160
  1.3040
  1.9980
  2.6580
  2.7360
  3.4820
  4.2300
  4.5180
  5.0300
  5.1180
  5.2820
  5.5720
  5.6160
  5.8260
  6.2320
  6.5920
  6.6420
  6.8120
  6.8300
  7.6400
  8.9600
  9.1300
  9.2500
  9.3520
  9.7160
 10.0640
 10.0860
 11.2640
 12.1320
 12.3400
 13.0720
 15.4160
 15.6560
 16.1480
 17.5120
 18.0680
 18.4440
 18.9320
 19.4140
 19.8580
 20.0340
 20.2940
 23.6820
 24.2760
 28.9600
 32.6080
 33.1320
 38.0640
 40.3360
 43.7020
 43.9500


#Top pat = 34
-50.7820
-39.3880
-35.6500
-32.6860
-32.0320
-31.0260
-29.9780
-26.1200
-25.2420
-24.3680
-23.8900
-22.9480
-20.6840
-20.4500
-20.4100
-19.1580
-18.8120
-16.8400
-16.7160
-16.3300
-15.2080
-14.7320
-12.4360
-11.2560
-11.0760
-10.1080
 -9.0920
 -8.9860
 -8.4980
 -8.3960
 -8.2260
 -7.8140
 -7.2620
 -6.9900
 -6.7420
 -5.6380
 -5.5680
 -5.0260
 -4.6540
 -3.0680
 -1.8160
 -1.7300
 -1.4260
 -1.1720
 -1.0600
 -0.1260
 -0.1140
  0.1900
  0.4140
  0.4380
  1.0480
  1.1880
  1.2400
  1.2600
  1.3620
  1.4760
  1.5520
  1.8060
  2.0240
  2.0600
  2.6900
  3.9860
  4.0100
  4.2040
  4.3740
  4.6240
  4.8040
  5.1580
  5.3680
  5.4180
  6.2560
  6.2720
  6.6020
  6.6360
  6.8680
  6.9000
  9.5760
 10.3640
 12.8680
 13.4220
 14.9400
 15.0580
 15.9160
 16.0880
 16.5200
 17.1620
 17.6360
 21.2840
 22.5280
 22.7020
 25.5800
 26.0040
 27.2680
 31.6880
 36.2780
 37.2340
 39.7420
 41.0340
 41.6280
 42.0640


#Top pat = 35
-45.7600
-44.5480
-37.4920
-36.8620
-33.8160
-28.4980
-27.2920
-26.9520
-25.8840
-24.5260
-24.2580
-23.9420
-23.1020
-21.9700
-21.8000
-20.1720
-18.7900
-17.7940
-17.5240
-17.2780
-16.2500
-15.4940
-15.0400
-13.8360
-13.2760
-12.4020
-12.3040
-11.7660
-11.2280
-10.6520
-10.5380
 -8.1240
 -6.9460
 -6.8420
 -6.6460
 -6.4080
 -6.2160
 -4.8240
 -4.4400
 -4.2360
 -3.4440
 -3.3460
 -2.7680
 -1.9420
 -1.5900
 -1.5800
 -1.3620
 -1.0160
 -0.8660
 -0.4800
 -0.4780
  0.0180
  2.0540
  2.5260
  3.0320
  4.4940
  4.5440
  5.5640
  5.5700
  5.6340
  5.7340
  5.8380
  6.2680
  6.3220
  6.7060
  7.0240
  7.5480
  7.6860
  7.7380
  8.2400
  8.4200
  8.8620
  9.2940
  9.5840
  9.7460
 11.0060
 11.6120
 12.4840
 12.5980
 13.2700
 13.3180
 13.8100
 14.7100
 15.7380
 17.4760
 18.5800
 18.6440
 19.6880
 21.5360
 22.8280
 23.2400
 26.5920
 28.1920
 30.3960
 31.3380
 34.2240
 34.3060
 38.7660
 39.5340
 41.8420


#Top pat = 36
-47.1440
-47.0980
-40.1940
-40.0380
-35.5000
-34.5500
-32.8000
-30.1640
-27.3720
-27.2480
-24.1120
-23.5360
-22.0820
-20.7840
-19.9180
-19.2040
-19.0160
-17.3200
-16.6080
-16.1600
-15.3640
-14.5840
-14.1080
-13.9500
-13.4060
-12.9960
-12.5860
-11.5840
-11.2520
 -9.6000
 -9.4740
 -9.4000
 -7.3940
 -7.2240
 -6.7540
 -6.2760
 -6.0680
 -5.7080
 -5.3140
 -5.1700
 -4.9820
 -4.9280
 -4.3360
 -4.2300
 -4.1360
 -3.8520
 -3.8160
 -3.2100
 -3.0000
 -2.6220
 -2.2460
 -1.1300
 -1.1220
 -1.0680
 -0.5720
  0.5340
  0.7920
  1.3400
  3.0660
  3.1040
  3.1260
  3.5240
  3.6260
  4.3540
  6.1040
  6.4780
  7.2560
  8.6500
  8.9480
  9.7580
 11.1760
 11.4160
 11.9160
 11.9800
 12.0680
 13.4200
 13.5460
 14.1220
 14.5760
 14.7180
 14.7900
 15.1300
 15.8220
 15.9980
 16.0840
 16.3300
 16.9680
 18.1220
 20.7840
 21.6480
 22.9060
 24.9960
 25.7500
 25.7720
 30.5380
 33.0440
 37.8340
 40.0240
 41.6900
 48.2340


#Top pat = 37
-47.2600
-47.0100
-39.1500
-37.9620
-34.1620
-33.3580
-32.9780
-29.6000
-27.1980
-26.7080
-24.6280
-23.2640
-22.8460
-22.4340
-21.0520
-20.9680
-18.6120
-18.5960
-16.9420
-15.7160
-14.6760
-14.4160
-14.3700
-14.2440
-13.1260
-13.0300
-12.5740
-12.2840
-11.9360
 -9.9240
 -9.7560
 -9.3080
 -8.0680
 -7.4080
 -6.9220
 -6.5840
 -5.8800
 -5.8100
 -5.6840
 -5.2920
 -5.1000
 -4.7920
 -4.7900
 -4.7640
 -4.7100
 -4.6800
 -3.9840
 -3.4760
 -3.1080
 -1.5680
 -1.3500
 -1.3140
 -1.2320
 -0.8000
 -0.7840
 -0.1620
 -0.0640
  1.1100
  2.7480
  2.8780
  2.9080
  3.2600
  5.0960
  5.4020
  5.8540
  6.6000
  6.8680
  8.4380
  9.0040
 10.8900
 11.3320
 11.5880
 11.8420
 12.5120
 12.5140
 13.2260
 14.1880
 14.3580
 14.3880
 14.5300
 14.9520
 15.7480
 15.9460
 16.1660
 16.5200
 16.5760
 17.6060
 18.0540
 20.2660
 21.1080
 22.4620
 25.4120
 25.5760
 26.8420
 31.2840
 34.2260
 38.2120
 38.7820
 40.5920
 48.5600


#Top pat = 38
-49.2620
-43.2260
-43.2200
-41.1820
-38.5000
-34.9900
-31.6680
-27.6320
-27.3080
-26.7720
-26.3900
-22.5340
-22.4180
-21.8040
-19.9220
-19.4180
-18.7900
-18.3940
-17.4260
-17.2180
-17.1540
-16.9180
-14.8480
-13.9980
-12.7980
-12.0920
-12.0440
-11.9660
-11.7640
-11.4960
-10.6260
-10.5100
 -9.4320
 -6.8980
 -6.7180
 -6.4300
 -6.2720
 -6.0820
 -5.1600
 -5.0460
 -5.0160
 -3.6020
 -3.4100
 -2.9060
 -2.5820
 -1.1480
 -1.1180
 -1.1160
 -0.9400
 -0.6780
 -0.5900
 -0.4640
  1.1120
  1.3740
  1.5840
  1.6180
  1.7020
  2.0920
  2.7140
  3.5120
  4.4300
  5.3480
  5.4120
  5.5760
  5.8040
  6.3960
  6.5940
  6.8700
  7.2200
  7.9940
  8.6180
  9.3760
 10.0500
 10.3880
 10.6960
 11.6320
 12.1180
 12.4340
 12.6260
 14.0360
 14.7400
 15.0720
 15.4760
 15.6920
 16.4160
 16.7380
 18.8520
 19.2520
 19.8740
 20.8700
 21.8620
 21.9220
 22.3700
 26.4740
 28.1540
 29.1560
 30.2540
 31.8760
 43.7500
 48.7100


#Top pat = 39
-50.5380
-45.0980
-44.8920
-39.2460
-36.5300
-33.6380
-31.5320
-30.6460
-30.5040
-24.9780
-24.3600
-23.2440
-21.8080
-21.7880
-20.6360
-20.6240
-19.6840
-19.6840
-18.7580
-17.9320
-17.4480
-17.0620
-15.7620
-15.5260
-14.6020
-14.0720
-13.4580
-13.3180
-13.1720
-13.0820
-12.6020
-11.9020
-10.9580
-10.9580
 -8.7860
 -8.6540
 -8.3800
 -7.0780
 -7.0440
 -6.4320
 -5.8700
 -5.5400
 -4.0180
 -3.7520
 -2.9560
 -2.7240
 -2.4040
 -2.3100
 -2.2980
 -2.0620
 -0.8260
 -0.4180
  0.2240
  0.4200
  0.4300
  0.6680
  1.1040
  1.7700
  3.6720
  6.4180
  6.5140
  6.5380
  6.8020
  7.0980
  7.4400
  7.5120
  8.2620
  8.2800
  8.6600
  8.9680
  9.0160
  9.0380
  9.8400
  9.9320
 10.2920
 10.9720
 11.5480
 12.3080
 12.7980
 12.8960
 14.4360
 15.9500
 16.6100
 17.2260
 17.7040
 18.2400
 18.5720
 18.7120
 19.9740
 21.1500
 22.6320
 23.3700
 23.9040
 25.9120
 26.6800
 29.1740
 31.7280
 31.7640
 38.8700
 43.8740


#Top pat = 40
-46.6220
-43.2280
-40.1480
-38.9080
-36.3860
-31.8340
-30.0920
-29.7100
-28.8980
-24.8280
-23.4480
-21.8120
-21.6060
-20.9740
-20.2640
-19.6540
-19.3540
-18.3260
-17.6660
-16.7220
-15.4720
-15.1240
-14.9140
-14.0380
-12.9200
-12.4440
-12.3260
-12.0880
-12.0100
-11.9180
-11.8540
-11.7560
-11.2560
-10.7780
-10.1640
 -8.2400
 -6.9220
 -6.3660
 -5.7860
 -5.7080
 -4.9620
 -4.4520
 -3.8940
 -3.7480
 -3.0780
 -2.9300
 -1.8800
 -1.0680
 -0.7080
 -0.6580
 -0.4760
 -0.3220
 -0.2300
 -0.2080
  0.1220
  1.3020
  1.8100
  3.7180
  4.1560
  4.2100
  4.5420
  5.5300
  6.6680
  6.7460
  6.8820
  6.8940
  6.9620
  7.9120
  8.0180
  8.6500
  9.0060
  9.4840
 10.2880
 10.9040
 10.9940
 11.7340
 11.9020
 12.5620
 13.0520
 13.5780
 13.9960
 14.0220
 14.0560
 14.6440
 16.4380
 19.6340
 19.7460
 20.5700
 22.5960
 22.9540
 23.4940
 23.6020
 24.4500
 26.7800
 27.2700
 28.8280
 29.0860
 30.4080
 36.0440
 46.7900


#Top pat = 41
-41.8480
-39.1760
-39.0600
-37.9180
-36.6260
-36.5480
-35.2180
-31.5540
-29.1640
-27.6360
-24.7540
-22.4160
-20.1820
-19.9880
-19.9340
-19.2780
-19.2040
-18.8200
-18.7080
-18.6720
-18.1100
-17.0680
-16.4160
-15.6720
-15.2500
-14.1100
-14.0960
-13.7360
-12.2080
-10.0140
 -9.7020
 -9.6080
 -9.1080
 -8.7280
 -7.2380
 -6.7840
 -6.2680
 -6.1980
 -5.7200
 -5.3580
 -5.0380
 -4.3560
 -1.6700
 -1.4900
 -1.1080
 -0.8240
 -0.4760
 -0.3820
  0.0820
  0.2480
  0.3100
  1.3480
  1.5280
  1.7340
  2.1520
  2.2260
  2.3320
  2.6180
  2.6540
  3.3940
  3.4300
  3.7980
  4.9000
  5.1020
  5.3980
  6.3040
  7.3740
  8.3040
  9.2740
  9.4000
  9.9020
 11.0120
 11.1940
 12.5880
 12.8020
 13.2500
 13.3820
 13.3960
 13.4800
 13.6840
 14.7040
 15.8240
 16.6040
 16.6120
 18.0640
 19.2260
 19.4820
 19.9720
 20.0160
 20.5920
 25.7160
 26.9860
 27.8920
 28.5280
 32.7100
 32.9160
 33.5120
 35.0880
 37.3720
 39.2740


#Top pat = 42
-51.9400
-50.6420
-43.1780
-40.7700
-35.9680
-34.5800
-32.9860
-32.2440
-28.0140
-27.9000
-27.4900
-26.3180
-24.1620
-21.5480
-21.3960
-19.4320
-18.6620
-18.0560
-17.5560
-17.2860
-17.2460
-17.1280
-17.0420
-16.4800
-15.9540
-15.6220
-13.6580
-13.4880
-13.0860
-12.0760
-12.0540
-11.8900
-11.3380
-10.7740
-10.6100
-10.0840
 -9.5620
 -8.7600
 -7.7580
 -7.0220
 -6.5640
 -5.9560
 -5.7700
 -5.7060
 -5.2500
 -5.1520
 -5.0780
 -4.6640
 -4.5500
 -3.5760
 -3.0700
 -1.2560
 -1.0880
 -0.8600
  1.2480
  1.8180
  2.0060
  3.2320
  4.4000
  4.4180
  4.5860
  4.6220
  4.7780
  5.2280
  5.9120
  7.1600
  7.8020
  8.1100
  9.1560
  9.1680
  9.2540
 10.1060
 10.5920
 11.8180
 12.0140
 13.0960
 14.0320
 14.9540
 15.3480
 16.2180
 16.4000
 17.5220
 18.6280
 19.4280
 20.3680
 20.5600
 21.4960
 21.5340
 23.9780
 24.0780
 25.0540
 27.1760
 31.1160
 31.1440
 31.7140
 31.9660
 32.0800
 33.8880
 35.2880
 35.9620


#Top pat = 43
-56.9980
-53.1620
-40.9240
-39.9920
-38.4880
-35.6320
-34.3160
-30.7820
-29.1460
-29.0540
-25.3540
-23.9640
-23.8780
-22.0460
-21.5740
-20.6060
-19.2860
-18.9380
-18.6780
-17.9740
-16.8500
-16.8240
-15.4600
-15.2940
-14.8200
-14.4640
-13.2040
-12.3940
-12.3740
-12.0840
-12.0160
-10.5160
-10.3460
-10.1860
 -9.9620
 -9.0620
 -7.8240
 -7.7060
 -7.5120
 -7.3700
 -5.6060
 -5.5020
 -5.0080
 -4.7960
 -4.6360
 -3.5140
 -3.4300
 -3.2960
 -3.0820
 -1.9900
 -1.8680
 -1.7820
 -1.3000
 -1.0660
 -0.9860
  3.3220
  3.5780
  3.7840
  4.2240
  4.4920
  4.5280
  5.2620
  5.3680
  5.6880
  5.9100
  8.0900
  8.3340
  9.5000
  9.5980
 11.6020
 12.2960
 12.6480
 12.8960
 12.9320
 13.0980
 14.0440
 15.8260
 16.6440
 17.7160
 17.7980
 18.0440
 18.6040
 20.2240
 20.8920
 21.0540
 21.2600
 22.6900
 22.8640
 24.1260
 24.7480
 26.2840
 31.0540
 31.5740
 32.5060
 32.7960
 33.0100
 33.1320
 34.8680
 35.5000
 36.8580


#Top pat = 44
-55.1480
-54.9320
-39.8040
-37.3020
-36.6180
-35.8000
-33.0560
-32.7760
-31.6860
-28.1920
-24.4640
-24.3140
-24.1660
-22.1180
-21.2980
-20.6940
-19.4660
-17.7340
-17.3520
-16.2600
-16.1220
-15.8980
-15.8720
-15.1200
-14.9940
-14.9340
-14.9140
-14.5160
-14.0640
-12.8060
-12.5780
-12.0640
-10.9240
-10.9120
 -9.7160
 -8.7460
 -7.8160
 -7.1820
 -6.8200
 -6.7760
 -6.4740
 -5.9980
 -5.8880
 -5.7520
 -5.1260
 -4.6760
 -4.4240
 -4.1040
 -3.7020
 -3.0240
 -1.9100
 -0.8600
 -0.5500
  0.7540
  1.2060
  1.4140
  1.5280
  2.5820
  2.7480
  2.9280
  3.8240
  4.8480
  4.9880
  5.2980
  5.8280
  6.2320
  6.6700
  9.2000
  9.2420
  9.9580
 10.5080
 10.5260
 11.3380
 13.3800
 14.2300
 14.6640
 14.6640
 15.0780
 15.1480
 15.7240
 15.9500
 15.9740
 21.4640
 21.9640
 22.5500
 23.0200
 24.0320
 24.8200
 26.7780
 27.8220
 30.5360
 31.4640
 32.0800
 32.1660
 32.7540
 33.0080
 33.7840
 33.9340
 34.2660
 40.7920


#Top pat = 45
-56.7380
-54.0140
-42.7560
-40.2020
-36.3880
-36.0960
-34.5300
-33.3260
-32.7580
-28.1140
-25.3940
-25.1320
-24.0280
-21.9440
-19.7060
-19.6800
-19.4060
-18.5560
-17.4820
-16.3920
-16.0300
-15.4760
-14.9480
-14.8300
-14.3320
-14.3280
-14.3180
-14.0300
-13.9740
-13.5580
-13.2180
-12.9360
-12.6760
-11.6240
-10.0440
 -9.0740
 -8.8520
 -8.8040
 -8.2020
 -6.5480
 -5.3020
 -4.7560
 -4.2160
 -3.8100
 -3.1880
 -3.1520
 -3.0720
 -2.4900
 -0.7660
 -0.5740
 -0.5500
 -0.4880
  0.4280
  1.2500
  1.5340
  1.7220
  2.1140
  2.6700
  3.1380
  3.5140
  3.5360
  3.6060
  4.0520
  4.1700
  5.4260
  6.1600
  7.3940
  7.6700
  7.8740
  8.3320
  9.6020
 10.7200
 11.5720
 12.5500
 14.5480
 14.6720
 15.4480
 16.1620
 17.5840
 17.7980
 18.1020
 18.4720
 18.6040
 20.2540
 21.0580
 22.0480
 25.3020
 26.7860
 26.8220
 29.1180
 30.1980
 30.5440
 30.8200
 30.8200
 31.0800
 33.3800
 34.0700
 34.9740
 35.0580
 38.1600


#Top pat = 46
-48.9100
-47.5700
-46.7000
-45.1100
-43.5120
-41.2520
-41.0620
-40.4380
-40.0100
-38.8920
-38.7320
-38.5680
-38.2000
-38.1120
-37.3540
-37.1360
-36.4400
-35.9200
-35.2980
-35.1160
-35.0420
-34.9520
-34.9200
-34.8960
-34.7640
-34.7420
-34.1840
-34.0640
-33.8140
-33.7960
-33.7880
-33.7380
-33.4360
-33.4200
-33.3660
-33.0220
-32.8600
-32.7280
-32.5320
-32.2540
-32.1940
-32.1780
-32.1740
-31.8500
-31.1920
-31.1580
-31.1480
-31.1280
-30.2020
-30.0380
-29.9860
-29.4040
-29.2880
-27.6680
-27.1240
-25.0520
 26.4660
 27.0740
 28.3260
 28.3680
 29.9560
 30.8380
 31.1000
 31.1060
 31.2640
 31.4780
 32.0880
 32.0920
 32.3980
 32.9020
 33.2260
 33.4400
 33.7940
 33.9160
 33.9420
 34.0540
 34.2660
 34.2860
 34.4220
 34.4240
 34.4720
 34.6720
 34.7060
 34.9060
 35.3480
 35.7880
 36.0040
 36.1200
 36.1560
 36.7360
 37.6140
 37.8580
 37.9060
 38.4680
 39.0500
 39.3420
 40.7300
 43.6900
 46.7400
 56.5660


#Top pat = 47
-47.9180
-47.6720
-45.9620
-44.6540
-44.0840
-44.0500
-43.2040
-43.0700
-42.1900
-41.5800
-41.4560
-41.3060
-39.8200
-38.9000
-38.8360
-38.4560
-37.9420
-37.6980
-37.4860
-37.3680
-37.3140
-36.4740
-36.1460
-36.1200
-34.8920
-34.6060
-34.5300
-34.5040
-34.0300
-33.9080
-33.8300
-33.6340
-33.1180
-32.6800
-32.6360
-32.5580
-32.5280
-32.2200
-32.1280
-31.3300
-31.2180
-29.8000
-29.7020
-29.4700
-28.4880
-28.3980
-28.3680
-27.5020
-27.4940
-27.0660
-26.5580
-26.5420
-25.5840
-24.1640
-24.0860
-22.1180
 21.5940
 26.6020
 27.4660
 28.1480
 28.3040
 28.3620
 29.2400
 29.3920
 29.6140
 29.7120
 30.2320
 30.2960
 30.7620
 31.1520
 31.5760
 31.6920
 31.7860
 31.9540
 32.5960
 33.0160
 33.0440
 33.1220
 33.3300
 33.9520
 34.0000
 34.7320
 35.3000
 35.3600
 35.7280
 36.0000
 36.3100
 36.3920
 36.3980
 37.0440
 37.0540
 37.3460
 38.7120
 39.7060
 39.9180
 40.3380
 41.8120
 45.3540
 46.2240
 51.2560


#Top pat = 48
-47.3960
-46.2980
-45.9440
-44.7080
-43.8120
-43.5520
-43.4900
-43.1420
-42.5080
-42.0120
-41.5960
-39.9480
-39.8080
-39.3920
-38.3540
-38.3180
-37.4820
-37.3280
-37.2620
-36.5560
-36.5340
-36.4580
-36.3540
-35.5760
-35.4480
-34.4900
-34.2280
-33.6040
-33.3020
-33.1140
-33.0200
-33.0060
-32.9080
-32.9020
-32.6800
-32.3380
-31.5460
-31.3760
-30.8840
-30.8080
-30.3660
-29.4740
-29.4640
-29.1460
-28.7080
-28.4260
-27.3720
-27.2320
-27.2040
-26.5180
-26.0200
-25.8460
-25.7400
-24.6520
-23.1860
-22.4840
 21.6960
 25.1080
 26.7660
 27.0900
 27.6380
 27.9820
 28.6600
 28.6900
 29.0980
 29.7740
 29.8880
 29.9820
 30.1080
 30.6180
 31.0240
 31.1320
 31.5040
 32.0360
 32.3040
 32.5440
 33.1660
 33.1760
 33.4180
 33.4980
 34.1180
 34.3640
 34.5020
 34.5300
 35.4420
 36.2400
 36.4940
 36.5140
 36.5360
 37.4580
 37.6080
 37.9060
 39.0060
 39.0480
 39.2440
 40.4380
 40.8420
 44.6520
 45.5500
 50.6920


#Top pat = 49
-50.3160
-49.6680
-47.6340
-47.4440
-45.3800
-44.4940
-44.3440
-43.8680
-42.1760
-40.6140
-39.7000
-39.1140
-38.0300
-37.1440
-36.6040
-36.1280
-35.5080
-35.2320
-34.9900
-34.3400
-34.3360
-34.1340
-34.0220
-33.5300
-33.4720
-33.1520
-32.6420
-32.5240
-32.5200
-32.3800
-32.2740
-32.0480
-31.8360
-31.7060
-31.4620
-31.2800
-31.1120
-31.0540
-30.8200
-30.0940
-29.8640
-28.1740
-28.1380
-27.2540
-27.0000
-26.9980
-26.0200
-25.0240
-24.5240
-24.3460
-24.1260
-22.3560
-21.9760
-20.2840
-20.0720
-19.1900
 19.9060
 23.4100
 23.9140
 23.9640
 27.1440
 27.7200
 28.5520
 28.7480
 28.8520
 28.9400
 29.4720
 29.5480
 30.1700
 31.0960
 31.3500
 31.9420
 32.0260
 32.1120
 32.5460
 32.6000
 32.6980
 33.5000
 33.5440
 34.4320
 34.5940
 35.9720
 36.0880
 36.9380
 37.2480
 38.2960
 38.5380
 38.7120
 38.8120
 38.8440
 38.9300
 39.1020
 39.8380
 41.4840
 41.4980
 42.5520
 43.2360
 47.8740
 48.4460
 52.0220


#Top pat = 50
-52.4700
-52.1380
-51.7240
-51.5260
-49.6920
-49.3360
-44.4120
-43.9500
-43.6160
-43.0140
-42.6580
-42.3180
-42.0180
-41.8020
-40.5560
-39.2280
-38.6840
-38.4300
-38.1680
-37.9400
-37.0400
-36.6440
-36.4540
-35.5600
-35.5540
-35.4540
-35.0200
-34.9400
-33.4440
-33.1600
-32.2140
-31.7560
-31.1420
-30.7840
-29.7960
-29.5740
-29.5680
-29.4960
-29.4120
-29.2360
-29.1780
-28.8360
-28.4860
-28.4280
-27.6680
-26.2540
-25.7000
-25.6400
-25.6220
-24.3620
-21.7040
-21.1280
-19.5960
-19.4140
-17.1060
-12.9940
 13.6900
 15.5140
 19.4400
 21.6220
 22.0740
 22.4440
 23.1460
 23.6620
 23.9660
 24.8460
 25.2720
 25.5760
 25.8620
 26.9320
 27.6840
 27.7100
 30.9160
 31.1900
 31.8000
 31.9780
 32.1480
 33.4560
 33.4920
 33.6360
 33.7240
 34.0220
 35.8580
 35.8700
 37.4460
 37.4880
 39.1700
 40.3240
 40.5940
 41.0740
 41.3300
 42.6260
 43.0140
 43.9580
 44.0420
 44.7000
 45.0340
 46.5800
 47.1280
 59.3020


