#..\..\Net100seed42.net EP02delta0.1Input0.5.train 42
#Top pat = 1


#Top pat = 2


#Top pat = 3


#Top pat = 4
-61.0440
-53.0360
-52.7900
-51.8840
-51.4160
-51.3000
-51.2980
-51.2000
-50.8560
-50.7760
-50.6900
-50.0020
-49.7360
-26.2060
-26.1960
-23.5060
-23.0980
-22.1900
-21.8020
-21.7500
-21.4520
-21.3620
-21.3500
-20.9960
-20.9860
-20.6020
-20.0880
-19.7080
-19.1620
-19.1260
-18.4440
-18.0300
-16.5640
-15.8420
-15.6000
-14.3240
-13.8780
-13.8280
-13.6540
-13.3640
-13.3460
-13.1360
-13.1140
-13.0600
-12.9500
-12.4780
-12.4280
  4.3260
  4.9140
  6.8680
  7.3420
  9.3520
  9.8100
 11.9960
 12.4060
 12.5260
 12.6840
 12.7060
 12.7520
 13.0440
 13.1500
 13.5040
 13.8020
 14.0100
 14.0180
 14.3080
 15.9800
 16.5480
 20.0760
 20.1280
 20.3240
 20.4080
 20.6500
 20.7160
 21.0380
 21.0440
 21.2080
 21.3720
 21.5680
 21.8180
 22.2680
 22.8660
 24.1340
 24.7660
 26.5600
 28.6920
 50.7640
 51.0620
 51.1580
 51.2180
 51.3300
 51.3520
 51.3540
 51.4080
 51.4940
 51.6120
 51.7680
 53.1700
 53.3220
 60.7500


#Top pat = 5
-66.6140
-62.6180
-61.4680
-52.7020
-52.6700
-52.1480
-45.1340
-42.4140
-40.9660
-40.7400
-40.3440
-39.0540
-38.4460
-38.1020
-37.9940
-37.9880
-37.9220
-37.5000
-37.2060
-37.0300
-36.8100
-36.7140
-36.4140
-35.6840
-31.9460
-26.5080
-23.9420
-23.6100
-23.5120
-22.8420
-20.4980
-20.3840
-20.2300
-19.6920
-18.1960
-17.3240
-15.0760
 -9.3520
 -7.4260
 -7.3780
 -7.1280
 -6.4820
 -6.0340
 -4.9760
 -3.4620
 -2.8820
 -1.8460
 -1.6720
  1.9300
  2.1820
  3.1320
  3.7100
  4.7800
  6.0560
  6.1740
  7.0780
  7.1340
  7.1900
  8.6500
 10.2040
 10.6700
 11.7780
 12.9740
 16.3460
 16.4740
 16.6420
 19.2260
 19.4380
 20.0480
 20.3120
 21.1120
 21.8040
 22.3820
 22.5640
 23.0580
 23.1800
 23.8720
 24.0940
 25.1340
 25.3120
 26.3520
 27.3340
 30.0700
 35.5300
 35.7780
 35.9860
 36.0920
 36.6360
 37.1620
 37.9780
 38.6560
 39.0340
 39.5980
 50.5040
 52.9540
 53.0480
 56.7500
 59.9800
 61.6920
 64.4180


#Top pat = 6
-66.2260
-64.8420
-55.0980
-52.8540
-52.2880
-52.0520
-49.4460
-48.9820
-48.6140
-43.1160
-42.5740
-39.6180
-38.8700
-38.1020
-36.1400
-35.0340
-32.7140
-32.0820
-31.9320
-31.0160
-30.9740
-30.2760
-27.2260
-26.8260
-25.7080
-25.3540
-23.8120
-23.0900
-22.4020
-21.7900
-21.4920
-20.8760
-20.7220
-19.2600
-18.2780
-15.5280
-15.3480
-15.2660
-14.9980
-14.7900
-14.5920
-12.9720
-11.3660
-11.1340
-10.4220
 -9.9980
 -9.0980
 -8.5380
 -8.4640
 -8.2720
 -7.6780
 -4.1140
 -1.7760
  3.0680
  3.1660
  3.4500
  3.7560
  4.0760
  6.0360
  6.3200
  7.1900
  7.6160
  7.9880
  9.6460
  9.7940
 10.6540
 11.9540
 14.7620
 15.6060
 16.8180
 19.2720
 21.1880
 21.7140
 21.7800
 23.0560
 23.8400
 24.4860
 26.0080
 26.5760
 29.1700
 29.3060
 30.3180
 31.0020
 32.5300
 32.5560
 34.7660
 36.7040
 37.8660
 39.2960
 40.1080
 42.8160
 43.1120
 45.8960
 48.7680
 53.6180
 53.7440
 54.3340
 55.6500
 56.1880
 65.9500


#Top pat = 7
-59.5380
-58.0160
-52.7500
-52.2140
-51.6720
-51.3360
-50.9220
-48.5520
-45.3700
-44.7640
-44.3540
-29.1300
-24.1820
-23.1760
-19.7260
-19.5000
-19.2400
-19.2340
-19.1140
-18.9360
-18.6880
-18.6240
-18.6180
-18.2200
-17.6840
-17.5420
-17.2100
-17.1780
-16.8560
-16.2980
-15.3280
-15.1100
-14.5040
-13.7040
-12.5420
-12.3780
-12.2260
-12.0100
-11.7600
-11.6940
-11.6640
-11.1540
-10.5240
-10.4780
-10.1860
 -9.3300
 -9.2640
  9.0860
  9.4500
  9.6160
 10.3140
 11.0000
 11.1520
 11.3780
 11.6260
 11.6760
 11.8100
 11.8140
 11.8380
 11.9000
 12.0360
 12.1520
 12.4120
 12.7720
 12.9380
 13.2620
 13.8740
 14.3520
 15.3800
 15.6520
 16.2100
 16.2900
 16.3860
 16.5800
 17.2720
 17.5500
 17.6780
 18.0140
 18.0140
 18.0720
 18.1240
 18.4660
 19.4120
 19.9060
 20.2240
 21.2520
 21.7860
 22.6360
 24.9800
 31.7180
 43.7820
 43.8560
 45.2620
 49.0680
 49.1540
 51.7260
 52.9980
 55.7820
 58.1640
 61.9920


#Top pat = 8
-60.7820
-60.4560
-60.1940
-52.4820
-49.3440
-48.2240
-46.6280
-46.0680
-45.7280
-43.6780
-42.9960
-36.1420
-28.4960
-28.3960
-27.5680
-25.3240
-23.6600
-22.7580
-22.7220
-22.4320
-21.9640
-21.4500
-20.9460
-20.6060
-19.7260
-17.4960
-15.6680
-13.6040
-13.2260
-12.9840
-12.1700
-12.1160
-11.0760
-10.0860
-10.0060
 -9.3060
 -8.8980
 -8.3880
 -6.6380
 -6.4460
 -6.3100
 -4.8700
 -3.8820
 -3.1040
  1.1480
  2.0300
  2.7340
  2.7580
  3.9100
  4.5960
  4.8060
  5.2680
  5.5340
  5.6740
  6.3000
  7.4200
  7.6660
  7.7320
 10.1180
 10.4060
 14.3380
 15.2440
 16.2100
 18.7040
 18.7680
 19.3980
 22.7960
 24.5040
 25.0180
 25.9560
 26.9140
 27.5580
 27.6740
 27.8940
 28.4660
 28.7860
 29.4200
 29.6840
 29.9760
 30.1120
 30.1860
 30.3880
 30.5040
 31.7500
 40.3460
 42.1700
 45.3620
 45.5780
 45.6980
 45.7080
 45.8560
 46.1460
 47.0820
 54.0500
 57.0320
 58.4720
 59.3860
 63.4960
 69.7220
 81.2600


#Top pat = 9
-57.4080
-52.1020
-51.0040
-46.7780
-45.8200
-44.0700
-40.8800
-38.9960
-38.9400
-38.7460
-38.5040
-34.8200
-34.0440
-33.4780
-30.3000
-28.7420
-27.9580
-27.7220
-27.2640
-27.0580
-26.5100
-26.1600
-25.1000
-24.4940
-23.0880
-22.3180
-22.0960
-21.3200
-17.2480
-15.7700
-15.1440
-14.7880
-14.1340
-13.1760
-12.2000
-10.7900
-10.1680
 -9.6560
 -9.2900
 -8.8100
 -7.7900
 -7.5540
 -6.8860
 -5.8780
 -3.8960
 -1.6160
 -0.9460
 -0.3880
  0.4620
  0.7680
  3.6620
  4.4360
  5.6660
  8.0180
  8.1180
  8.3820
  9.9500
 10.3920
 10.4200
 10.6420
 10.9640
 11.1140
 15.5000
 16.4380
 16.7680
 17.1480
 17.1940
 17.4340
 17.5780
 18.1020
 18.7680
 18.8120
 18.9960
 19.2940
 20.2240
 20.9600
 21.1720
 21.2860
 22.2180
 22.8220
 23.3280
 25.1840
 27.5300
 27.6840
 29.4440
 29.6500
 33.1260
 34.0200
 34.4480
 36.5620
 37.2680
 39.9420
 43.8200
 47.2120
 47.2600
 51.0940
 52.8620
 55.6440
 57.3760
 66.8760


#Top pat = 10
-86.7080
-71.1500
-65.4380
-65.0280
-64.1900
-61.1240
-56.0660
-52.4220
-51.9480
-51.7520
-51.7500
-51.1280
-47.3900
-47.2640
-46.3360
-43.2680
-40.8500
-40.7960
-40.6900
-39.7360
-36.9060
-35.1420
-34.5680
-34.4560
-33.7480
-32.4360
-30.8160
-30.5200
-30.4780
-29.4180
-29.0520
-28.7660
-27.8120
-27.4380
-27.4340
-26.5780
-23.9320
-23.2520
-22.8200
-22.4220
-21.1840
-20.8000
-20.5200
-17.2760
-11.2640
 -8.4460
 -8.0180
 -5.7520
 -5.7400
 -2.5280
 -2.3580
 -1.8440
 -0.7000
  2.6300
  5.1720
  6.7620
  8.1440
  8.1460
  8.4320
  8.5280
  8.7840
  8.9240
 10.0480
 11.5760
 11.9280
 11.9900
 12.0980
 13.2080
 13.9060
 14.4420
 15.6180
 16.8520
 16.9300
 17.8880
 18.4640
 19.6500
 20.7240
 21.7320
 22.0860
 22.4000
 23.4080
 24.4920
 25.0000
 25.6400
 28.4120
 29.7140
 30.1220
 30.3980
 31.5420
 35.9660
 36.4280
 38.1900
 39.2300
 41.7160
 42.8040
 44.4240
 45.4480
 50.1620
 53.0400
 54.1820


#Top pat = 11
-73.1260
-59.9400
-54.7720
-54.5960
-53.4380
-51.8660
-47.3040
-46.8940
-44.7780
-42.9220
-40.3320
-38.5780
-37.0040
-36.4220
-36.1080
-34.4240
-33.6240
-33.3520
-32.7460
-30.1880
-30.0340
-29.6080
-28.8260
-28.7980
-28.4600
-27.7780
-27.3480
-26.4800
-25.3160
-24.8880
-23.6280
-22.1500
-21.8280
-21.2820
-20.9400
-19.5840
-19.3920
-19.0060
-18.8980
-18.6380
-18.4900
-17.4700
-13.4460
-13.3540
-12.3540
-11.6400
-11.6060
 -9.2960
 -8.4560
 -7.1300
 -5.9460
 -4.4880
 -3.7280
 -2.4780
 -1.9940
  3.0500
  3.7800
  4.0380
  4.3500
  7.2780
  8.9620
  9.8240
  9.9380
 10.1120
 11.7340
 12.6300
 12.6760
 12.7760
 13.6100
 15.1920
 16.0820
 17.4140
 18.2860
 21.5940
 21.7340
 21.8720
 28.7820
 29.5600
 30.3060
 30.4480
 30.7020
 33.5000
 33.6460
 34.8200
 36.5400
 37.8600
 37.8620
 38.7500
 39.7400
 40.2060
 42.1720
 46.6600
 48.7540
 49.5240
 51.4320
 53.0500
 53.1060
 53.2740
 61.1520
 61.3340


#Top pat = 12
-70.8420
-59.4620
-58.3580
-57.2040
-55.0220
-50.6740
-49.4280
-49.2660
-45.7320
-44.2720
-41.4740
-39.9440
-37.0440
-34.4860
-33.9620
-30.9220
-30.4800
-29.4920
-29.2680
-28.7560
-28.2040
-27.8840
-27.8240
-24.8780
-23.6900
-19.9380
-19.0140
-17.5840
-16.0540
-15.9380
-15.8180
-15.2400
-15.0540
-14.5760
-13.2700
-13.0500
-12.4300
-10.4180
-10.0600
-10.0420
 -9.9940
 -8.6440
 -8.3240
 -7.5140
 -5.8160
 -5.8060
 -4.6280
 -4.3120
  2.9660
  4.3140
  5.1860
  6.1360
  6.5220
  7.1580
  9.0920
  9.1040
  9.3280
  9.7220
 10.0940
 11.7660
 12.9240
 14.0320
 15.4000
 15.9800
 18.1960
 18.6020
 19.1740
 19.9200
 20.3760
 20.6500
 20.7300
 20.8000
 22.0560
 22.6440
 22.7180
 22.8440
 25.8000
 25.8560
 26.9720
 27.6780
 33.5420
 34.4580
 34.4620
 34.7500
 36.3680
 37.2860
 38.4440
 38.4600
 39.2500
 39.5680
 41.2920
 41.7480
 44.2020
 47.1160
 48.1920
 50.0300
 52.1400
 62.0660
 66.4040
 68.7360


#Top pat = 13
-54.6340
-54.1180
-53.1860
-52.7460
-52.0220
-46.5680
-46.4820
-43.6740
-43.0780
-42.9180
-42.5780
-39.7400
-35.3880
-35.3700
-33.4700
-33.0880
-31.2320
-29.6920
-29.1720
-28.1860
-26.6860
-25.9700
-25.8540
-25.1820
-19.8720
-18.9360
-17.7420
-17.6800
-17.2340
-16.2980
-14.7800
-13.9340
-13.6740
-12.7680
-12.5780
-12.4340
-10.0540
 -9.8620
 -8.6420
 -8.1120
 -7.7020
 -6.6600
 -3.5440
 -1.2060
 -0.8020
  0.2280
  0.3640
  1.5520
  1.6700
  1.8780
  4.1700
  5.0200
  5.9360
  7.9340
  8.7380
  9.8400
 10.7660
 12.2920
 12.5780
 13.1000
 14.5860
 16.8820
 17.0480
 17.4240
 18.7180
 21.1960
 26.5680
 26.9440
 27.0300
 27.7000
 28.0740
 28.6840
 29.1060
 31.1580
 32.0820
 32.1700
 32.5040
 32.8800
 34.1860
 35.0880
 36.4660
 38.4660
 38.5420
 39.3760
 41.4080
 42.2500
 42.5340
 44.6700
 46.1940
 46.2240
 46.5340
 47.0220
 47.0460
 47.3940
 47.6040
 50.4580
 50.8640
 55.9280
 70.8600
 72.1040


#Top pat = 14
-54.7520
-53.2520
-53.2260
-52.6160
-51.7160
-48.5080
-48.1780
-46.3800
-44.9500
-42.1520
-42.1320
-41.8140
-41.5680
-40.8740
-38.2660
-38.0920
-36.3060
-35.8420
-35.6440
-34.0300
-30.0000
-29.5660
-27.2980
-25.5320
-24.9620
-24.3560
-24.2620
-23.8040
-23.6500
-23.2020
-21.8000
-21.7760
-20.7300
-20.0240
-19.7860
-19.4960
-18.2180
-18.0600
-17.9120
-13.3320
-11.8160
-10.7900
-10.1240
 -8.8500
 -8.7180
 -8.4540
 -8.2440
 -8.1260
 -6.4880
 -4.4520
 -4.0240
 -3.1100
 -1.4640
 -1.4460
 -1.0480
 -0.5580
  2.0800
  2.6080
  3.6280
  4.4240
  6.6400
  8.6860
  9.5540
 10.2200
 10.3400
 10.3820
 11.1860
 11.9860
 12.6800
 12.7620
 12.9400
 17.0380
 17.9380
 18.6040
 18.8440
 18.8920
 21.1660
 23.6680
 23.7360
 28.3160
 29.1520
 29.7400
 31.1020
 33.6400
 34.4480
 36.0900
 36.3820
 36.9540
 40.5460
 43.3500
 43.5220
 46.2900
 49.9280
 49.9660
 54.9960
 55.8540
 56.5700
 57.9120
 62.7940
 83.6240


#Top pat = 15
-71.6940
-70.3600
-58.2180
-57.5260
-52.4800
-52.0960
-48.8500
-46.6160
-45.8920
-45.1220
-43.3280
-41.6780
-40.5540
-35.2900
-35.2360
-34.7960
-34.6220
-34.0540
-33.6380
-30.7220
-29.2160
-24.1320
-23.4540
-23.2300
-22.6320
-22.2940
-21.7300
-21.2900
-21.0020
-17.7920
-17.3700
-17.2980
-15.2420
-15.2000
-14.4560
-11.9360
-10.7360
-10.4780
-10.3200
-10.1360
 -7.9760
 -4.2040
 -2.2540
 -1.2440
 -0.3400
  0.1580
  4.3200
  6.0820
  6.1780
  6.3740
  6.7340
  6.8120
  7.5360
  8.4380
 11.2840
 13.1640
 14.3080
 14.3980
 14.5400
 14.7960
 16.0100
 16.0460
 17.2100
 17.3860
 17.8060
 17.8420
 18.7260
 20.0020
 20.5900
 22.3060
 23.9580
 24.1980
 24.4400
 27.3160
 27.5340
 28.0060
 28.0740
 33.1440
 33.6380
 35.1360
 36.5980
 37.4660
 38.4700
 38.8800
 39.7880
 44.1940
 44.6400
 44.7080
 46.4220
 47.5580
 48.0320
 48.8020
 50.2420
 51.0880
 51.3180
 54.3620
 54.6480
 65.8080
 67.3800
 83.7920


#Top pat = 16
-62.0120
-57.4120
-55.3540
-54.9540
-54.3640
-53.6940
-50.4420
-50.2240
-49.4640
-44.7100
-43.3800
-42.8140
-42.4740
-41.4240
-40.7700
-40.3080
-39.2620
-37.3100
-36.8220
-36.5520
-36.5280
-36.1180
-35.0020
-34.9880
-34.0160
-33.1260
-32.7980
-32.1180
-31.9240
-31.6240
-29.8200
-29.3360
-28.8960
-28.0420
-28.0140
-27.6400
-26.9800
-26.3480
-24.8240
-24.7800
-23.5200
-23.2140
-22.9400
-22.9000
-22.7480
-22.7080
-22.2920
-21.1780
-19.7040
-19.2480
-17.3500
-16.7040
 -8.7560
 -5.5880
  2.3380
  8.7180
  8.9260
 10.9340
 12.9760
 13.5460
 13.6660
 14.8660
 15.5040
 17.0040
 17.6500
 18.4000
 18.5120
 18.6500
 18.8660
 21.7140
 21.7560
 21.8700
 22.5500
 26.7100
 26.7440
 27.7500
 27.9920
 28.5280
 30.5780
 30.6820
 31.2940
 34.0140
 35.5060
 36.0340
 36.6860
 37.2080
 37.5560
 37.9460
 38.1180
 38.2040
 40.4440
 42.1760
 43.1640
 44.5340
 45.1100
 45.2380
 51.4520
 52.5940
 55.9240
 56.9640


#Top pat = 17
-75.4240
-70.2160
-56.4320
-45.2600
-44.8080
-43.3240
-41.9460
-41.7280
-41.3420
-40.3180
-40.2660
-38.1860
-38.0960
-37.5540
-33.3880
-26.5480
-25.3440
-21.4360
-20.6340
-20.3700
-20.1460
-18.8760
-18.2500
-17.7180
-17.5280
-17.0100
-16.3880
-15.4620
-15.0420
-14.0860
-13.7460
-13.3140
-13.3140
-10.5740
-10.4300
-10.0940
 -9.0320
 -7.0300
 -5.4980
 -5.4840
 -5.2980
 -3.8020
 -3.3620
 -1.3660
 -0.9100
  1.1560
  1.5320
  2.2780
  5.1400
  6.0920
  9.6380
 11.1740
 11.3180
 11.9600
 12.2780
 12.9100
 15.4600
 16.0980
 17.8760
 18.6760
 20.7720
 21.8800
 21.9420
 22.2960
 22.6420
 24.4600
 24.7040
 24.9540
 25.6820
 26.6820
 26.7040
 27.7980
 28.9460
 28.9920
 29.7040
 33.7060
 35.1760
 35.5800
 38.0900
 38.6220
 39.0380
 39.3760
 40.4860
 41.1000
 44.4520
 45.3760
 45.9960
 46.2640
 46.6280
 47.2760
 48.1040
 48.4880
 48.7700
 49.4280
 51.8920
 53.8580
 54.3820
 57.8000
 58.1420
 89.6440


#Top pat = 18
-69.2240
-55.6700
-50.7100
-49.7660
-47.0920
-45.6700
-42.7000
-41.0420
-36.9440
-35.8200
-32.9840
-32.0260
-31.3420
-29.6820
-29.1520
-28.0440
-27.4180
-26.6600
-24.9120
-24.4180
-23.5820
-20.0620
-19.5920
-18.6480
-18.2680
-17.1300
-16.7200
-15.8200
-14.5080
-14.0620
-13.4940
-13.4120
-10.7180
 -9.6220
 -9.4700
 -8.8020
 -8.5980
 -7.8460
 -7.2700
 -6.5880
 -5.7960
 -5.5080
 -5.1740
 -3.7440
 -1.9620
 -1.7900
  0.3780
  1.8460
  3.8400
  5.6280
  6.5480
  7.0180
  7.6700
  8.4360
 11.0040
 11.3660
 11.6580
 13.1840
 14.2180
 14.4440
 16.5460
 16.9960
 17.8260
 18.7380
 18.7840
 19.0140
 19.0440
 19.4340
 22.4440
 22.6220
 22.8520
 23.2600
 23.4700
 26.4400
 26.8700
 29.1220
 31.6520
 33.0940
 35.1620
 35.5140
 36.9720
 39.5520
 40.0220
 40.3540
 41.7440
 44.9180
 44.9940
 47.7960
 48.4360
 48.6380
 50.8120
 51.5040
 52.1000
 55.5240
 58.0140
 58.0900
 61.3280
 64.5620
 71.4660
 79.2640


#Top pat = 19
-81.8080
-74.6780
-63.6100
-58.6400
-55.8240
-51.7000
-50.3040
-49.7820
-47.9960
-46.3880
-44.6200
-40.4460
-39.8520
-39.2200
-39.1360
-39.0960
-39.0460
-39.0220
-38.2220
-37.0460
-36.9300
-36.3560
-36.2960
-35.1940
-34.9500
-34.6380
-33.7680
-32.5920
-32.4360
-31.6800
-31.4740
-28.9860
-27.8020
-24.4120
-24.2900
-22.1780
-21.7980
-21.0780
-18.6300
-18.1580
-17.5800
-17.4280
-17.2800
-16.4640
-15.9560
-15.6640
-14.8640
-12.9360
-12.5980
-10.7080
 -8.2680
 -6.3240
 -5.0820
 -3.4680
 -0.1800
  1.7840
  2.2540
  5.2180
  9.2140
  9.2620
 11.3520
 12.7320
 15.5260
 16.6600
 17.7960
 18.4400
 18.7540
 19.2700
 19.8300
 21.8800
 21.9180
 22.0800
 22.7740
 23.0420
 23.4100
 23.4520
 25.4920
 28.2720
 31.0840
 31.6660
 33.2460
 33.7820
 33.7940
 35.8800
 35.9000
 37.6980
 37.7900
 38.7080
 39.8820
 40.8580
 41.3960
 43.0260
 43.1260
 44.3540
 48.4020
 48.4120
 50.2080
 50.2260
 60.0160
 62.4860


#Top pat = 20
-71.9740
-69.1400
-68.1880
-60.9040
-59.1020
-58.1180
-57.9060
-46.3420
-42.7280
-41.2820
-40.9140
-39.5440
-38.5080
-37.6900
-37.3640
-36.7120
-36.6000
-35.6480
-35.2140
-33.1140
-32.9800
-31.1620
-30.1260
-29.8180
-29.6580
-29.1980
-27.5640
-26.5960
-25.2200
-25.1340
-24.0940
-23.5340
-23.3600
-22.0260
-21.8360
-21.8060
-20.4020
-19.6200
-19.2600
-16.8180
-15.3620
-14.3360
-14.2880
-13.7960
-12.4060
 -8.3300
 -7.5880
 -6.5160
 -5.6900
 -4.7400
 -2.1800
  2.7980
  2.8720
  3.7720
  3.9240
  5.2260
  7.2820
  7.6500
  8.5660
  9.7220
 10.9460
 11.3240
 12.3340
 13.7780
 14.3480
 14.8380
 16.8480
 16.8920
 17.4180
 19.1120
 19.6180
 19.8240
 20.4260
 20.4840
 20.7400
 21.9040
 22.7180
 23.2500
 24.6720
 24.8680
 29.1800
 29.9420
 31.5640
 32.0380
 34.7820
 35.3420
 35.4540
 36.7080
 36.9340
 37.8980
 37.9420
 38.5240
 44.4500
 45.2160
 45.7700
 46.1000
 49.8260
 52.6880
 64.0320
 78.5220


#Top pat = 21
-75.3700
-62.4080
-55.5560
-53.3980
-52.0460
-51.9840
-49.7440
-48.2080
-41.9840
-41.7360
-41.4960
-41.4400
-41.3740
-41.3420
-40.8200
-40.7700
-37.9920
-35.5020
-32.7580
-32.7120
-32.1460
-31.5000
-31.4140
-30.4080
-30.3680
-28.6080
-28.2440
-26.3880
-24.6620
-23.8840
-23.3280
-23.0140
-21.4840
-21.2800
-19.7500
-18.1540
-16.0560
-16.0360
-15.4000
-15.1560
-11.7080
-11.4400
-10.6260
 -6.6640
 -6.4740
 -5.5980
 -4.9100
 -4.7120
 -4.5340
 -3.9060
 -0.3660
  2.3600
  2.6700
  3.7180
  4.8420
  5.0380
  5.3640
  5.4440
  6.1020
  8.0480
  8.4060
  8.4400
 10.5900
 10.9140
 12.2240
 13.4420
 15.5740
 16.1740
 17.3140
 18.1840
 18.3460
 19.6540
 22.8260
 22.8260
 23.4540
 24.3120
 24.8780
 27.3640
 27.9360
 28.5380
 29.1360
 29.9720
 32.2920
 32.5720
 33.6880
 34.3700
 38.5460
 39.2360
 41.1640
 41.4180
 42.1260
 45.6560
 46.0540
 46.2080
 46.3020
 48.5320
 49.0320
 50.0600
 56.0160
 61.9960


#Top pat = 22
-89.4780
-70.8780
-55.5720
-54.7700
-53.9800
-52.8880
-49.2640
-47.6680
-45.9840
-44.1780
-43.5720
-42.5200
-41.9180
-40.4540
-40.1800
-39.7500
-38.9060
-36.7660
-33.6540
-32.9020
-32.5900
-30.3440
-26.8120
-26.7980
-25.4860
-24.8860
-23.1020
-21.6040
-20.0080
-19.7600
-19.3160
-19.2500
-17.3520
-17.2360
-15.9820
-13.9180
-13.8880
-13.4400
-13.3140
-13.1040
-12.9520
-12.7580
-12.6040
-11.3780
-10.8580
-10.7080
 -9.7560
 -8.6660
 -8.4820
 -6.0160
 -4.6780
 -4.5260
 -4.2260
 -2.2540
  0.1660
  0.3180
  4.4400
  4.6340
  8.2720
  9.1300
 11.4820
 12.2800
 12.6980
 13.1000
 15.1080
 15.2160
 15.3780
 17.2240
 21.0000
 21.5980
 23.0900
 23.2460
 23.5040
 23.5100
 25.0580
 25.7000
 27.9880
 31.1640
 33.8280
 34.1800
 35.7780
 38.0100
 38.6960
 38.9680
 40.6420
 41.4260
 41.5900
 41.6100
 42.3360
 44.2360
 44.2640
 45.0700
 47.6360
 53.6880
 54.0940
 56.8180
 59.9420
 62.8700
 71.2240
 71.7180


#Top pat = 23
-66.6780
-64.4140
-60.1360
-59.5920
-50.8520
-48.9000
-41.2940
-41.0440
-39.3920
-35.8920
-33.6540
-32.9620
-32.1960
-31.4480
-30.0420
-28.7800
-28.5060
-27.0220
-25.0140
-24.6920
-24.4680
-24.0600
-23.7800
-23.1460
-22.6780
-21.8060
-20.3420
-19.2480
-18.8420
-18.1060
-16.8600
-16.7100
-16.2140
-15.9160
-15.2680
-14.9400
-13.8300
-12.9500
-11.6700
-11.6140
-11.2820
-10.7100
 -9.3540
 -8.2760
 -7.8360
 -6.7800
 -6.3480
 -5.5360
 -5.2080
 -4.9880
 -4.3100
 -3.4880
 -3.3520
 -0.8580
  0.7360
  4.5780
  4.7680
  5.0080
  6.2700
  8.3080
 11.4500
 13.0180
 14.0940
 15.1800
 15.7620
 17.5860
 17.7020
 17.7800
 18.7680
 19.7220
 20.0420
 20.5860
 21.2260
 22.1400
 23.0120
 23.2840
 23.3500
 23.3780
 23.4560
 24.3820
 24.3900
 25.9560
 26.3900
 27.8760
 29.8620
 30.7600
 30.9880
 32.5420
 32.5500
 32.7400
 35.6640
 35.9280
 36.3020
 37.0180
 40.1380
 40.2040
 49.1940
 49.4400
 51.5200
 64.1440


#Top pat = 24
-76.1960
-71.0320
-57.5660
-57.4220
-56.1660
-53.5760
-53.3680
-49.0980
-48.8840
-44.7480
-43.2400
-40.5980
-39.2600
-39.2040
-38.9300
-38.0220
-38.0060
-37.5960
-35.1700
-34.3100
-33.3520
-30.2600
-29.2260
-26.7180
-26.1720
-25.7600
-25.3540
-24.9820
-24.2880
-23.9560
-21.4200
-21.3000
-21.2680
-21.0640
-19.0140
-17.4100
-16.9220
-16.8280
-16.0140
-15.3400
-14.4380
-13.9240
-13.1060
-13.0300
-12.2620
-11.9560
-11.1240
-10.9900
 -4.8720
 -4.0040
 -2.3000
 -0.0260
  0.3440
  1.9320
  4.1700
  4.5300
  6.2060
  6.2400
  9.3660
 10.3500
 10.4260
 10.5360
 11.4280
 13.7280
 17.5900
 17.8440
 19.2040
 20.1880
 20.2840
 20.9600
 21.3120
 23.2740
 24.7960
 24.9940
 25.0720
 25.9500
 26.7520
 27.1300
 27.2400
 27.4040
 29.3600
 30.2760
 32.6240
 32.7420
 32.7680
 32.9280
 32.9700
 33.4540
 33.6560
 36.2880
 37.8820
 38.8200
 39.0060
 39.7400
 39.9620
 43.1200
 44.3640
 52.5100
 58.4900
 59.9480


#Top pat = 25
-59.3040
-57.1440
-54.7420
-53.2840
-51.3120
-50.7840
-48.9400
-47.6380
-47.2540
-43.7540
-43.7540
-43.1040
-42.2640
-38.4800
-37.4120
-36.3760
-33.4380
-30.5560
-29.8720
-29.5400
-27.5440
-27.1240
-24.6680
-24.3540
-23.9940
-23.5900
-22.1380
-20.3400
-18.8120
-16.5680
-16.3400
-14.2000
-14.1820
-13.9560
-13.0080
-12.0000
 -9.6820
 -9.2420
 -7.7100
 -6.0220
 -4.0100
 -2.7660
 -2.5400
  2.2500
  2.4780
  2.8740
  3.5680
  7.3940
  9.0720
  9.5780
  9.6340
  9.9900
 11.1480
 11.9160
 13.7520
 14.6160
 15.1960
 15.4040
 16.6240
 16.6640
 16.9280
 17.2260
 17.5780
 19.9940
 20.0880
 20.8060
 22.2400
 25.7680
 25.9060
 26.6760
 26.9720
 27.1320
 27.9000
 29.3220
 29.5200
 31.6720
 31.8880
 32.9280
 33.3420
 33.6760
 34.2580
 35.3980
 37.2460
 39.2160
 39.4420
 39.6280
 41.2680
 41.6300
 42.9240
 45.6280
 46.0060
 46.2880
 47.0320
 49.2360
 49.7460
 52.6460
 59.8280
 62.8920
 66.6660
 69.8640


#Top pat = 26
-75.1880
-74.8820
-60.1880
-59.3760
-59.0180
-49.2820
-47.0440
-45.1900
-44.7660
-43.3120
-39.7760
-38.2220
-37.5320
-36.5280
-36.0760
-35.9620
-33.9220
-32.7280
-32.0180
-29.8960
-29.7400
-29.6280
-28.8460
-27.7120
-26.0440
-24.8080
-23.4100
-23.0860
-21.4640
-20.4760
-20.3400
-19.5540
-17.4520
-17.0000
-16.7660
-16.6500
-15.0460
-12.1800
-11.9400
 -9.5500
 -8.0680
 -7.1840
 -4.9920
 -4.7740
 -3.3220
 -2.8780
  1.1260
  1.1400
  2.4360
  3.7720
  4.1500
  4.6280
  5.0060
  6.4260
  6.7780
  7.4300
  8.5240
  9.0340
 10.2300
 10.6540
 11.5860
 12.1440
 14.4520
 15.0160
 15.1880
 16.4880
 16.9000
 16.9160
 17.4300
 19.8660
 20.7020
 21.0160
 22.3360
 24.7900
 25.0060
 25.1660
 27.1280
 27.3000
 27.6880
 28.0100
 28.2160
 33.8460
 34.2300
 36.0180
 37.3320
 39.4040
 40.0600
 40.4980
 42.7740
 43.3940
 44.2420
 46.3760
 48.9960
 49.1560
 52.9380
 53.4540
 57.9540
 65.8380
 68.3820
 71.0580


#Top pat = 27
-83.3840
-76.3200
-74.5300
-63.6820
-59.9120
-59.8840
-54.6740
-51.2460
-50.9940
-49.4160
-48.8200
-45.8720
-41.6740
-41.4300
-41.3440
-36.8460
-36.3600
-36.3480
-35.1000
-34.2260
-33.2960
-32.5960
-30.7020
-26.5200
-26.4900
-24.4620
-22.7320
-22.1020
-21.3640
-20.5900
-20.3100
-19.6100
-19.6080
-19.4520
-19.0340
-18.9540
-18.8460
-18.1260
-17.9540
-17.7060
-17.0860
-17.0740
-13.7280
-12.1220
-10.4220
 -8.6200
 -8.5200
 -6.9420
 -5.0160
 -4.2420
 -3.5420
 -2.7900
 -1.3760
  5.2660
  5.8780
  6.0680
  6.1660
  8.6100
  9.0380
  9.4200
 12.1880
 12.9500
 14.0780
 15.7380
 16.6980
 16.7140
 17.6140
 18.0500
 19.0200
 19.0940
 21.0140
 21.7000
 23.2640
 23.2800
 23.3340
 24.3820
 26.8940
 27.4880
 30.2800
 30.7780
 31.8020
 31.8900
 31.9260
 32.6980
 34.0720
 35.2160
 35.5720
 37.9200
 39.6240
 41.2360
 43.5420
 44.5700
 46.7180
 47.3660
 47.8360
 54.4520
 64.2560
 66.6580
 76.2220
 76.9760


#Top pat = 28
-75.6040
-50.9100
-50.5000
-47.5280
-46.4360
-46.3420
-41.9480
-40.0000
-39.8360
-39.5380
-37.9060
-36.2960
-35.6140
-34.7080
-33.2240
-33.1840
-32.5980
-31.6040
-30.4920
-29.7120
-29.1260
-27.6040
-27.4980
-26.6600
-25.9240
-25.7560
-24.0180
-23.6660
-22.8660
-20.0040
-16.9920
-15.7440
-15.4280
-15.0040
-14.9360
-14.7640
-13.4720
-13.3380
-11.2100
-11.0680
 -9.1980
 -8.3820
 -7.7940
 -7.1940
 -6.7440
 -5.4820
 -2.7160
 -1.5040
 -1.4380
 -0.0360
  0.4020
  1.2140
  4.4140
  5.6320
  6.2640
  8.9960
 10.4260
 11.0360
 11.1960
 11.9400
 13.8280
 14.5520
 15.6320
 18.0420
 18.5420
 19.6780
 19.9420
 20.5660
 20.7680
 24.0620
 24.1720
 25.1860
 25.7620
 27.2820
 29.4780
 31.2440
 34.3440
 34.5880
 36.0120
 36.2260
 37.5980
 38.5400
 39.1000
 39.6100
 39.8860
 40.9360
 41.4740
 43.3920
 47.0100
 47.8280
 48.6760
 53.0440
 53.8820
 56.7740
 58.4760
 61.1000
 63.6480
 63.6820
 65.6080
 95.3760


#Top pat = 29
-74.8920
-71.1720
-60.4120
-58.7420
-58.1900
-57.8000
-56.2140
-47.8160
-47.4700
-47.4600
-44.4900
-43.6360
-43.0540
-42.8260
-38.5140
-38.1800
-37.7440
-37.5080
-36.1860
-35.7060
-34.8440
-34.5160
-34.0580
-33.7000
-31.2360
-30.9380
-28.8900
-28.5560
-27.3760
-25.0760
-22.8380
-21.9860
-20.1180
-19.8360
-18.9200
-18.9100
-18.0740
-17.8960
-17.5640
-16.7840
-16.3100
-15.4660
-12.5500
-11.9860
-11.8760
-11.2060
-10.5480
-10.4980
-10.4380
 -9.4580
 -7.5400
 -3.5060
 -3.0120
 -2.1180
  0.5920
  6.0700
  9.4600
 12.1020
 12.5080
 14.1660
 14.2520
 14.7800
 15.2480
 15.9760
 16.2740
 16.9020
 18.2940
 18.8900
 18.9300
 20.7900
 23.4160
 23.6280
 25.1700
 25.2020
 27.7160
 27.7380
 28.3900
 28.5240
 29.6840
 30.1180
 30.7220
 31.4920
 32.5980
 34.0500
 34.5240
 36.2520
 37.7920
 42.3220
 42.7320
 45.0680
 45.4280
 45.6200
 45.8840
 48.0160
 49.0600
 51.1120
 54.4100
 55.3240
 58.0620
 68.6680


#Top pat = 30
-73.7180
-60.6480
-55.3520
-55.2140
-51.8780
-51.4180
-50.7220
-50.6980
-50.0700
-47.1980
-46.9780
-43.9840
-42.3180
-42.3160
-41.0760
-39.7260
-36.9760
-34.9340
-33.2700
-33.2360
-32.1300
-29.0780
-28.0340
-25.5980
-22.7260
-22.3980
-22.2300
-21.1780
-18.9900
-18.4480
-18.1580
-16.9780
-14.9420
-14.7920
-14.7620
-13.2420
-10.4340
 -7.4060
 -5.6060
 -4.8980
 -4.2100
 -3.9900
 -2.7840
 -1.9440
 -1.1920
  1.0920
  2.5800
  3.4260
  7.2340
  7.7240
  7.9280
  8.7080
  8.7820
  9.3700
  9.4680
 10.1400
 12.4820
 13.7220
 14.6760
 15.0660
 15.3080
 16.9300
 18.0240
 18.2320
 20.1040
 20.7080
 20.8500
 21.9380
 22.0780
 22.5340
 23.0000
 23.8120
 24.4900
 26.5720
 28.3460
 28.5100
 28.6140
 28.8760
 30.8020
 32.9880
 33.4880
 33.8120
 34.6320
 34.9240
 35.1860
 40.1440
 41.8180
 43.6040
 45.8660
 45.9780
 49.4680
 52.3820
 53.1300
 53.1800
 56.6020
 57.4000
 58.0440
 61.1800
 66.7540
 72.8160


#Top pat = 31
-66.9660
-61.3400
-61.3140
-59.2840
-58.0660
-56.5760
-54.0460
-52.2300
-49.1180
-46.4160
-45.4680
-42.0340
-41.7080
-41.3480
-40.1300
-39.2900
-38.6540
-36.4100
-36.0540
-35.3080
-33.6300
-33.6300
-32.2340
-31.5580
-29.0800
-28.4140
-27.8280
-26.5880
-26.2960
-25.1960
-25.1780
-23.3500
-23.3160
-21.7660
-21.7200
-21.1980
-20.9540
-19.3240
-18.9180
-18.6280
-18.4000
-16.7040
-15.0560
-12.7540
-11.4520
-11.1720
 -8.6500
 -7.9040
 -7.1740
 -5.4300
 -0.5600
  2.7220
  2.7960
  2.8460
  3.8800
  4.0760
  7.6900
  8.9560
 13.3980
 13.6380
 16.2780
 16.3660
 17.6320
 18.5840
 18.6420
 19.1380
 20.2260
 20.3980
 21.8200
 23.6740
 27.7040
 28.1260
 29.8360
 30.0520
 30.2080
 30.3940
 30.4520
 31.1660
 32.7000
 33.8160
 34.2780
 35.4000
 35.9120
 37.8100
 37.9680
 38.4500
 40.5360
 44.9500
 47.2360
 47.4900
 50.9920
 54.7200
 54.7540
 56.5460
 58.9420
 58.9900
 61.1920
 61.3000
 65.7740
 69.7840


#Top pat = 32
-57.2420
-55.9620
-54.2260
-53.6300
-52.7580
-51.7060
-50.9820
-48.9180
-48.1820
-44.5940
-41.1960
-40.4520
-40.1300
-39.8620
-39.6840
-38.7260
-38.1860
-37.2960
-36.9300
-35.9260
-35.6380
-35.6060
-32.8900
-32.8300
-31.3640
-30.9960
-29.5660
-29.3020
-29.0200
-27.4600
-27.2120
-26.7360
-25.0660
-24.9960
-24.7380
-23.3520
-22.4460
-22.0120
-18.2460
-16.9860
-15.9140
-15.6880
-15.0540
-13.9080
 -9.2720
 -8.9280
 -8.7700
 -8.2120
 -3.6480
 -2.1140
  4.2580
  6.4860
  6.8780
  7.9260
  8.5440
  8.8460
 10.2280
 10.7200
 12.8140
 12.8300
 15.0880
 15.5340
 16.0360
 17.8840
 18.3920
 20.3920
 21.0220
 21.0440
 22.2060
 22.4680
 23.5380
 25.0500
 25.1740
 25.7280
 25.7780
 25.9140
 27.0000
 27.3380
 27.3640
 28.4360
 30.5700
 30.9980
 31.8200
 32.6840
 32.8420
 34.7420
 35.5320
 35.9800
 36.0160
 38.2840
 40.0040
 41.3860
 41.9000
 42.2760
 44.1280
 48.0900
 48.6140
 48.6280
 54.7880
 63.9400


#Top pat = 33
-74.1000
-60.2340
-50.1400
-49.6600
-46.9500
-46.4880
-46.0320
-45.8240
-44.6260
-44.2700
-43.5760
-43.4980
-43.0980
-42.0880
-41.0040
-40.9520
-39.2340
-35.3160
-34.3820
-33.8480
-33.3900
-33.0360
-32.0340
-31.6480
-30.1220
-29.8700
-27.9160
-27.3200
-27.3180
-25.9360
-24.7480
-24.3980
-24.0000
-23.5540
-22.7180
-21.6840
-20.9900
-20.2540
-19.2260
-18.5200
-15.9820
-15.4400
-15.4400
-12.1440
 -8.1240
 -6.9220
 -6.7420
 -5.5340
 -5.3160
 -5.3080
 -4.8040
  0.5020
  2.3120
  3.6340
  5.8880
  6.2200
 10.2160
 13.0340
 13.0480
 13.5680
 14.8220
 15.0580
 15.1400
 17.8920
 18.0980
 20.7880
 20.8740
 22.0160
 22.7100
 23.1140
 24.4900
 25.0320
 27.0540
 27.2560
 27.8540
 27.8560
 30.1040
 31.9800
 32.6140
 33.3400
 34.9320
 35.4740
 35.6160
 35.7460
 37.6480
 37.8560
 39.2440
 39.5200
 40.0640
 41.1440
 42.5880
 42.9900
 47.6440
 50.9640
 55.5500
 59.3280
 61.6940
 63.3620
 65.4080
 75.2600


#Top pat = 34
-59.4120
-54.6180
-54.5340
-52.6280
-51.8820
-49.9880
-49.1240
-47.2640
-46.9400
-46.7560
-46.4360
-46.2420
-44.1300
-38.3520
-38.1280
-36.7720
-35.5180
-35.0600
-33.9360
-33.4860
-32.1180
-30.9440
-30.4180
-30.3240
-25.0180
-24.2200
-23.3260
-23.0100
-22.9640
-22.1000
-20.0300
-19.6160
-17.9820
-16.5540
-15.6780
-15.5600
-14.9980
-13.9980
-13.1460
-12.5900
-11.7600
 -8.9720
 -8.8420
 -7.5880
 -7.1940
 -6.6980
 -1.3900
 -1.1280
 -1.0940
 -0.4720
  1.0500
  2.7820
  2.9940
  4.5100
  4.6200
  4.6960
  5.4460
  5.8640
  8.4520
  9.6120
 10.6960
 13.9800
 14.8160
 15.0400
 17.9580
 18.4940
 19.1440
 21.3740
 22.1460
 23.1760
 23.2780
 24.0760
 26.4520
 27.2280
 27.4920
 28.1520
 28.9180
 30.5800
 31.1520
 31.4920
 32.2080
 33.4280
 33.7160
 35.9000
 37.1780
 39.1860
 40.8260
 41.7880
 42.9900
 44.0300
 44.3420
 45.4920
 46.8040
 49.7500
 50.8460
 54.2260
 68.0000
 69.4640
 70.9960
 75.1480


#Top pat = 35
-71.5720
-66.2680
-58.1780
-58.0060
-57.3600
-56.8880
-55.8740
-53.4040
-52.0280
-51.9460
-49.3520
-49.2940
-48.8160
-47.8800
-46.5500
-45.1080
-42.6240
-40.9720
-38.5440
-37.6580
-34.4420
-33.0380
-32.9100
-31.9640
-31.1200
-30.0620
-28.9000
-28.8540
-28.4820
-28.1340
-28.0760
-28.0560
-27.6040
-27.2220
-24.4480
-24.1320
-24.0340
-21.3740
-21.1300
-18.3180
-17.1120
-16.1380
-16.0080
-15.3840
-14.8860
-14.7620
-11.9380
-11.4820
-11.1960
-11.1340
-10.8340
 -9.9600
 -6.1400
 -5.5580
 -3.5820
 -2.0780
 -1.5260
 -0.7080
  3.7500
  4.2300
  6.4700
  7.9760
 11.5160
 11.8280
 11.8400
 12.2340
 12.5140
 14.3460
 17.4920
 20.5920
 20.8320
 21.0160
 22.4180
 23.2080
 23.4300
 25.6780
 26.1160
 27.0860
 28.0780
 28.4100
 30.5060
 34.2920
 34.3120
 34.5140
 35.7560
 36.4500
 37.8300
 40.6380
 40.9520
 41.2920
 43.4440
 44.5820
 45.3300
 47.4360
 47.4540
 49.2920
 55.8120
 57.4480
 57.5740
 59.5440


#Top pat = 36
-63.6660
-56.2800
-52.2300
-51.2700
-50.4080
-49.8820
-48.0640
-39.7020
-39.4880
-37.4320
-35.5440
-33.0460
-31.3440
-30.5080
-29.7940
-29.5100
-27.9280
-27.0460
-26.7720
-25.1180
-24.6440
-24.6000
-24.5580
-23.2760
-23.0900
-22.4140
-22.0580
-21.9900
-20.7060
-20.6300
-19.5440
-18.7540
-17.7760
-17.3760
-16.6920
-16.4400
-13.1180
-12.3320
-10.9540
 -7.0360
 -7.0280
 -6.4000
 -6.0160
  1.0740
  1.6440
  2.0720
  3.5460
  7.1160
  8.8600
  9.3880
  9.6020
 10.1240
 10.3580
 13.5060
 15.4920
 15.8820
 18.3040
 20.2920
 20.4760
 20.5960
 21.6540
 22.9300
 23.9680
 23.9900
 24.3280
 25.2880
 27.1660
 28.2200
 28.5700
 30.1600
 31.5220
 32.9280
 33.4600
 34.3620
 34.3760
 35.1280
 36.1140
 36.2260
 36.8720
 36.9720
 40.3380
 40.8060
 41.8760
 42.3060
 42.6980
 43.4460
 45.2240
 45.9800
 46.8800
 47.3860
 48.3360
 48.3760
 48.4480
 49.5500
 50.1880
 52.4900
 56.5500
 58.9400
 60.0520
 62.3200


#Top pat = 37
-56.6460
-56.1540
-54.6520
-52.8100
-52.2160
-51.6540
-50.2620
-49.6000
-47.6920
-45.5000
-43.2920
-42.7080
-38.3140
-37.9940
-33.9020
-32.6620
-29.2440
-29.1600
-28.1920
-27.4040
-27.3900
-27.0740
-26.4380
-26.2980
-26.1780
-25.8860
-22.2120
-22.1480
-21.1640
-20.3540
-17.2460
-17.0820
-16.6040
-16.5400
-14.8980
-13.9160
-13.3120
-12.4580
-12.1420
-11.4740
 -8.8140
 -8.1520
 -8.0200
 -7.4200
 -6.9240
 -5.6700
 -1.7020
  1.4280
  3.0760
  3.8720
  4.6120
  5.0200
  7.3540
  8.1860
  8.3880
  9.3920
 13.3480
 13.9780
 15.1040
 15.2720
 15.3280
 16.0140
 16.3000
 16.6900
 19.1360
 20.3660
 20.5760
 22.2160
 22.2180
 22.4560
 23.0780
 24.3400
 24.8600
 25.4640
 26.4520
 29.8320
 30.0440
 30.8980
 32.8980
 33.2960
 33.5460
 33.5680
 35.3000
 35.4960
 35.7640
 37.3680
 39.5380
 40.6700
 41.2200
 41.5840
 42.2700
 43.2280
 43.6760
 45.4880
 46.0260
 58.0060
 59.9560
 62.2760
 64.9120
 84.5120


#Top pat = 38
-58.5740
-57.1020
-54.7620
-48.3440
-46.1700
-43.5060
-42.3320
-42.0600
-40.6620
-40.6280
-39.5940
-36.7000
-36.4940
-35.4020
-34.6780
-33.7320
-33.1600
-33.0580
-30.9880
-30.8500
-30.4860
-30.1520
-29.3160
-29.0340
-28.5500
-27.9780
-26.9000
-26.2280
-25.4160
-25.1400
-24.6540
-23.1380
-21.7100
-15.7560
-15.7240
-15.3160
-14.8580
-12.1960
-11.0580
-10.4920
 -9.9860
 -8.7040
 -7.6220
 -6.9820
 -3.8820
  4.4800
  6.2300
  7.2960
  7.3460
  8.0340
  8.2800
  8.3240
  9.7560
 10.5920
 14.3280
 14.7640
 16.6900
 17.4400
 18.3680
 18.6740
 18.9000
 20.0180
 20.2040
 20.8780
 22.9400
 24.3620
 24.8060
 29.4740
 29.5320
 30.1340
 31.5920
 31.7140
 32.0900
 32.8460
 34.5460
 35.4020
 36.1340
 37.2600
 38.2140
 39.7220
 41.1220
 41.6100
 43.1680
 43.2840
 43.7900
 46.4940
 46.6380
 46.7720
 47.0420
 47.6420
 48.0580
 49.5800
 52.9360
 53.3920
 54.8120
 55.3980
 60.1360
 61.1540
 61.3580
 65.7260


#Top pat = 39
-73.2100
-63.4720
-62.9160
-60.3360
-58.2060
-57.5560
-57.0400
-52.3160
-52.1220
-51.4440
-50.1300
-49.5560
-49.5140
-49.5000
-48.8760
-47.5980
-43.8740
-43.6640
-39.0760
-38.8560
-38.5660
-38.2640
-36.5200
-34.5820
-34.1280
-33.5900
-33.5140
-32.8360
-31.9620
-30.4300
-30.3800
-29.5320
-29.4100
-29.0680
-24.1620
-21.2880
-19.7260
-19.4160
-17.3480
-17.2800
-15.5500
-15.1240
-13.3980
-13.1200
-13.0540
-12.3440
-12.0820
-11.9020
-11.1680
-10.5660
-10.0280
 -9.6680
 -8.8720
 -6.8340
 -5.5820
  3.0420
  3.5140
  3.8180
  6.1360
  7.0880
  7.7880
  8.4100
 11.0240
 12.6140
 12.6200
 12.7360
 12.9480
 13.3100
 14.0920
 14.7000
 16.0480
 16.6340
 16.9700
 18.2780
 19.2460
 19.3480
 20.1120
 24.1820
 24.5300
 24.6460
 24.9740
 25.5060
 27.0160
 27.4480
 27.4920
 30.0500
 30.9160
 33.4100
 33.5900
 35.6960
 37.6500
 39.4880
 41.5540
 41.6420
 41.6900
 44.2060
 48.1160
 49.4120
 56.8880
 59.0900


#Top pat = 40
-79.0800
-74.4280
-65.6260
-59.7320
-59.4200
-58.6100
-53.6420
-53.0200
-52.8500
-52.1400
-51.7380
-50.4360
-46.5980
-46.3980
-45.4360
-45.2460
-42.6880
-36.4860
-35.9500
-35.3880
-34.2440
-33.6820
-33.4380
-32.6420
-30.5400
-30.2720
-29.9160
-28.3800
-27.7800
-27.3920
-27.3080
-26.8060
-26.1840
-24.3580
-23.5940
-21.2720
-21.1420
-19.5780
-19.2600
-18.6260
-16.5180
-14.2580
-14.0660
-13.4220
-12.2620
-11.7280
 -9.6700
 -8.1900
 -7.3820
 -7.3060
 -6.2840
 -4.9140
 -1.9420
  1.2680
  3.8760
  4.0700
  4.4180
  7.3540
  7.9420
  8.7120
  8.7140
 11.7500
 11.9640
 12.4020
 14.6240
 15.3540
 16.1300
 16.7340
 16.9020
 17.2460
 17.8000
 18.5900
 18.9400
 19.6280
 19.9780
 21.6940
 22.1240
 22.7500
 25.0840
 26.3440
 27.3480
 27.5260
 27.7180
 28.6660
 29.4080
 32.8380
 33.6360
 37.0620
 38.3340
 39.4960
 41.4380
 46.0940
 46.6700
 46.7820
 47.6340
 48.3540
 49.2240
 50.3220
 59.4120
 61.4420


#Top pat = 41
-81.7440
-66.4560
-56.4640
-56.3040
-56.1500
-55.5620
-55.3120
-54.9800
-50.5460
-50.3360
-50.2520
-47.5720
-45.2680
-45.0020
-43.6340
-41.3140
-38.9000
-36.0460
-33.9580
-32.6300
-32.4040
-31.4100
-31.1960
-29.8440
-27.7400
-27.0900
-25.8400
-23.6340
-22.9920
-22.9520
-22.0960
-21.7320
-20.2020
-19.8420
-19.3680
-19.1600
-17.9600
-17.6880
-13.9340
-13.2320
-12.2180
-11.8760
-10.8360
-10.4740
-10.2900
-10.1940
 -8.9840
 -8.1960
 -6.8960
 -6.6540
 -5.8600
 -4.4240
 -2.9180
 -2.6260
 -1.0120
  0.8100
  1.2840
  1.4000
  3.9300
  5.5780
  6.8320
 10.5000
 11.4460
 12.2720
 13.0140
 13.6720
 14.4160
 15.2740
 16.4240
 16.8040
 16.9460
 17.3120
 17.4780
 18.6800
 18.7460
 19.5560
 20.4360
 20.4820
 22.0100
 23.8140
 27.1300
 28.4560
 31.9720
 34.4380
 34.5660
 35.5740
 36.7720
 36.8840
 37.5440
 40.2920
 45.9080
 50.1720
 50.3220
 50.7240
 56.2980
 56.3460
 63.2060
 63.4840
 67.6560
 69.7460


#Top pat = 42
-61.6860
-60.5780
-58.7020
-56.2900
-54.3660
-54.0720
-53.6380
-52.2740
-52.1840
-51.9720
-51.0440
-50.1400
-49.5200
-48.8540
-48.6200
-43.0400
-42.7300
-38.6860
-37.6160
-35.7020
-34.6120
-34.5900
-34.4580
-33.2920
-33.0220
-31.1300
-30.5520
-29.8100
-29.5040
-28.7060
-28.4420
-27.8060
-26.5360
-25.6780
-25.4280
-24.5420
-24.4680
-24.2740
-22.7520
-19.6660
-19.4340
-18.6620
-17.4220
-17.0620
-15.2500
-11.9720
-11.0780
-10.3540
 -9.4620
 -9.2640
 -7.4160
 -6.8760
 -5.3440
 -3.6440
 -3.2440
 -2.9460
 -1.1480
  3.6620
  3.7540
  4.4000
  6.6260
  6.8560
 11.0380
 11.5840
 11.6260
 12.5000
 14.2180
 16.7120
 17.0080
 18.1560
 18.6880
 20.1860
 20.7720
 23.4420
 23.9660
 27.0720
 28.6000
 29.3440
 29.6860
 30.1240
 31.3040
 33.3360
 33.5200
 33.9620
 36.3660
 37.7820
 41.5980
 44.7000
 45.9340
 46.1860
 47.8880
 50.2000
 51.8560
 52.6500
 52.8160
 53.4660
 54.0640
 54.5660
 62.0140
 63.2560


#Top pat = 43
-59.7380
-57.9380
-57.4580
-54.1880
-49.3060
-48.6120
-44.7640
-44.1440
-42.4480
-40.6100
-40.0260
-39.2380
-38.9380
-37.7700
-37.6180
-36.9280
-36.3780
-36.1360
-36.0860
-35.8640
-34.7680
-33.1600
-32.5320
-29.4380
-29.4280
-29.3200
-27.9060
-27.7480
-27.3740
-27.2480
-26.7100
-26.4120
-26.2920
-24.4380
-22.3660
-21.4200
-21.1880
-21.0140
-20.2600
-19.4920
-17.5380
-17.4740
-17.1580
-15.3920
-14.9200
-14.6860
-13.0300
-10.7240
 -9.2760
 -9.2740
 -8.4260
 -7.8220
 -7.3200
 -7.0580
 -4.3360
 -1.2420
 -0.7380
  1.3880
  3.3140
  5.7840
  6.7320
  7.4780
  8.8520
 12.7000
 14.7700
 15.9500
 16.7060
 18.4380
 18.9380
 19.6380
 20.6920
 20.9240
 21.2100
 21.3360
 21.4980
 22.9680
 23.0600
 24.1260
 29.5440
 30.4120
 30.5160
 31.4700
 31.8040
 31.9500
 33.3080
 33.4640
 34.2100
 35.1860
 35.7780
 36.1240
 36.2760
 45.7780
 46.0840
 47.0500
 48.4180
 52.9340
 61.7440
 63.8060
 73.6240
 84.0460


#Top pat = 44
-67.1100
-65.5960
-63.7340
-62.3480
-57.9620
-52.2680
-48.8840
-48.8780
-48.3840
-46.7580
-46.3080
-44.7380
-44.7280
-40.6320
-40.3200
-39.9740
-39.3760
-38.5120
-37.9160
-36.6700
-33.0280
-30.9300
-30.0140
-28.5940
-28.5600
-26.1580
-24.9080
-24.0000
-23.6240
-23.2260
-22.3960
-21.7340
-21.5200
-20.0500
-19.1840
-17.8340
-17.2480
-16.7200
-14.5040
-14.4280
-14.3820
-13.7860
-13.5780
-12.1160
-10.6700
-10.3900
-10.2440
-10.1920
 -9.4140
 -8.3040
 -6.5260
 -6.4780
 -6.2460
 -5.7600
 -4.8720
 -4.7580
 -3.5400
  0.1540
  1.3020
  3.7280
  6.7740
  6.9700
  7.5640
 10.1700
 11.9180
 14.7440
 15.7920
 18.3360
 19.7360
 19.9180
 21.9220
 23.2480
 23.6560
 24.1540
 25.9600
 27.2780
 28.6580
 29.8740
 29.9040
 30.5160
 30.9700
 32.1400
 32.5980
 35.2000
 35.7240
 38.5360
 39.5580
 40.3460
 42.0100
 42.2880
 42.9040
 43.3400
 46.7260
 51.9700
 53.8040
 53.8400
 59.1240
 62.7120
 66.1200
 67.4540


#Top pat = 45
-74.3660
-63.8400
-62.9580
-58.0300
-54.2440
-54.2220
-50.5900
-50.4060
-49.0300
-48.2240
-48.0340
-46.2780
-45.4600
-44.7680
-42.9060
-40.4760
-40.2100
-38.9220
-37.9900
-37.4720
-36.8620
-33.3480
-31.3740
-31.0260
-29.6740
-29.5920
-29.5000
-29.1820
-27.0780
-26.9840
-26.6780
-26.4780
-24.2360
-23.2740
-22.4280
-21.3720
-20.2780
-19.7560
-17.9240
-15.3960
-14.3660
-13.9840
-13.1380
-12.4940
-12.3680
-10.2560
 -8.9840
 -8.9280
 -8.0680
 -7.2200
 -6.8120
 -6.8020
 -3.6160
 -1.1420
 -0.6320
  3.1680
  4.4900
  6.8440
  6.8940
  7.3900
  7.5420
  8.6340
  9.5000
 10.1800
 11.7880
 11.9060
 12.0040
 14.2580
 14.4180
 14.6960
 15.1260
 15.3100
 16.1440
 21.0460
 22.0600
 24.0600
 25.2540
 25.6640
 26.0780
 26.5320
 29.0620
 29.0900
 29.3800
 30.1020
 32.6540
 33.0820
 35.2940
 38.3780
 38.4740
 38.8780
 38.9680
 39.3920
 40.2240
 41.8640
 44.2640
 49.5060
 50.1880
 57.4380
 58.9700
 70.3540


#Top pat = 46
-76.0840
-69.4400
-61.7860
-57.9500
-50.2380
-49.8600
-49.6700
-47.7140
-47.5340
-47.5060
-46.5080
-45.6620
-44.8260
-44.6480
-41.9240
-41.3080
-40.9920
-40.3160
-37.1700
-37.1580
-36.4820
-36.0160
-35.7100
-35.5040
-35.1880
-33.7600
-32.0960
-31.2000
-31.1080
-29.7360
-29.0580
-28.3320
-27.4160
-27.0060
-25.2360
-24.3140
-23.6420
-22.8600
-22.1180
-22.0480
-19.4560
-18.8100
-17.0440
-16.6960
-16.0980
-13.3800
-13.2660
-12.9820
-10.9200
-10.5560
-10.5440
 -7.0320
 -6.9280
 -6.5160
 -5.3260
 -3.9520
 -2.0880
 -1.3000
 -1.2540
  3.5180
  3.5460
  9.8820
 10.2700
 16.2320
 17.6080
 18.6660
 20.7720
 21.7880
 22.9480
 23.0460
 23.6340
 27.5660
 28.1640
 30.5020
 30.9160
 31.0160
 31.8940
 32.3720
 32.9100
 33.7540
 34.1580
 34.5700
 34.6540
 35.1800
 35.2180
 37.5060
 39.6740
 44.9440
 47.2220
 47.6500
 48.2800
 50.0060
 57.3640
 58.3980
 58.4260
 58.7720
 58.9200
 59.7860
 63.3080
 67.6360


#Top pat = 47
-69.5320
-69.4340
-69.0080
-68.3840
-68.2160
-55.8180
-54.3480
-51.2280
-49.4940
-45.5180
-44.3280
-44.1980
-43.5200
-43.0360
-42.2460
-41.8520
-41.0980
-39.8300
-36.8120
-36.3160
-35.8800
-34.0160
-32.7560
-30.4960
-28.8180
-28.5700
-28.1760
-27.5000
-26.6220
-24.5800
-24.4980
-24.2920
-23.8940
-23.6160
-23.5060
-22.9620
-22.6220
-20.8200
-19.6280
-19.1140
-17.4880
-16.8640
-16.6940
-16.3100
-16.2780
-15.9280
-15.6320
-13.4420
-13.1520
 -4.8380
 -3.0380
 -0.7760
 -0.0980
  0.7620
  1.2480
  1.9600
  6.8140
  9.4400
 12.3860
 12.8100
 13.5360
 14.1360
 15.7520
 15.7700
 16.7340
 18.0720
 19.0700
 20.0100
 20.0780
 20.4480
 22.5960
 22.8740
 23.6560
 28.0400
 28.9020
 31.9540
 32.1760
 33.5180
 34.3160
 34.5980
 34.6660
 34.8560
 35.6660
 37.7760
 38.4280
 39.5120
 39.9900
 42.3300
 45.5180
 45.9000
 46.3300
 47.8360
 48.8280
 50.0300
 50.0740
 50.1340
 51.5540
 54.7600
 62.2100
 67.4460


#Top pat = 48
-69.7520
-69.5040
-67.2540
-63.3340
-60.8720
-59.7000
-58.4180
-51.1720
-50.6420
-50.2300
-46.8600
-44.9860
-43.4300
-41.3500
-39.4860
-37.5160
-34.3520
-34.1940
-33.9940
-33.5160
-32.5220
-31.9220
-30.6240
-30.5920
-29.8460
-29.4080
-27.3460
-27.2460
-25.8420
-25.5480
-25.4420
-23.3160
-21.9000
-17.8440
-15.2220
-13.8180
-13.7180
-13.2200
 -9.5380
 -6.3660
 -5.8960
 -5.4680
 -4.1540
 -4.1160
 -0.7180
  2.4620
  4.5000
  9.3240
 10.3160
 10.8520
 11.2680
 12.1820
 12.8460
 13.0120
 14.1200
 14.1680
 15.4680
 17.9760
 18.0700
 19.2020
 19.2040
 19.4820
 20.3700
 21.4180
 22.4400
 22.9400
 22.9980
 23.7440
 24.0220
 24.1000
 26.1420
 26.7400
 26.9760
 27.1820
 30.0360
 30.2160
 30.3840
 30.6840
 31.7120
 32.6600
 34.6560
 34.8560
 35.3060
 35.3840
 39.9900
 42.7060
 45.1500
 45.2980
 45.7440
 46.0700
 47.1740
 47.5800
 48.6120
 48.8820
 51.8540
 55.0660
 58.6300
 65.1240
 71.9360
 80.4560


#Top pat = 49
-71.7120
-55.7040
-54.4380
-53.2240
-51.8980
-50.8160
-46.2660
-44.1720
-44.0780
-43.9400
-43.1620
-42.5700
-42.5400
-42.3760
-40.4760
-40.0580
-39.6720
-38.1580
-38.1320
-37.9700
-36.8940
-35.7760
-34.0200
-32.4200
-31.5180
-30.9880
-28.7000
-28.0280
-25.9540
-24.5620
-24.4580
-22.7280
-20.7640
-18.2400
-16.4440
-15.3080
-13.3520
-13.2640
-11.9760
-10.2420
 -9.1460
 -8.1320
 -7.4340
 -6.6500
 -6.0060
 -5.3060
 -4.7920
 -4.7880
 -3.6180
 -0.9040
  1.5440
  3.4500
  3.5400
  6.2240
  7.6660
  7.6960
  8.9200
 10.1020
 10.5980
 11.7660
 12.4540
 13.0920
 14.7280
 15.9900
 16.0700
 20.9420
 21.0440
 21.1480
 22.1280
 22.6300
 23.9100
 25.0240
 26.2880
 27.0480
 27.2660
 29.2440
 30.9640
 31.1120
 31.6800
 33.5520
 33.7920
 34.2000
 34.3200
 36.2840
 38.8800
 39.0520
 39.1280
 39.2200
 40.1100
 41.4380
 42.6620
 44.0580
 44.9240
 47.6840
 49.1900
 52.4900
 55.7660
 56.0020
 65.3400
 80.4200


#Top pat = 50
-76.4540
-67.3500
-66.2520
-62.8140
-59.5280
-57.1480
-54.3820
-54.1500
-53.9920
-51.1680
-38.1460
-37.8760
-37.2480
-35.4900
-33.9640
-31.7960
-31.1620
-24.3300
-24.2940
-23.7640
-23.2920
-22.5240
-21.6100
-19.2140
-18.7400
-17.7880
-17.2520
-17.1900
-16.7720
-15.9860
-15.9060
-14.5620
-14.3940
-14.0320
-13.4960
-13.2220
-13.1620
-13.0180
-12.6980
-12.4100
-12.1460
-11.9580
-11.6880
-10.8240
 -9.8960
 -8.3220
 -8.3020
 -7.4620
 -5.0100
 -4.9580
 -2.5960
  1.5140
  4.5700
  4.7100
  7.9000
  8.5640
  9.4760
  9.6160
 11.0760
 11.9180
 12.9640
 13.8260
 14.7020
 14.9460
 15.5140
 16.2400
 16.5200
 16.5500
 17.9820
 18.3360
 20.4520
 21.2420
 21.8880
 23.8720
 23.9680
 24.1760
 27.3160
 27.6940
 28.6920
 31.9220
 32.2040
 32.4660
 32.4860
 33.5320
 34.0040
 35.3540
 35.5220
 39.1420
 39.6600
 41.5840
 42.1140
 42.4620
 43.2840
 44.1640
 44.5080
 47.1800
 49.3200
 50.4920
 51.8120
 65.8180


