stabilityAvg: 1.000 
DistAvg: 0.000 
basinsizeAvg: 0.000 
basinsizeErr: 0.000 
stabilityAvg: 1.000 1.000 
DistAvg: 0.000 0.000 
basinsizeAvg: 0.000 0.000 
basinsizeErr: 0.000 0.000 
stabilityAvg: 1.000 0.970 1.000 
DistAvg: 0.000 0.540 0.000 
basinsizeAvg: 0.000 0.000 0.000 
basinsizeErr: 0.000 0.000 0.000 
stabilityAvg: 1.000 0.910 1.000 1.000 
DistAvg: 0.000 2.180 0.000 0.000 
basinsizeAvg: 0.000 0.000 0.000 0.000 
basinsizeErr: 0.000 0.000 0.000 0.000 
stabilityAvg: 1.000 0.870 0.910 0.990 1.000 
DistAvg: 0.000 3.530 1.880 0.270 0.000 
basinsizeAvg: 0.000 0.000 0.000 0.000 0.000 
basinsizeErr: 0.000 0.000 0.000 0.000 0.000 
stabilityAvg: 0.990 0.830 0.830 0.850 0.940 1.000 
DistAvg: 0.030 5.660 3.840 2.050 0.960 0.000 
basinsizeAvg: 0.000 0.000 0.000 0.000 0.000 0.000 
basinsizeErr: 0.000 0.000 0.000 0.000 0.000 0.000 
stabilityAvg: 0.970 0.820 0.790 0.740 0.770 0.890 1.000 
DistAvg: 0.300 5.990 5.060 6.700 3.180 1.990 0.000 
basinsizeAvg: 0.000 0.000 0.000 0.000 0.000 0.000 0.000 
basinsizeErr: 0.000 0.000 0.000 0.000 0.000 0.000 0.000 
stabilityAvg: 0.950 0.810 0.760 0.670 0.660 0.790 0.940 1.000 
DistAvg: 0.440 6.450 6.360 8.270 6.740 4.320 0.430 0.000 
basinsizeAvg: 0.000 0.000 0.000 0.000 0.000 0.000 0.000 0.000 
basinsizeErr: 0.000 0.000 0.000 0.000 0.000 0.000 0.000 0.000 
stabilityAvg: 0.940 0.730 0.680 0.600 0.590 0.650 0.730 0.950 1.000 
DistAvg: 1.030 8.420 8.090 12.370 9.740 8.600 5.950 0.800 0.000 
basinsizeAvg: 0.000 0.000 0.000 0.000 0.000 0.000 0.000 0.000 0.000 
basinsizeErr: 0.000 0.000 0.000 0.000 0.000 0.000 0.000 0.000 0.000 
stabilityAvg: 0.850 0.660 0.620 0.550 0.530 0.530 0.530 0.830 0.970 1.000 
DistAvg: 1.720 10.780 10.660 14.230 13.720 14.020 10.620 2.680 0.620 0.000 
basinsizeAvg: 0.000 0.000 0.000 0.000 0.000 0.000 0.000 0.000 0.000 0.000 
basinsizeErr: 0.000 0.000 0.000 0.000 0.000 0.000 0.000 0.000 0.000 0.000 
stabilityAvg: 0.800 0.600 0.580 0.500 0.430 0.450 0.420 0.600 0.800 0.940 1.000 
DistAvg: 2.670 10.420 12.420 17.940 11.580 14.690 17.110 7.570 3.260 0.700 0.000 
basinsizeAvg: 0.000 0.000 0.000 0.000 0.000 0.000 0.000 0.000 0.000 0.000 0.000 
basinsizeErr: 0.000 0.000 0.000 0.000 0.000 0.000 0.000 0.000 0.000 0.000 0.000 
stabilityAvg: 0.730 0.500 0.500 0.410 0.400 0.400 0.340 0.410 0.620 0.850 0.890 1.000 
DistAvg: 3.290 14.950 17.170 18.260 18.400 19.620 19.620 13.170 7.970 3.110 1.190 0.000 
basinsizeAvg: 0.000 0.000 0.000 0.000 0.000 0.000 0.000 0.000 0.000 0.000 0.000 0.000 
basinsizeErr: 0.000 0.000 0.000 0.000 0.000 0.000 0.000 0.000 0.000 0.000 0.000 0.000 
stabilityAvg: 0.520 0.450 0.430 0.330 0.340 0.380 0.270 0.320 0.460 0.660 0.690 0.910 1.000 
DistAvg: 5.740 16.000 19.740 22.070 21.430 20.050 24.630 19.980 13.700 5.930 7.340 2.030 0.000 
basinsizeAvg: 0.000 0.000 0.000 0.000 0.000 0.000 0.000 0.000 0.000 0.000 0.000 0.000 0.000 
basinsizeErr: 0.000 0.000 0.000 0.000 0.000 0.000 0.000 0.000 0.000 0.000 0.000 0.000 0.000 
stabilityAvg: 0.490 0.360 0.330 0.310 0.300 0.310 0.190 0.280 0.350 0.470 0.460 0.710 0.870 1.000 
DistAvg: 11.820 19.660 22.030 26.790 22.710 23.450 29.080 23.980 19.460 14.250 12.890 5.320 2.870 0.000 
basinsizeAvg: 0.000 0.000 0.000 0.000 0.000 0.000 0.000 0.000 0.000 0.000 0.000 0.000 0.000 0.000 
basinsizeErr: 0.000 0.000 0.000 0.000 0.000 0.000 0.000 0.000 0.000 0.000 0.000 0.000 0.000 0.000 
stabilityAvg: 0.330 0.250 0.270 0.220 0.240 0.250 0.120 0.250 0.240 0.310 0.370 0.560 0.670 0.950 1.000 
DistAvg: 14.520 25.660 26.700 30.470 28.950 30.220 31.830 27.070 27.400 20.830 19.850 8.290 7.150 0.960 0.000 
basinsizeAvg: 0.000 0.000 0.000 0.000 0.000 0.000 0.000 0.000 0.000 0.000 0.000 0.000 0.000 0.000 0.000 
basinsizeErr: 0.000 0.000 0.000 0.000 0.000 0.000 0.000 0.000 0.000 0.000 0.000 0.000 0.000 0.000 0.000 
stabilityAvg: 0.240 0.220 0.250 0.190 0.210 0.170 0.120 0.140 0.160 0.190 0.250 0.430 0.530 0.630 0.910 1.000 
DistAvg: 20.260 34.470 29.170 30.990 29.200 26.720 38.710 33.570 33.240 26.610 24.320 18.420 12.610 7.820 0.830 0.000 
basinsizeAvg: 0.000 0.000 0.000 0.000 0.000 0.000 0.000 0.000 0.000 0.000 0.000 0.000 0.000 0.000 0.000 0.000 
basinsizeErr: 0.000 0.000 0.000 0.000 0.000 0.000 0.000 0.000 0.000 0.000 0.000 0.000 0.000 0.000 0.000 0.000 
stabilityAvg: 0.140 0.180 0.200 0.150 0.140 0.160 0.100 0.120 0.080 0.130 0.140 0.280 0.350 0.500 0.690 0.860 1.000 
DistAvg: 28.170 30.750 33.250 32.670 32.330 34.990 38.930 34.000 33.890 31.330 30.340 21.190 21.240 12.370 6.360 2.480 0.000 
basinsizeAvg: 0.000 0.000 0.000 0.000 0.000 0.000 0.000 0.000 0.000 0.000 0.000 0.000 0.000 0.000 0.000 0.000 0.000 
basinsizeErr: 0.000 0.000 0.000 0.000 0.000 0.000 0.000 0.000 0.000 0.000 0.000 0.000 0.000 0.000 0.000 0.000 0.000 
stabilityAvg: 0.100 0.140 0.090 0.110 0.090 0.130 0.090 0.080 0.100 0.090 0.130 0.210 0.230 0.300 0.490 0.730 0.930 1.000 
DistAvg: 35.910 32.350 38.130 37.510 40.130 38.380 41.760 39.990 41.810 33.400 30.270 30.180 26.580 30.050 12.310 6.050 1.420 0.000 
basinsizeAvg: 0.000 0.000 0.000 0.000 0.000 0.000 0.000 0.000 0.000 0.000 0.000 0.000 0.000 0.000 0.000 0.000 0.000 0.000 
basinsizeErr: 0.000 0.000 0.000 0.000 0.000 0.000 0.000 0.000 0.000 0.000 0.000 0.000 0.000 0.000 0.000 0.000 0.000 0.000 
stabilityAvg: 0.100 0.070 0.060 0.100 0.060 0.090 0.060 0.050 0.090 0.050 0.050 0.170 0.160 0.240 0.370 0.440 0.710 0.910 1.000 
DistAvg: 33.540 43.670 42.630 41.270 51.010 42.590 47.290 44.210 41.990 43.570 37.450 35.380 26.960 27.690 21.180 15.230 8.070 0.860 0.000 
basinsizeAvg: 0.000 0.000 0.000 0.000 0.000 0.000 0.000 0.000 0.000 0.000 0.000 0.000 0.000 0.000 0.000 0.000 0.000 0.000 0.000 
basinsizeErr: 0.000 0.000 0.000 0.000 0.000 0.000 0.000 0.000 0.000 0.000 0.000 0.000 0.000 0.000 0.000 0.000 0.000 0.000 0.000 
stabilityAvg: 0.080 0.060 0.040 0.070 0.040 0.090 0.050 0.020 0.070 0.040 0.060 0.120 0.090 0.130 0.250 0.380 0.540 0.740 0.920 1.000 
DistAvg: 39.310 42.220 48.940 46.620 49.340 44.370 49.080 44.630 47.250 44.820 41.650 42.620 38.300 32.370 24.230 17.370 13.830 9.640 2.910 0.000 
basinsizeAvg: 0.000 0.000 0.000 0.000 0.000 0.000 0.000 0.000 0.000 0.000 0.000 0.000 0.000 0.000 0.000 0.000 0.000 0.000 0.000 0.000 
basinsizeErr: 0.000 0.000 0.000 0.000 0.000 0.000 0.000 0.000 0.000 0.000 0.000 0.000 0.000 0.000 0.000 0.000 0.000 0.000 0.000 0.000 
stabilityAvg: 0.040 0.060 0.030 0.050 0.010 0.070 0.030 0.020 0.050 0.030 0.070 0.080 0.060 0.070 0.190 0.260 0.370 0.480 0.740 0.870 1.000 
DistAvg: 41.410 50.250 49.600 54.610 57.000 44.970 57.340 50.570 53.430 49.690 52.510 45.400 47.840 40.570 36.220 25.100 19.450 14.930 11.040 4.260 0.000 
basinsizeAvg: 0.000 0.000 0.000 0.000 0.000 0.000 0.000 0.000 0.000 0.000 0.000 0.000 0.000 0.000 0.000 0.000 0.000 0.000 0.000 0.000 0.000 
basinsizeErr: 0.000 0.000 0.000 0.000 0.000 0.000 0.000 0.000 0.000 0.000 0.000 0.000 0.000 0.000 0.000 0.000 0.000 0.000 0.000 0.000 0.000 
stabilityAvg: 0.040 0.030 0.040 0.040 0.000 0.050 0.030 0.000 0.030 0.000 0.050 0.040 0.040 0.030 0.120 0.160 0.250 0.330 0.520 0.610 0.920 1.000 
DistAvg: 57.860 59.600 47.700 54.670 52.780 53.800 51.700 56.390 58.390 64.530 52.570 55.040 49.070 45.840 38.330 37.500 31.490 22.720 15.230 7.870 1.720 0.000 
basinsizeAvg: 0.000 0.000 0.000 0.000 1.000 0.000 0.000 1.000 0.000 1.000 0.000 0.000 0.000 0.000 0.000 0.000 0.000 0.000 0.000 0.000 0.000 0.000 
basinsizeErr: 0.000 0.000 0.000 0.000 0.000 0.000 0.000 0.000 0.000 0.000 0.000 0.000 0.000 0.000 0.000 0.000 0.000 0.000 0.000 0.000 0.000 0.000 
stabilityAvg: 0.020 0.020 0.040 0.020 0.010 0.020 0.030 0.000 0.020 0.010 0.020 0.020 0.010 0.010 0.070 0.090 0.160 0.250 0.370 0.470 0.700 0.860 1.000 
DistAvg: 51.180 64.990 57.650 56.730 57.920 53.890 63.770 51.850 62.000 57.010 62.690 56.420 49.810 53.350 42.750 39.390 41.740 30.660 29.800 20.330 5.670 3.950 0.000 
basinsizeAvg: 0.000 0.000 0.000 0.000 0.000 0.000 0.000 1.000 0.000 0.000 0.000 0.000 0.000 0.000 0.000 0.000 0.000 0.000 0.000 0.000 0.000 0.000 0.000 
basinsizeErr: 0.000 0.000 0.000 0.000 0.000 0.000 0.000 0.000 0.000 0.000 0.000 0.000 0.000 0.000 0.000 0.000 0.000 0.000 0.000 0.000 0.000 0.000 0.000 
stabilityAvg: 0.010 0.030 0.010 0.010 0.000 0.040 0.020 0.010 0.000 0.000 0.000 0.010 0.010 0.020 0.060 0.060 0.090 0.160 0.230 0.280 0.520 0.650 0.820 1.000 
DistAvg: 66.640 64.360 59.740 55.440 64.150 57.700 64.050 60.540 60.520 60.120 60.480 56.930 58.860 55.710 49.100 46.760 38.070 46.100 37.290 28.740 13.800 10.040 1.050 0.000 
basinsizeAvg: 0.000 0.000 0.000 0.000 1.000 0.000 0.000 0.000 1.000 1.000 1.000 0.000 0.000 0.000 0.000 0.000 0.000 0.000 0.000 0.000 0.000 0.000 0.000 0.000 
basinsizeErr: 0.000 0.000 0.000 0.000 0.000 0.000 0.000 0.000 0.000 0.000 0.000 0.000 0.000 0.000 0.000 0.000 0.000 0.000 0.000 0.000 0.000 0.000 0.000 0.000 
stabilityAvg: 0.010 0.020 0.000 0.010 0.000 0.010 0.010 0.000 0.000 0.000 0.000 0.000 0.000 0.010 0.040 0.050 0.060 0.130 0.130 0.180 0.300 0.430 0.690 0.900 1.000 
DistAvg: 57.810 64.380 58.650 57.010 61.880 63.240 68.850 64.440 71.450 64.130 65.840 63.560 54.640 56.950 53.750 54.590 51.710 51.150 45.460 39.840 35.660 17.980 7.060 5.740 0.000 
basinsizeAvg: 0.000 0.000 1.000 0.000 1.000 0.000 0.000 1.000 1.000 1.000 1.000 1.000 1.000 0.000 0.000 0.000 0.000 0.000 0.000 0.000 0.000 0.000 0.000 0.000 0.000 
basinsizeErr: 0.000 0.000 0.000 0.000 0.000 0.000 0.000 0.000 0.000 0.000 0.000 0.000 0.000 0.000 0.000 0.000 0.000 0.000 0.000 0.000 0.000 0.000 0.000 0.000 0.000 
stabilityAvg: 0.010 0.010 0.000 0.010 0.000 0.000 0.010 0.000 0.000 0.000 0.000 0.010 0.000 0.020 0.030 0.020 0.050 0.100 0.090 0.120 0.180 0.240 0.540 0.660 0.890 1.000 
DistAvg: 62.000 66.600 62.720 65.350 71.960 80.690 65.070 78.770 75.200 71.480 68.600 71.400 66.760 70.360 60.210 53.060 58.230 55.840 43.500 41.440 35.990 31.970 20.730 12.630 2.600 0.000 
basinsizeAvg: 0.000 0.000 1.000 0.000 1.000 1.000 0.000 1.000 1.000 1.000 1.000 0.000 1.000 0.000 0.000 0.000 0.000 0.000 0.000 0.000 0.000 0.000 0.000 0.000 0.000 0.000 
basinsizeErr: 0.000 0.000 0.000 0.000 0.000 0.000 0.000 0.000 0.000 0.000 0.000 0.000 0.000 0.000 0.000 0.000 0.000 0.000 0.000 0.000 0.000 0.000 0.000 0.000 0.000 0.000 
stabilityAvg: 0.010 0.010 0.000 0.000 0.000 0.000 0.010 0.000 0.000 0.000 0.000 0.000 0.010 0.000 0.000 0.020 0.030 0.070 0.040 0.100 0.150 0.180 0.350 0.510 0.720 0.870 1.000 
DistAvg: 67.950 64.800 64.360 66.220 66.060 69.470 69.100 73.790 68.080 75.620 67.540 68.710 71.810 61.760 63.210 67.310 57.910 51.950 63.610 51.780 39.520 41.730 23.000 19.600 9.340 4.030 0.000 
basinsizeAvg: 0.000 0.000 1.000 1.000 1.000 1.000 0.000 1.000 1.000 1.000 1.000 1.000 0.000 1.000 1.000 0.000 0.000 0.000 0.000 0.000 0.000 0.000 0.000 0.000 0.000 0.000 0.000 
basinsizeErr: 0.000 0.000 0.000 0.000 0.000 0.000 0.000 0.000 0.000 0.000 0.000 0.000 0.000 0.000 0.000 0.000 0.000 0.000 0.000 0.000 0.000 0.000 0.000 0.000 0.000 0.000 0.000 
stabilityAvg: 0.010 0.000 0.000 0.000 0.000 0.000 0.000 0.000 0.000 0.000 0.000 0.000 0.000 0.000 0.010 0.010 0.010 0.040 0.030 0.050 0.110 0.120 0.240 0.270 0.520 0.670 0.910 1.000 
DistAvg: 75.240 74.660 79.080 73.210 79.480 85.100 74.680 72.040 78.780 69.450 83.210 73.940 69.780 68.910 73.390 60.340 66.280 73.670 66.570 53.590 49.880 47.960 27.190 36.820 22.410 9.130 0.730 0.000 
basinsizeAvg: 0.000 1.000 1.000 1.000 1.000 1.000 1.000 1.000 1.000 1.000 1.000 1.000 1.000 1.000 0.000 0.000 0.000 0.000 0.000 0.000 0.000 0.000 0.000 0.000 0.000 0.000 0.000 0.000 
basinsizeErr: 0.000 0.000 0.000 0.000 0.000 0.000 0.000 0.000 0.000 0.000 0.000 0.000 0.000 0.000 0.000 0.000 0.000 0.000 0.000 0.000 0.000 0.000 0.000 0.000 0.000 0.000 0.000 0.000 
stabilityAvg: 0.000 0.000 0.000 0.000 0.000 0.000 0.000 0.000 0.000 0.000 0.000 0.000 0.000 0.000 0.000 0.000 0.010 0.040 0.030 0.030 0.030 0.060 0.140 0.180 0.350 0.460 0.680 0.830 1.000 
DistAvg: 75.390 85.160 76.220 73.040 70.560 73.950 76.320 75.750 76.330 76.050 80.360 79.490 74.020 80.860 76.180 63.560 68.110 71.380 68.810 66.860 60.380 54.830 38.260 42.040 35.980 20.930 16.990 3.240 0.000 
basinsizeAvg: 1.000 1.000 1.000 1.000 1.000 1.000 1.000 1.000 1.000 1.000 1.000 1.000 1.000 1.000 1.000 1.000 0.000 0.000 0.000 0.000 0.000 0.000 0.000 0.000 0.000 0.000 0.000 0.000 0.000 
basinsizeErr: 0.000 0.000 0.000 0.000 0.000 0.000 0.000 0.000 0.000 0.000 0.000 0.000 0.000 0.000 0.000 0.000 0.000 0.000 0.000 0.000 0.000 0.000 0.000 0.000 0.000 0.000 0.000 0.000 0.000 
stabilityAvg: 0.000 0.000 0.000 0.000 0.000 0.000 0.000 0.000 0.000 0.000 0.000 0.000 0.000 0.000 0.000 0.000 0.010 0.020 0.000 0.010 0.020 0.030 0.120 0.100 0.280 0.370 0.450 0.610 0.840 1.000 
DistAvg: 79.800 73.240 81.030 83.840 85.420 81.640 85.690 81.690 80.490 79.570 87.320 75.710 78.430 77.370 76.990 81.170 73.820 64.720 67.140 71.180 68.280 58.920 51.840 56.500 33.710 24.290 27.360 10.730 2.590 0.000 
basinsizeAvg: 1.000 1.000 1.000 1.000 1.000 1.000 1.000 1.000 1.000 1.000 1.000 1.000 1.000 1.000 1.000 1.000 0.000 0.000 1.000 0.000 0.000 0.000 0.000 0.000 0.000 0.000 0.000 0.000 0.000 0.000 
basinsizeErr: 0.000 0.000 0.000 0.000 0.000 0.000 0.000 0.000 0.000 0.000 0.000 0.000 0.000 0.000 0.000 0.000 0.000 0.000 0.000 0.000 0.000 0.000 0.000 0.000 0.000 0.000 0.000 0.000 0.000 0.000 
stabilityAvg: 0.000 0.000 0.000 0.000 0.000 0.000 0.000 0.000 0.000 0.000 0.000 0.000 0.000 0.000 0.000 0.010 0.000 0.010 0.000 0.010 0.020 0.010 0.040 0.090 0.170 0.270 0.350 0.440 0.630 0.870 1.000 
DistAvg: 86.770 85.720 79.750 80.130 68.070 76.400 80.050 91.000 74.310 81.820 85.560 73.990 84.850 73.400 86.620 76.460 75.680 68.160 76.240 80.910 62.700 59.300 60.160 62.800 43.240 44.560 28.250 22.730 12.530 5.930 0.000 
basinsizeAvg: 1.000 1.000 1.000 1.000 1.000 1.000 1.000 1.000 1.000 1.000 1.000 1.000 1.000 1.000 1.000 0.000 1.000 0.000 1.000 0.000 0.000 0.000 0.000 0.000 0.000 0.000 0.000 0.000 0.000 0.000 0.000 
basinsizeErr: 0.000 0.000 0.000 0.000 0.000 0.000 0.000 0.000 0.000 0.000 0.000 0.000 0.000 0.000 0.000 0.000 0.000 0.000 0.000 0.000 0.000 0.000 0.000 0.000 0.000 0.000 0.000 0.000 0.000 0.000 0.000 
stabilityAvg: 0.000 0.000 0.000 0.000 0.000 0.000 0.000 0.000 0.000 0.000 0.000 0.000 0.000 0.000 0.000 0.010 0.010 0.010 0.000 0.010 0.010 0.000 0.040 0.040 0.070 0.190 0.160 0.320 0.480 0.630 0.890 1.000 
DistAvg: 87.790 85.610 83.940 92.250 87.150 92.560 91.020 80.260 89.790 84.260 87.330 81.790 83.430 90.750 83.490 78.320 80.370 81.920 85.430 85.080 75.960 73.570 67.150 69.070 54.500 43.480 48.440 42.500 29.600 13.750 2.620 0.000 
basinsizeAvg: 1.000 1.000 1.000 1.000 1.000 1.000 1.000 1.000 1.000 1.000 1.000 1.000 1.000 1.000 1.000 0.000 0.000 0.000 1.000 0.000 0.000 1.000 0.000 0.000 0.000 0.000 0.000 0.000 0.000 0.000 0.000 0.000 
basinsizeErr: 0.000 0.000 0.000 0.000 0.000 0.000 0.000 0.000 0.000 0.000 0.000 0.000 0.000 0.000 0.000 0.000 0.000 0.000 0.000 0.000 0.000 0.000 0.000 0.000 0.000 0.000 0.000 0.000 0.000 0.000 0.000 0.000 

