#Net100seed1180032182.net delta.train 1180032182
#Top pat = 10
 30.8000
 73.8000
 76.8000
 79.4000
 79.4000
 80.0000
 80.4000
 80.8000
 80.8000
 81.0000
 81.0000
 81.8000
 81.8000
 81.8000
 82.4000
 83.0000
 83.6000
 83.6000
 83.8000
 83.8000
 84.2000
 84.4000
 84.4000
 84.6000
 84.8000
 84.8000
 85.0000
 85.2000
 85.2000
 85.4000
 85.8000
 85.8000
 86.0000
 86.4000
 86.4000
 86.8000
 87.0000
 87.6000
 88.0000
 88.0000
 88.4000
 88.8000
 89.0000
 89.8000
 90.0000
 90.0000
 90.6000
 90.6000
 90.8000
 91.2000
 91.2000
 91.2000
 91.4000
 92.0000
 92.6000
 92.8000
 92.8000
 93.0000
 93.2000
 93.4000
 93.4000
 93.4000
 93.8000
 94.0000
 94.2000
 94.2000
 94.6000
 95.0000
 96.2000
 96.2000
 96.4000
 96.6000
 97.0000
 97.4000
 97.4000
 98.6000
 98.8000
 98.8000
 98.8000
 99.0000
 99.4000
 99.6000
 99.8000
100.4000
100.4000
100.6000
100.8000
101.0000
101.2000
101.2000
101.6000
101.8000
102.6000
102.8000
103.8000
105.0000
105.2000
105.4000
105.4000
106.0000


#Top pat = 11
 29.8000
 72.8000
 75.8000
 78.2000
 78.4000
 79.0000
 79.4000
 79.6000
 79.6000
 79.8000
 80.4000
 80.6000
 80.8000
 80.8000
 81.4000
 81.8000
 82.8000
 82.8000
 82.8000
 83.0000
 83.0000
 83.2000
 83.4000
 83.4000
 83.6000
 83.8000
 84.0000
 84.2000
 84.2000
 84.6000
 84.6000
 84.8000
 85.0000
 85.4000
 85.4000
 85.8000
 86.0000
 86.6000
 87.2000
 87.4000
 87.6000
 87.6000
 88.4000
 88.8000
 88.8000
 89.0000
 89.6000
 89.6000
 89.8000
 90.0000
 90.4000
 90.4000
 90.6000
 91.2000
 91.6000
 91.6000
 91.8000
 92.0000
 92.2000
 92.4000
 92.6000
 92.6000
 92.8000
 92.8000
 93.0000
 93.2000
 93.6000
 93.8000
 94.8000
 95.0000
 95.4000
 95.6000
 96.0000
 96.2000
 96.4000
 97.8000
 97.8000
 98.0000
 98.0000
 98.0000
 98.4000
 98.6000
 98.8000
 99.2000
 99.4000
 99.6000
 99.6000
100.0000
100.2000
100.2000
100.4000
100.8000
101.6000
102.0000
103.0000
103.8000
104.0000
104.4000
104.4000
105.4000


#Top pat = 12
 30.6000
 72.8000
 74.0000
 75.0000
 75.4000
 76.0000
 76.6000
 78.2000
 79.0000
 79.2000
 79.4000
 80.4000
 80.4000
 80.4000
 80.6000
 80.6000
 80.6000
 81.0000
 81.0000
 81.4000
 81.4000
 81.8000
 81.8000
 82.0000
 83.0000
 83.2000
 83.4000
 83.6000
 83.8000
 84.2000
 84.4000
 84.6000
 84.6000
 84.8000
 85.2000
 85.2000
 85.6000
 86.4000
 86.4000
 86.4000
 86.8000
 87.0000
 87.0000
 87.4000
 88.0000
 88.0000
 88.2000
 88.8000
 88.8000
 89.4000
 89.6000
 90.0000
 90.2000
 90.2000
 90.2000
 90.4000
 90.4000
 90.6000
 90.6000
 91.0000
 91.6000
 92.6000
 93.0000
 93.0000
 93.2000
 93.4000
 93.8000
 93.8000
 94.4000
 94.4000
 94.8000
 94.8000
 95.0000
 95.0000
 95.0000
 95.6000
 96.0000
 96.0000
 96.2000
 96.4000
 96.4000
 97.0000
 97.2000
 97.4000
 98.0000
 98.6000
 99.0000
 99.6000
 99.6000
100.0000
100.8000
100.8000
100.8000
101.0000
101.4000
102.0000
102.6000
105.0000
105.4000
106.4000


#Top pat = 13
 30.6000
 63.6000
 64.0000
 64.4000
 65.0000
 66.0000
 67.4000
 68.8000
 69.4000
 70.4000
 71.4000
 71.6000
 72.0000
 73.6000
 74.8000
 75.0000
 75.0000
 75.4000
 76.0000
 76.6000
 76.6000
 77.0000
 78.2000
 79.0000
 79.2000
 79.4000
 80.4000
 81.0000
 81.0000
 81.2000
 81.2000
 82.2000
 82.6000
 82.8000
 83.2000
 83.6000
 83.8000
 83.8000
 84.0000
 84.0000
 84.4000
 84.6000
 85.0000
 85.6000
 86.2000
 87.6000
 87.6000
 87.8000
 88.8000
 88.8000
 89.0000
 90.2000
 90.4000
 90.6000
 90.6000
 90.6000
 90.8000
 91.4000
 91.6000
 92.6000
 92.6000
 92.6000
 93.4000
 94.6000
 94.6000
 95.4000
 95.4000
 95.6000
 96.0000
 96.0000
 96.0000
 96.2000
 96.2000
 96.4000
 96.4000
 96.8000
 97.2000
 97.4000
 97.4000
 97.4000
 97.8000
 98.4000
 99.0000
 99.0000
 99.4000
100.8000
101.0000
101.4000
101.8000
102.0000
102.2000
103.8000
105.2000
105.4000
107.6000
109.4000
109.8000
111.6000
113.4000
114.0000


#Top pat = 14
 45.4000
 48.0000
 50.4000
 53.0000
 53.4000
 55.8000
 57.8000
 58.4000
 59.0000
 60.0000
 61.4000
 61.8000
 65.0000
 66.2000
 68.0000
 68.2000
 68.4000
 69.4000
 70.8000
 71.0000
 71.4000
 71.6000
 72.0000
 72.8000
 73.8000
 75.0000
 75.0000
 75.0000
 76.6000
 77.2000
 77.8000
 78.0000
 78.2000
 78.6000
 81.0000
 81.0000
 81.6000
 82.2000
 82.4000
 82.6000
 82.8000
 82.8000
 83.4000
 83.6000
 84.0000
 84.2000
 84.4000
 84.8000
 85.0000
 85.6000
 86.2000
 87.0000
 88.0000
 89.2000
 89.8000
 90.2000
 90.6000
 91.6000
 91.6000
 92.6000
 92.6000
 93.8000
 94.2000
 94.4000
 94.6000
 94.8000
 95.0000
 95.4000
 96.0000
 96.4000
 96.8000
 97.0000
 97.6000
 97.6000
 97.8000
 97.8000
 98.4000
 98.8000
 99.6000
100.8000
101.0000
101.4000
103.4000
103.8000
105.8000
106.0000
107.4000
108.4000
109.2000
109.2000
109.4000
110.6000
111.0000
111.6000
112.2000
113.0000
116.6000
117.0000
123.0000
124.8000


#Top pat = 15
 32.6000
 42.4000
 42.4000
 51.8000
 52.8000
 53.0000
 54.4000
 54.8000
 57.4000
 57.6000
 58.2000
 58.4000
 59.0000
 59.4000
 60.2000
 62.2000
 63.0000
 65.4000
 67.4000
 67.4000
 69.0000
 69.4000
 70.4000
 71.4000
 72.2000
 73.2000
 73.4000
 73.8000
 75.0000
 75.2000
 75.6000
 76.0000
 76.8000
 76.8000
 77.2000
 77.4000
 78.0000
 79.2000
 79.4000
 80.4000
 81.8000
 82.0000
 82.2000
 82.2000
 82.8000
 82.8000
 82.8000
 84.0000
 84.2000
 84.6000
 86.0000
 86.4000
 86.8000
 87.8000
 88.2000
 88.8000
 89.0000
 90.6000
 90.8000
 91.2000
 91.6000
 91.6000
 92.8000
 92.8000
 93.4000
 93.4000
 94.2000
 94.6000
 95.2000
 95.4000
 97.0000
 97.8000
 98.4000
 99.0000
 99.8000
100.6000
100.6000
101.0000
102.6000
102.8000
103.2000
103.6000
104.0000
104.0000
105.0000
106.8000
108.4000
108.4000
109.4000
109.6000
110.4000
111.6000
111.6000
112.0000
113.0000
116.4000
121.0000
122.4000
122.4000
125.6000


#Top pat = 16
 13.6000
 26.2000
 27.2000
 29.0000
 32.8000
 34.6000
 34.8000
 35.6000
 39.2000
 40.8000
 42.8000
 43.2000
 45.0000
 51.4000
 52.8000
 53.8000
 58.2000
 59.4000
 59.8000
 60.0000
 60.0000
 64.0000
 64.2000
 65.2000
 66.8000
 67.0000
 68.4000
 68.6000
 69.8000
 71.4000
 72.2000
 73.4000
 73.8000
 75.0000
 76.0000
 76.4000
 77.4000
 78.6000
 79.0000
 79.2000
 79.2000
 79.4000
 80.0000
 81.6000
 81.8000
 82.8000
 85.0000
 85.8000
 87.6000
 87.8000
 87.8000
 89.6000
 89.8000
 90.4000
 90.4000
 90.4000
 90.8000
 92.0000
 92.6000
 93.6000
 94.4000
 95.0000
 95.6000
 97.4000
 98.4000
 98.8000
 99.8000
101.0000
101.4000
101.8000
102.4000
102.6000
103.0000
103.4000
103.6000
104.4000
105.0000
105.2000
106.4000
106.4000
107.6000
107.8000
111.4000
112.0000
112.2000
114.2000
115.2000
116.4000
116.8000
117.4000
117.6000
118.0000
120.6000
124.0000
125.2000
125.4000
125.6000
126.4000
126.6000
139.2000


#Top pat = 17
 13.2000
 20.0000
 24.2000
 26.8000
 32.0000
 39.2000
 40.4000
 42.2000
 43.6000
 43.8000
 47.0000
 51.0000
 51.4000
 52.0000
 55.4000
 56.4000
 56.4000
 56.6000
 56.6000
 58.6000
 59.4000
 60.4000
 60.4000
 61.0000
 62.0000
 62.6000
 63.4000
 65.6000
 66.0000
 66.4000
 68.6000
 68.8000
 69.6000
 71.4000
 72.8000
 73.6000
 74.8000
 74.8000
 75.0000
 75.2000
 76.2000
 76.2000
 76.8000
 77.4000
 78.4000
 79.2000
 79.6000
 80.4000
 80.6000
 83.2000
 84.4000
 85.8000
 85.8000
 87.0000
 87.6000
 88.0000
 88.6000
 88.8000
 89.2000
 89.6000
 89.8000
 90.4000
 91.4000
 91.8000
 92.0000
 93.0000
 93.8000
 97.0000
 97.4000
 99.0000
 99.8000
101.4000
101.8000
102.4000
103.6000
104.4000
105.0000
109.4000
111.0000
111.4000
112.0000
112.2000
114.2000
115.2000
115.6000
116.2000
116.4000
116.6000
116.8000
117.4000
117.6000
118.4000
120.8000
123.4000
124.0000
126.6000
128.6000
129.0000
136.0000
139.6000


#Top pat = 18
 15.6000
 18.8000
 20.2000
 23.0000
 26.0000
 34.4000
 37.2000
 38.6000
 42.0000
 42.8000
 45.6000
 47.0000
 50.6000
 51.4000
 52.4000
 53.4000
 54.4000
 54.4000
 58.0000
 58.4000
 60.0000
 60.6000
 60.6000
 60.8000
 60.8000
 62.8000
 63.4000
 64.6000
 64.6000
 65.6000
 66.4000
 67.6000
 69.0000
 69.6000
 71.2000
 71.4000
 72.2000
 72.8000
 73.4000
 73.8000
 76.6000
 78.0000
 78.4000
 78.6000
 79.0000
 80.4000
 80.4000
 81.6000
 82.2000
 83.0000
 85.4000
 85.8000
 85.8000
 86.2000
 86.2000
 88.0000
 88.8000
 88.8000
 91.4000
 92.0000
 92.2000
 92.4000
 92.6000
 92.8000
 92.8000
 93.0000
 93.8000
 93.8000
 94.4000
 95.0000
 96.4000
 96.8000
 97.8000
 99.6000
100.4000
102.4000
105.4000
106.0000
107.2000
107.6000
108.0000
108.2000
108.2000
108.6000
110.6000
111.4000
111.8000
112.8000
114.0000
118.2000
119.6000
121.0000
121.0000
125.6000
126.4000
126.4000
129.0000
130.8000
139.6000
142.6000


#Top pat = 19
 18.8000
 19.0000
 19.8000
 26.0000
 26.6000
 32.6000
 34.4000
 39.6000
 42.8000
 44.4000
 44.4000
 45.4000
 45.6000
 45.6000
 46.4000
 47.0000
 51.6000
 52.0000
 53.4000
 53.6000
 55.6000
 60.0000
 60.8000
 61.4000
 61.6000
 62.8000
 63.4000
 63.8000
 64.2000
 64.6000
 65.0000
 67.4000
 67.8000
 68.2000
 68.8000
 69.0000
 71.0000
 71.2000
 71.4000
 72.6000
 74.4000
 75.2000
 75.8000
 78.0000
 78.6000
 80.4000
 81.6000
 82.8000
 83.0000
 84.2000
 85.4000
 85.8000
 85.8000
 85.8000
 85.8000
 85.8000
 86.2000
 86.2000
 87.6000
 88.0000
 88.0000
 88.8000
 89.0000
 89.4000
 90.0000
 91.4000
 92.4000
 93.4000
 93.8000
 95.8000
 96.4000
 96.8000
 98.0000
 98.4000
100.4000
100.8000
101.6000
102.0000
103.2000
103.6000
107.4000
108.0000
108.2000
110.2000
112.8000
113.0000
113.6000
114.2000
117.6000
119.6000
123.0000
124.0000
125.6000
126.4000
126.4000
127.0000
129.0000
134.4000
142.0000
146.2000


#Top pat = 20
 11.0000
 18.8000
 22.0000
 24.6000
 28.0000
 30.8000
 35.0000
 36.0000
 39.2000
 40.2000
 41.6000
 42.8000
 45.4000
 47.6000
 50.2000
 52.8000
 53.6000
 53.6000
 53.6000
 55.0000
 55.2000
 55.6000
 56.0000
 57.2000
 58.2000
 58.2000
 59.8000
 62.6000
 62.8000
 63.8000
 65.0000
 66.0000
 66.0000
 67.4000
 68.8000
 70.8000
 71.4000
 71.8000
 72.2000
 72.4000
 72.6000
 73.2000
 75.4000
 76.2000
 76.6000
 77.0000
 78.4000
 78.6000
 79.0000
 80.2000
 80.2000
 80.4000
 82.4000
 83.4000
 84.2000
 85.2000
 86.2000
 87.0000
 88.0000
 88.0000
 89.0000
 91.6000
 92.4000
 93.0000
 93.8000
 94.8000
 96.0000
 96.2000
 96.4000
 96.4000
 96.6000
 97.2000
 97.4000
 99.2000
100.8000
101.6000
102.0000
102.2000
102.6000
103.2000
103.4000
106.4000
106.4000
107.6000
108.4000
109.4000
111.0000
111.0000
112.4000
117.4000
118.0000
119.0000
119.6000
121.8000
124.0000
130.2000
133.6000
145.2000
146.2000
152.8000


#Top pat = 21
 10.2000
 17.8000
 22.0000
 23.0000
 26.8000
 29.6000
 33.8000
 34.8000
 38.2000
 39.0000
 40.8000
 42.8000
 44.6000
 46.2000
 49.0000
 51.6000
 52.0000
 52.0000
 52.4000
 53.8000
 54.2000
 55.2000
 55.6000
 56.4000
 57.2000
 57.4000
 58.6000
 61.6000
 61.8000
 62.6000
 63.0000
 64.8000
 66.0000
 66.6000
 68.8000
 69.8000
 70.0000
 70.6000
 71.8000
 71.8000
 72.2000
 73.2000
 74.4000
 75.6000
 75.6000
 76.0000
 76.8000
 77.6000
 78.8000
 79.0000
 79.2000
 79.6000
 81.4000
 82.2000
 83.2000
 84.0000
 85.2000
 85.4000
 87.2000
 88.0000
 88.2000
 90.8000
 91.0000
 93.0000
 93.0000
 93.4000
 94.8000
 95.2000
 95.4000
 95.4000
 95.6000
 95.8000
 96.4000
 98.0000
 99.8000
100.6000
100.6000
100.8000
101.4000
102.4000
102.4000
105.0000
105.8000
106.6000
107.4000
108.4000
110.4000
111.0000
111.8000
116.6000
117.2000
118.4000
118.4000
121.2000
123.0000
129.0000
132.8000
144.2000
145.4000
151.6000


#Top pat = 22
-10.8000
 20.2000
 21.8000
 23.0000
 30.2000
 30.8000
 31.2000
 33.8000
 33.8000
 36.4000
 38.4000
 39.0000
 39.8000
 40.2000
 44.6000
 47.8000
 48.6000
 49.0000
 49.8000
 50.8000
 51.2000
 52.0000
 54.6000
 56.8000
 58.4000
 58.6000
 59.8000
 60.0000
 61.6000
 63.0000
 64.6000
 64.8000
 65.4000
 65.6000
 65.6000
 66.8000
 66.8000
 69.4000
 70.2000
 70.2000
 72.0000
 72.2000
 72.8000
 73.0000
 74.4000
 75.6000
 76.2000
 76.4000
 78.2000
 79.0000
 79.6000
 80.4000
 80.4000
 81.0000
 81.0000
 82.8000
 82.8000
 83.4000
 83.6000
 83.6000
 84.8000
 87.0000
 87.2000
 87.8000
 89.4000
 90.0000
 90.8000
 91.0000
 91.6000
 91.8000
 92.6000
 93.6000
 95.6000
 96.4000
 98.0000
100.4000
100.6000
100.8000
100.8000
106.2000
107.4000
108.0000
108.4000
109.4000
112.8000
113.6000
115.4000
118.0000
118.6000
119.6000
119.6000
123.0000
124.0000
124.0000
127.4000
132.2000
132.8000
143.2000
145.4000
162.0000


#Top pat = 23
-10.8000
 20.2000
 20.8000
 21.8000
 29.2000
 30.8000
 31.2000
 32.6000
 32.8000
 36.4000
 37.4000
 38.2000
 39.0000
 40.2000
 43.6000
 46.8000
 47.6000
 48.6000
 49.0000
 49.8000
 50.6000
 51.2000
 52.8000
 55.6000
 57.0000
 57.4000
 58.0000
 58.6000
 60.4000
 63.0000
 64.2000
 64.6000
 64.6000
 64.6000
 65.2000
 65.6000
 66.2000
 68.2000
 69.0000
 69.2000
 70.8000
 71.0000
 71.4000
 71.8000
 73.0000
 74.0000
 75.0000
 75.6000
 77.2000
 77.6000
 78.8000
 79.6000
 79.6000
 80.2000
 81.0000
 81.6000
 82.4000
 82.6000
 82.6000
 82.8000
 82.8000
 86.2000
 86.4000
 87.0000
 88.6000
 88.6000
 89.2000
 89.6000
 90.4000
 91.0000
 91.4000
 92.2000
 95.6000
 96.4000
 98.0000
 99.2000
 99.6000
 99.6000
 99.8000
105.4000
106.0000
107.4000
107.6000
108.2000
111.6000
112.4000
114.4000
117.2000
117.4000
118.0000
118.6000
121.8000
123.2000
123.4000
126.2000
130.6000
131.6000
142.2000
144.2000
161.0000


#Top pat = 24
-20.6000
 14.8000
 20.2000
 24.2000
 24.8000
 29.2000
 31.2000
 34.8000
 37.4000
 37.6000
 38.2000
 40.2000
 40.8000
 43.4000
 43.6000
 44.0000
 45.8000
 47.6000
 47.8000
 51.2000
 51.4000
 51.6000
 51.8000
 53.0000
 54.6000
 54.6000
 54.8000
 55.0000
 55.4000
 55.6000
 58.0000
 60.4000
 60.4000
 61.6000
 62.0000
 63.8000
 64.2000
 64.6000
 66.2000
 68.2000
 68.8000
 69.0000
 70.6000
 71.0000
 74.0000
 74.8000
 75.6000
 77.0000
 77.6000
 78.0000
 78.2000
 80.2000
 80.2000
 80.8000
 81.4000
 81.6000
 82.8000
 83.8000
 84.0000
 84.6000
 85.0000
 85.6000
 86.2000
 86.6000
 88.4000
 88.6000
 88.6000
 88.8000
 91.6000
 92.0000
 92.2000
 92.8000
 95.0000
 95.4000
 97.6000
 98.4000
 99.2000
 99.6000
100.4000
101.2000
102.6000
105.6000
105.6000
106.2000
107.6000
110.6000
111.6000
112.4000
118.6000
119.4000
122.2000
123.2000
125.8000
127.0000
129.4000
130.2000
131.6000
142.2000
144.2000
161.0000


#Top pat = 25
 -9.6000
  1.8000
 22.0000
 24.2000
 24.4000
 24.8000
 29.6000
 30.4000
 31.2000
 33.6000
 35.6000
 35.8000
 36.4000
 37.2000
 37.2000
 38.0000
 38.2000
 39.4000
 43.0000
 43.0000
 43.4000
 43.6000
 45.8000
 47.6000
 47.8000
 51.2000
 51.2000
 53.0000
 54.2000
 56.6000
 58.2000
 58.4000
 60.4000
 65.2000
 66.6000
 66.6000
 67.2000
 67.8000
 68.2000
 69.2000
 70.8000
 71.0000
 71.6000
 73.0000
 74.0000
 74.6000
 74.6000
 74.8000
 76.6000
 77.4000
 77.8000
 78.0000
 78.2000
 79.4000
 79.8000
 80.2000
 80.4000
 81.6000
 85.0000
 85.4000
 86.2000
 86.6000
 87.2000
 88.4000
 90.0000
 90.0000
 90.2000
 93.0000
 93.2000
 93.8000
 94.4000
 95.2000
 95.4000
 98.6000
 99.2000
 99.6000
100.0000
100.4000
101.8000
102.0000
103.6000
105.2000
106.2000
106.2000
107.6000
108.2000
109.0000
112.4000
112.4000
113.6000
127.0000
130.2000
131.0000
131.6000
133.8000
134.2000
136.8000
140.4000
151.0000
161.0000


#Top pat = 26
 -7.8000
  3.0000
 21.2000
 22.0000
 25.6000
 25.8000
 26.6000
 31.2000
 31.6000
 32.4000
 33.6000
 35.6000
 35.8000
 36.4000
 38.2000
 38.4000
 38.6000
 40.0000
 40.6000
 42.8000
 43.0000
 43.6000
 44.0000
 44.8000
 47.8000
 48.2000
 51.2000
 51.2000
 51.2000
 54.6000
 54.8000
 55.6000
 58.0000
 61.8000
 63.0000
 65.8000
 67.2000
 68.0000
 68.4000
 69.2000
 69.4000
 70.0000
 71.0000
 71.0000
 72.4000
 73.2000
 74.2000
 75.0000
 75.0000
 75.0000
 76.0000
 76.0000
 76.6000
 76.8000
 77.4000
 78.2000
 79.4000
 81.4000
 81.4000
 83.6000
 85.4000
 86.2000
 86.6000
 87.2000
 87.6000
 90.0000
 90.2000
 90.6000
 94.8000
 94.8000
 95.2000
 95.4000
 96.2000
 96.6000
 98.6000
100.0000
100.6000
101.4000
102.2000
103.0000
103.2000
103.8000
105.8000
106.2000
106.4000
109.2000
109.4000
109.4000
110.6000
110.8000
128.0000
130.2000
131.8000
132.0000
132.8000
133.8000
136.8000
137.4000
148.0000
161.8000


#Top pat = 27
 -0.6000
  3.0000
 11.2000
 12.4000
 13.6000
 18.8000
 20.2000
 23.2000
 25.6000
 25.8000
 29.6000
 31.0000
 31.2000
 32.8000
 35.8000
 38.8000
 39.0000
 40.2000
 41.4000
 42.8000
 43.0000
 43.6000
 44.0000
 46.2000
 47.4000
 48.2000
 51.8000
 52.0000
 54.4000
 54.6000
 54.8000
 57.8000
 58.0000
 59.2000
 59.2000
 60.2000
 61.0000
 61.8000
 65.0000
 65.6000
 67.2000
 68.2000
 68.4000
 69.0000
 69.4000
 70.0000
 70.2000
 71.0000
 72.6000
 73.0000
 73.2000
 75.0000
 76.2000
 76.8000
 77.4000
 79.4000
 80.0000
 82.2000
 82.6000
 83.2000
 85.8000
 87.6000
 88.2000
 88.6000
 89.8000
 90.2000
 90.6000
 91.2000
 94.4000
 95.2000
 95.2000
 96.2000
 97.2000
 99.2000
 99.4000
 99.8000
100.6000
103.8000
103.8000
107.4000
107.6000
109.4000
109.6000
110.4000
112.6000
112.6000
113.4000
114.4000
117.6000
119.0000
120.0000
120.8000
121.4000
122.0000
124.2000
132.8000
136.8000
146.4000
148.2000
160.6000


#Top pat = 28
-12.4000
 -0.6000
  9.2000
 12.4000
 13.4000
 18.4000
 18.8000
 20.2000
 22.6000
 23.2000
 28.6000
 32.0000
 36.4000
 38.2000
 38.4000
 38.6000
 39.0000
 39.4000
 39.4000
 40.2000
 41.2000
 41.4000
 41.4000
 42.2000
 42.6000
 42.8000
 43.6000
 45.6000
 46.6000
 46.8000
 47.8000
 50.6000
 54.4000
 56.2000
 56.4000
 58.4000
 59.2000
 60.0000
 60.2000
 60.6000
 61.0000
 63.8000
 64.0000
 68.4000
 69.0000
 70.0000
 70.2000
 70.6000
 70.8000
 72.2000
 72.6000
 72.8000
 76.2000
 77.4000
 77.6000
 79.2000
 79.8000
 81.2000
 81.8000
 82.2000
 82.4000
 82.6000
 83.0000
 83.2000
 83.8000
 84.0000
 85.4000
 86.2000
 88.6000
 90.6000
 93.0000
 95.0000
 96.2000
 97.2000
 98.6000
 99.2000
100.2000
100.6000
104.2000
106.2000
109.8000
112.8000
113.4000
116.6000
117.6000
118.4000
118.6000
119.0000
119.4000
120.0000
125.2000
127.0000
132.2000
135.0000
136.4000
136.8000
140.0000
146.4000
148.2000
149.6000


#Top pat = 29
-18.4000
 -4.6000
  2.2000
  4.4000
 13.8000
 16.0000
 17.6000
 20.8000
 22.0000
 24.0000
 25.6000
 31.4000
 32.8000
 33.6000
 34.4000
 36.4000
 37.2000
 38.2000
 38.4000
 41.4000
 42.4000
 43.8000
 44.6000
 45.0000
 45.0000
 45.2000
 45.6000
 46.8000
 46.8000
 47.0000
 47.2000
 49.6000
 51.4000
 53.2000
 56.2000
 58.6000
 58.8000
 59.2000
 61.0000
 61.4000
 63.6000
 63.8000
 64.0000
 64.8000
 66.2000
 70.6000
 71.8000
 72.6000
 72.8000
 73.2000
 73.8000
 74.4000
 74.8000
 75.2000
 75.2000
 76.2000
 76.6000
 77.0000
 77.2000
 78.0000
 78.2000
 79.0000
 81.0000
 83.0000
 84.0000
 84.6000
 85.4000
 85.6000
 86.8000
 88.6000
 90.6000
 95.6000
 96.2000
 99.2000
 99.6000
102.2000
102.8000
103.8000
104.2000
104.8000
108.6000
109.2000
111.6000
112.4000
113.4000
114.0000
115.8000
118.8000
122.2000
123.2000
125.2000
128.2000
130.6000
131.0000
131.4000
133.8000
138.0000
138.4000
153.0000
153.2000


#Top pat = 30
-24.0000
 -5.6000
 -4.0000
 -3.0000
 -1.8000
 -1.4000
 -0.8000
  2.2000
  6.0000
 10.0000
 15.4000
 15.4000
 16.6000
 18.2000
 20.8000
 31.4000
 32.2000
 32.8000
 33.4000
 33.6000
 34.4000
 36.4000
 36.6000
 37.2000
 38.2000
 38.4000
 42.8000
 44.4000
 44.6000
 45.0000
 45.6000
 45.6000
 46.8000
 52.0000
 54.6000
 54.6000
 56.0000
 57.6000
 62.2000
 63.6000
 64.8000
 66.2000
 67.8000
 71.4000
 71.4000
 71.8000
 71.8000
 75.2000
 75.6000
 76.2000
 76.4000
 76.6000
 77.0000
 77.0000
 77.2000
 79.8000
 80.0000
 80.2000
 83.6000
 84.4000
 86.0000
 86.8000
 86.8000
 89.2000
 90.6000
 94.8000
 95.6000
 96.2000
 97.6000
 98.2000
 98.8000
 99.0000
 99.6000
100.6000
101.0000
101.6000
102.2000
103.0000
104.2000
104.8000
105.4000
108.4000
110.6000
111.6000
112.4000
113.6000
114.0000
115.8000
116.8000
118.2000
124.0000
126.0000
127.8000
128.2000
131.4000
138.0000
153.2000
155.2000
156.0000
165.6000


#Top pat = 31
-21.2000
-12.4000
 -7.6000
 -5.6000
 -2.6000
 -2.4000
 -1.8000
 -1.4000
 -0.8000
  2.0000
  6.8000
  9.8000
 20.8000
 22.4000
 22.4000
 23.0000
 25.4000
 26.2000
 27.4000
 31.4000
 35.2000
 36.2000
 40.4000
 41.2000
 42.4000
 42.4000
 42.8000
 44.2000
 45.6000
 47.6000
 48.2000
 50.4000
 51.6000
 52.2000
 53.8000
 54.0000
 57.6000
 59.0000
 60.6000
 62.0000
 63.0000
 63.6000
 67.2000
 69.0000
 69.8000
 70.0000
 71.8000
 72.8000
 74.6000
 75.6000
 75.6000
 76.2000
 76.4000
 79.0000
 79.4000
 79.8000
 80.2000
 81.0000
 82.4000
 83.6000
 84.2000
 85.0000
 87.6000
 92.2000
 92.8000
 93.2000
 94.6000
 95.6000
 98.2000
 98.6000
 99.6000
 99.8000
100.2000
101.0000
102.2000
103.0000
103.6000
104.2000
105.0000
105.4000
106.0000
107.6000
108.0000
108.4000
108.4000
108.8000
111.2000
115.6000
115.8000
120.4000
122.2000
123.0000
124.0000
127.8000
134.2000
143.0000
149.0000
153.2000
155.2000
165.6000


#Top pat = 32
-24.8000
-12.4000
 -7.8000
 -5.6000
 -4.8000
 -3.8000
 -1.8000
 -1.2000
  0.2000
  3.6000
  6.8000
  9.8000
 21.6000
 22.4000
 23.0000
 23.2000
 25.4000
 26.2000
 27.8000
 28.2000
 32.2000
 36.4000
 37.0000
 37.6000
 38.2000
 39.8000
 41.4000
 43.6000
 45.6000
 47.6000
 49.0000
 49.4000
 50.4000
 51.6000
 52.2000
 52.8000
 56.6000
 58.8000
 59.2000
 60.6000
 62.0000
 64.2000
 67.8000
 69.0000
 70.0000
 70.4000
 71.0000
 71.8000
 72.0000
 75.6000
 75.8000
 76.4000
 77.0000
 78.6000
 79.0000
 79.4000
 80.4000
 81.4000
 82.0000
 83.4000
 84.2000
 84.6000
 86.2000
 87.6000
 90.4000
 93.2000
 93.2000
 94.8000
 96.6000
 97.0000
 99.2000
100.2000
101.6000
101.8000
102.6000
103.0000
103.0000
103.6000
104.6000
104.8000
105.0000
105.2000
105.2000
105.4000
107.6000
109.6000
110.0000
115.8000
116.6000
121.4000
122.2000
123.0000
124.0000
127.8000
134.2000
143.0000
143.6000
147.2000
152.2000
162.0000


#Top pat = 33
-24.8000
-11.0000
 -7.8000
 -7.0000
 -4.2000
 -3.8000
 -3.6000
 -0.2000
  0.2000
  4.4000
  6.8000
  8.4000
 20.0000
 21.4000
 21.4000
 22.4000
 23.0000
 23.6000
 27.8000
 28.8000
 29.8000
 33.4000
 34.0000
 34.0000
 37.6000
 38.8000
 39.8000
 41.2000
 44.6000
 47.2000
 49.0000
 49.2000
 50.6000
 51.2000
 51.8000
 53.2000
 53.2000
 58.2000
 59.8000
 60.0000
 60.6000
 62.0000
 67.4000
 67.8000
 70.6000
 71.0000
 71.4000
 71.6000
 71.8000
 71.8000
 74.6000
 75.6000
 76.6000
 76.6000
 76.8000
 80.0000
 80.4000
 81.4000
 81.6000
 82.0000
 83.4000
 84.2000
 86.2000
 86.8000
 88.6000
 92.8000
 93.2000
 93.2000
 94.4000
 96.6000
 96.6000
 97.6000
 99.6000
100.0000
101.6000
101.6000
101.8000
104.2000
105.2000
105.4000
105.4000
106.0000
106.6000
106.6000
108.8000
111.2000
111.2000
115.8000
116.6000
118.0000
118.4000
120.0000
124.0000
127.8000
136.2000
140.0000
144.0000
148.6000
148.8000
162.0000


#Top pat = 34
-30.4000
-16.4000
 -7.8000
 -6.6000
 -3.6000
 -0.8000
  0.6000
  0.8000
  8.4000
 10.6000
 11.2000
 14.6000
 17.4000
 20.0000
 21.4000
 21.4000
 22.4000
 24.2000
 28.8000
 29.2000
 29.8000
 30.2000
 31.0000
 33.0000
 33.4000
 34.0000
 37.0000
 37.6000
 37.6000
 38.0000
 38.8000
 40.8000
 42.8000
 43.0000
 44.6000
 44.8000
 47.8000
 49.0000
 49.2000
 51.4000
 54.8000
 54.8000
 56.0000
 56.0000
 58.2000
 59.8000
 60.6000
 65.4000
 67.0000
 67.8000
 68.6000
 70.6000
 71.6000
 71.6000
 77.6000
 78.2000
 78.8000
 80.0000
 80.8000
 82.0000
 82.0000
 83.4000
 86.0000
 86.8000
 88.6000
 89.0000
 95.2000
 98.4000
100.0000
101.6000
103.2000
103.4000
103.8000
105.0000
105.4000
106.0000
106.6000
108.8000
109.0000
109.4000
111.2000
114.4000
114.8000
115.6000
116.6000
118.0000
120.0000
124.6000
125.8000
126.6000
127.4000
127.8000
128.6000
137.8000
139.8000
140.0000
148.2000
148.8000
156.4000
181.0000


#Top pat = 35
-31.2000
-18.2000
 -9.0000
 -7.2000
 -4.6000
 -2.2000
 -1.0000
 -0.2000
  7.6000
  9.6000
 10.2000
 13.6000
 16.8000
 20.0000
 20.0000
 20.6000
 21.0000
 22.8000
 27.2000
 28.4000
 29.2000
 29.8000
 30.0000
 31.6000
 32.6000
 34.0000
 35.6000
 36.4000
 36.4000
 37.6000
 37.8000
 39.4000
 41.4000
 41.8000
 43.2000
 43.8000
 46.4000
 48.0000
 48.4000
 49.4000
 53.4000
 53.6000
 54.4000
 55.2000
 58.2000
 58.4000
 59.2000
 64.8000
 65.8000
 67.0000
 67.6000
 69.2000
 70.8000
 71.6000
 77.6000
 78.0000
 78.2000
 78.4000
 79.6000
 80.4000
 81.2000
 83.4000
 85.2000
 86.8000
 87.6000
 87.8000
 94.2000
 98.4000
 99.2000
100.4000
102.4000
102.6000
103.2000
105.0000
105.4000
106.0000
106.0000
107.0000
107.8000
109.4000
110.2000
112.8000
113.6000
114.2000
115.6000
116.8000
120.0000
124.6000
124.6000
125.6000
126.4000
126.6000
127.2000
137.8000
139.0000
139.4000
146.2000
147.8000
155.6000
179.6000


#Top pat = 36
-25.6000
-16.2000
-11.8000
 -9.8000
 -9.2000
  2.2000
  3.6000
  6.2000
  7.4000
  9.2000
  9.6000
 10.2000
 16.8000
 17.8000
 18.4000
 19.0000
 19.4000
 21.4000
 22.0000
 24.6000
 25.4000
 25.6000
 28.4000
 28.4000
 28.8000
 29.0000
 30.0000
 32.8000
 36.2000
 36.4000
 37.2000
 37.6000
 37.6000
 38.6000
 39.4000
 41.2000
 43.4000
 43.8000
 51.4000
 51.6000
 53.4000
 53.6000
 54.8000
 57.8000
 62.8000
 63.2000
 63.4000
 64.8000
 67.6000
 68.2000
 68.8000
 70.8000
 70.8000
 71.6000
 71.8000
 72.4000
 74.0000
 74.8000
 78.0000
 78.2000
 78.4000
 80.4000
 81.0000
 85.2000
 87.6000
 88.0000
 88.4000
 88.8000
 91.2000
 94.8000
 96.4000
 98.0000
 98.8000
 99.8000
100.4000
104.2000
104.6000
106.0000
108.2000
109.4000
110.2000
111.6000
112.8000
114.2000
116.2000
117.4000
118.2000
120.0000
124.6000
125.4000
125.6000
126.6000
132.2000
137.6000
143.0000
146.2000
147.6000
148.8000
153.4000
186.6000


#Top pat = 37
-19.0000
-15.6000
-14.6000
-11.8000
 -9.8000
 -9.2000
 -8.4000
 -2.6000
 -1.6000
 -1.0000
  2.2000
  8.2000
 11.6000
 12.2000
 12.4000
 13.2000
 18.8000
 20.4000
 21.4000
 25.4000
 25.4000
 28.4000
 28.8000
 33.0000
 33.8000
 36.2000
 36.4000
 37.8000
 38.6000
 41.2000
 41.4000
 43.4000
 43.6000
 46.0000
 46.6000
 48.0000
 48.6000
 49.0000
 50.2000
 51.0000
 51.6000
 52.8000
 53.6000
 56.8000
 58.6000
 59.4000
 62.2000
 63.2000
 63.6000
 64.2000
 64.4000
 64.8000
 66.6000
 67.4000
 67.6000
 70.4000
 71.6000
 71.8000
 74.6000
 74.8000
 78.2000
 78.4000
 80.6000
 82.2000
 83.0000
 83.4000
 85.2000
 87.6000
 87.8000
 88.8000
 91.0000
 91.2000
 92.6000
 96.8000
 99.0000
100.0000
100.4000
106.0000
107.0000
111.6000
113.8000
114.2000
118.0000
119.2000
119.4000
121.6000
123.6000
125.4000
126.6000
130.8000
131.0000
132.6000
143.0000
146.2000
149.0000
155.0000
157.2000
164.0000
170.4000
176.2000


#Top pat = 38
-26.2000
-22.4000
-21.8000
-21.0000
-21.0000
-15.8000
-14.6000
-14.2000
 -6.2000
 -5.8000
 -2.6000
  7.4000
  8.2000
  8.8000
 20.4000
 20.8000
 21.4000
 21.6000
 25.4000
 28.6000
 28.8000
 29.0000
 30.6000
 34.4000
 36.2000
 36.6000
 40.2000
 41.2000
 41.4000
 41.4000
 42.2000
 42.2000
 42.4000
 44.4000
 47.6000
 48.0000
 50.6000
 52.2000
 52.8000
 52.8000
 55.8000
 56.0000
 57.8000
 58.6000
 58.6000
 58.6000
 63.6000
 66.2000
 66.6000
 67.4000
 69.4000
 70.0000
 70.4000
 71.4000
 72.0000
 73.2000
 74.4000
 74.6000
 75.4000
 77.0000
 77.4000
 78.2000
 78.4000
 78.6000
 78.6000
 80.2000
 80.2000
 80.4000
 80.4000
 81.6000
 85.2000
 87.6000
 89.6000
 92.6000
 99.0000
100.0000
100.8000
101.2000
107.4000
111.0000
112.6000
114.4000
117.6000
118.0000
118.2000
119.4000
119.8000
122.0000
130.8000
131.0000
131.8000
132.6000
140.0000
143.0000
157.2000
157.4000
157.8000
160.6000
165.4000
176.6000


#Top pat = 39
-28.0000
-21.8000
-21.0000
-18.2000
-17.4000
-15.0000
-14.6000
-11.8000
 -9.2000
 -8.2000
 -5.8000
  6.4000
  8.2000
 13.2000
 14.4000
 15.0000
 15.8000
 20.4000
 24.8000
 27.4000
 27.4000
 27.6000
 28.6000
 30.6000
 31.4000
 34.6000
 35.6000
 36.2000
 36.8000
 41.4000
 42.2000
 44.4000
 44.4000
 45.8000
 46.4000
 47.2000
 47.4000
 47.6000
 50.2000
 53.0000
 55.0000
 55.6000
 56.0000
 58.0000
 58.6000
 58.8000
 59.0000
 60.2000
 62.4000
 63.4000
 63.6000
 66.6000
 67.8000
 71.4000
 72.6000
 73.4000
 74.6000
 76.0000
 76.4000
 77.0000
 78.2000
 78.4000
 80.4000
 81.6000
 82.4000
 85.2000
 85.2000
 85.6000
 86.2000
 86.4000
 87.6000
 88.6000
 92.8000
 93.8000
 95.6000
 97.6000
 99.0000
100.0000
102.6000
105.0000
107.4000
109.8000
112.6000
113.8000
114.4000
118.0000
123.8000
124.0000
127.0000
131.8000
132.6000
137.8000
145.0000
147.0000
147.6000
156.4000
164.8000
166.8000
167.2000
175.4000


#Top pat = 40
-49.0000
-41.6000
-28.2000
-21.8000
-18.2000
-17.4000
 -9.2000
 -9.0000
 -5.8000
  9.0000
  9.2000
 11.2000
 16.6000
 17.6000
 25.2000
 27.4000
 27.4000
 27.4000
 27.4000
 28.6000
 30.6000
 31.2000
 32.2000
 32.2000
 32.6000
 33.8000
 35.4000
 35.6000
 36.0000
 36.2000
 36.4000
 38.0000
 38.4000
 38.6000
 38.6000
 39.6000
 43.2000
 46.4000
 47.4000
 47.6000
 47.6000
 48.4000
 48.6000
 48.8000
 53.4000
 54.2000
 58.0000
 58.8000
 59.0000
 62.4000
 62.4000
 64.6000
 67.8000
 70.4000
 71.0000
 71.2000
 73.4000
 75.8000
 76.0000
 84.0000
 84.6000
 84.6000
 85.2000
 87.0000
 87.2000
 88.4000
 88.6000
 89.0000
 93.2000
 93.4000
 93.4000
 93.8000
 94.4000
 95.4000
 95.6000
 99.0000
 99.6000
 99.6000
101.4000
103.2000
109.6000
109.8000
111.0000
112.0000
112.6000
113.4000
113.8000
123.0000
124.0000
124.2000
126.6000
127.6000
146.2000
147.6000
149.8000
150.6000
164.8000
166.8000
179.2000
187.4000


#Top pat = 41
-53.0000
-41.6000
-27.8000
-24.0000
-19.0000
-18.2000
-13.2000
-13.2000
 -0.4000
 11.4000
 11.6000
 14.8000
 15.2000
 17.6000
 20.6000
 21.8000
 26.6000
 27.4000
 27.4000
 28.2000
 29.6000
 29.8000
 30.4000
 31.6000
 31.6000
 33.0000
 33.0000
 33.2000
 33.6000
 36.0000
 36.2000
 38.4000
 38.6000
 38.6000
 38.8000
 39.6000
 39.6000
 40.4000
 41.0000
 47.6000
 48.6000
 50.0000
 51.2000
 51.4000
 52.0000
 57.4000
 58.8000
 59.0000
 60.2000
 62.4000
 63.6000
 64.6000
 65.0000
 66.2000
 70.8000
 71.4000
 73.4000
 74.6000
 79.2000
 79.6000
 79.6000
 83.0000
 84.0000
 84.4000
 84.6000
 86.4000
 87.2000
 87.4000
 87.8000
 88.6000
 89.0000
 93.2000
 94.6000
 95.6000
 95.8000
 98.0000
 99.6000
103.2000
103.2000
103.6000
104.8000
105.0000
106.0000
106.6000
109.8000
115.0000
115.8000
120.2000
123.0000
127.6000
129.6000
131.8000
143.6000
148.6000
150.6000
152.8000
169.0000
175.8000
179.2000
182.4000


#Top pat = 42
-53.0000
-37.6000
-27.8000
-21.6000
-19.0000
-17.6000
-12.2000
 -7.2000
 -0.4000
 11.4000
 11.6000
 14.8000
 15.0000
 16.2000
 19.6000
 21.2000
 22.6000
 26.4000
 27.4000
 27.6000
 27.8000
 29.8000
 30.2000
 31.6000
 33.0000
 33.2000
 33.4000
 33.6000
 33.8000
 34.6000
 35.0000
 35.2000
 36.6000
 38.4000
 39.6000
 40.2000
 41.0000
 43.0000
 44.2000
 44.4000
 46.2000
 47.0000
 48.6000
 50.0000
 50.6000
 51.4000
 52.6000
 53.4000
 56.0000
 60.6000
 62.4000
 63.8000
 64.8000
 65.0000
 65.2000
 69.2000
 69.6000
 71.4000
 72.6000
 73.2000
 73.8000
 74.6000
 74.6000
 80.8000
 82.0000
 84.6000
 85.6000
 89.0000
 91.0000
 91.4000
 93.4000
 93.6000
 95.0000
 95.2000
 98.0000
 99.6000
 99.6000
101.8000
102.8000
103.2000
103.2000
104.6000
106.6000
110.2000
111.8000
114.6000
115.0000
120.2000
120.8000
127.6000
129.6000
136.6000
137.8000
141.6000
150.6000
155.6000
167.4000
176.8000
177.0000
179.2000


#Top pat = 43
-53.0000
-43.6000
-23.6000
-19.0000
-18.6000
-17.6000
-17.2000
-11.2000
 -4.4000
 11.6000
 11.6000
 15.0000
 16.2000
 16.6000
 17.2000
 19.8000
 20.4000
 20.4000
 21.2000
 26.4000
 27.8000
 30.0000
 30.6000
 31.0000
 31.6000
 33.0000
 33.2000
 33.4000
 33.4000
 33.8000
 36.0000
 36.2000
 38.2000
 38.8000
 39.4000
 39.6000
 41.0000
 44.2000
 44.4000
 45.0000
 45.4000
 48.6000
 48.8000
 50.6000
 51.6000
 52.6000
 53.4000
 53.6000
 54.6000
 57.2000
 58.8000
 61.6000
 62.0000
 62.4000
 63.4000
 67.2000
 67.8000
 68.6000
 69.2000
 69.6000
 71.0000
 74.6000
 76.8000
 80.6000
 83.0000
 84.6000
 85.0000
 86.2000
 86.8000
 88.0000
 90.0000
 92.8000
 93.0000
 93.8000
 93.8000
 95.2000
 97.6000
 99.6000
 99.6000
103.2000
104.2000
106.2000
107.8000
108.2000
109.6000
114.6000
114.8000
116.2000
121.0000
121.6000
131.8000
134.4000
136.6000
141.6000
153.0000
158.0000
167.4000
176.8000
180.0000
181.6000


#Top pat = 44
-50.6000
-43.6000
-23.6000
-23.6000
-19.0000
-18.6000
-18.2000
-17.2000
  0.4000
  8.2000
  9.6000
 13.2000
 13.4000
 14.0000
 15.2000
 19.6000
 20.4000
 20.4000
 20.4000
 22.8000
 26.6000
 27.0000
 28.2000
 28.4000
 28.8000
 29.0000
 29.4000
 31.6000
 33.4000
 33.6000
 33.8000
 33.8000
 35.2000
 36.2000
 39.2000
 39.6000
 41.0000
 41.2000
 43.8000
 45.4000
 47.4000
 48.6000
 49.2000
 50.6000
 51.8000
 53.4000
 53.4000
 54.0000
 55.0000
 57.2000
 57.8000
 58.6000
 58.8000
 59.4000
 60.2000
 63.2000
 64.0000
 66.4000
 68.6000
 73.8000
 74.6000
 75.2000
 76.8000
 79.0000
 80.0000
 81.2000
 83.0000
 84.0000
 85.0000
 85.2000
 85.8000
 87.0000
 88.2000
 89.2000
 93.8000
 94.6000
 97.6000
 99.8000
100.2000
102.6000
104.2000
105.6000
108.2000
111.2000
112.6000
114.4000
117.8000
118.2000
121.6000
125.2000
134.8000
136.6000
138.0000
141.6000
153.0000
164.0000
167.4000
171.6000
176.8000
183.6000


#Top pat = 45
-52.4000
-43.6000
-23.6000
-23.2000
-19.8000
-19.2000
-18.2000
-18.0000
 -1.2000
  8.2000
  9.6000
 12.4000
 12.6000
 12.6000
 14.0000
 18.8000
 19.2000
 19.6000
 20.4000
 21.2000
 25.6000
 26.0000
 27.2000
 27.4000
 27.6000
 28.0000
 28.2000
 31.6000
 31.8000
 32.2000
 32.6000
 33.8000
 35.2000
 35.2000
 38.2000
 38.4000
 39.6000
 40.4000
 42.8000
 45.4000
 45.4000
 48.6000
 49.2000
 50.2000
 50.6000
 52.2000
 52.6000
 52.6000
 53.8000
 56.6000
 56.6000
 57.2000
 57.4000
 58.0000
 58.6000
 62.6000
 63.2000
 65.0000
 68.6000
 72.8000
 73.6000
 75.2000
 75.4000
 78.4000
 79.0000
 81.2000
 83.0000
 84.0000
 84.0000
 84.0000
 84.0000
 87.0000
 87.2000
 87.4000
 93.8000
 94.6000
 96.8000
 98.4000
 98.6000
100.6000
103.4000
105.6000
108.2000
110.6000
111.2000
113.0000
117.8000
118.2000
120.6000
125.4000
134.8000
136.6000
138.0000
141.6000
151.8000
162.0000
166.6000
170.6000
175.8000
182.6000


#Top pat = 46
-44.0000
-35.2000
-30.4000
-23.6000
-19.8000
-18.2000
-12.4000
-10.8000
  1.0000
  4.4000
  5.2000
  5.4000
  8.6000
 10.6000
 15.2000
 15.8000
 18.0000
 18.2000
 18.4000
 18.8000
 19.2000
 20.2000
 21.0000
 22.4000
 23.4000
 26.0000
 26.2000
 27.2000
 27.6000
 28.0000
 28.2000
 29.6000
 31.6000
 32.2000
 35.8000
 36.0000
 43.0000
 43.6000
 43.6000
 44.4000
 45.4000
 48.6000
 49.6000
 50.6000
 50.8000
 52.2000
 52.4000
 53.8000
 56.6000
 56.6000
 56.6000
 56.8000
 57.4000
 57.6000
 59.0000
 62.4000
 62.8000
 63.6000
 65.0000
 65.6000
 69.6000
 71.4000
 73.6000
 74.2000
 76.2000
 83.6000
 83.8000
 84.0000
 84.0000
 87.2000
 87.4000
 88.6000
 89.4000
 89.6000
 91.6000
 96.6000
 96.8000
 98.0000
 98.0000
104.0000
108.2000
108.4000
108.8000
110.4000
111.6000
112.8000
113.2000
120.4000
125.6000
129.0000
129.4000
136.6000
138.0000
140.4000
149.4000
155.8000
160.2000
165.2000
168.6000
182.6000


#Top pat = 47
-44.0000
-35.2000
-19.8000
-19.6000
-19.6000
-14.4000
-12.8000
-12.4000
 -5.8000
 -5.6000
  2.0000
  4.8000
  5.2000
  5.4000
  8.6000
  9.6000
 12.8000
 14.2000
 15.2000
 18.2000
 18.2000
 18.8000
 19.2000
 20.6000
 21.0000
 22.4000
 22.4000
 23.4000
 28.0000
 28.2000
 28.4000
 31.0000
 31.4000
 32.2000
 33.2000
 34.2000
 34.4000
 36.0000
 36.4000
 41.2000
 42.8000
 43.6000
 43.6000
 44.4000
 56.2000
 56.6000
 56.6000
 56.6000
 56.8000
 57.8000
 60.4000
 62.4000
 64.8000
 65.6000
 66.2000
 66.4000
 66.4000
 68.2000
 68.8000
 70.4000
 71.8000
 76.2000
 78.4000
 78.6000
 80.4000
 81.4000
 82.2000
 83.8000
 84.0000
 84.4000
 85.6000
 88.6000
 89.2000
 89.4000
 90.6000
 91.6000
 96.4000
 98.0000
 98.4000
 99.0000
101.6000
102.2000
104.0000
104.4000
106.6000
108.2000
111.6000
120.0000
125.6000
129.0000
134.0000
138.4000
144.8000
147.6000
147.6000
150.6000
151.0000
155.4000
163.0000
182.6000


#Top pat = 48
-58.6000
-44.0000
-32.8000
-30.0000
-25.8000
-19.6000
-10.8000
-10.8000
 -5.8000
 -5.2000
 -2.8000
 -2.4000
 -2.0000
  2.0000
  2.0000
  7.4000
 12.0000
 14.2000
 16.4000
 17.6000
 18.8000
 20.4000
 20.6000
 20.6000
 21.8000
 23.4000
 25.0000
 27.0000
 28.4000
 29.6000
 32.2000
 33.4000
 33.8000
 34.6000
 37.0000
 41.2000
 43.2000
 43.6000
 44.6000
 45.8000
 46.4000
 47.4000
 47.4000
 50.8000
 51.4000
 51.8000
 55.4000
 56.0000
 56.2000
 56.6000
 60.4000
 62.4000
 66.2000
 66.6000
 68.2000
 68.8000
 69.8000
 70.4000
 71.0000
 71.8000
 72.0000
 75.0000
 77.6000
 80.2000
 81.4000
 82.4000
 83.4000
 84.0000
 86.0000
 89.2000
 89.4000
 90.6000
 91.4000
 91.4000
 91.6000
 91.6000
 91.8000
 92.6000
 92.8000
 96.2000
 97.0000
 99.0000
 99.6000
100.4000
104.0000
107.4000
111.6000
113.4000
120.0000
121.6000
127.2000
134.4000
135.4000
139.8000
142.8000
149.4000
155.4000
158.0000
176.2000
191.4000


#Top pat = 49
-64.6000
-43.2000
-38.2000
-29.2000
-25.0000
-23.2000
-16.2000
-10.8000
-10.0000
 -5.8000
 -2.4000
 -1.2000
  0.0000
  2.0000
  2.0000
  2.0000
 12.0000
 14.6000
 15.0000
 17.6000
 18.0000
 20.4000
 20.4000
 20.6000
 21.8000
 22.0000
 22.0000
 24.8000
 28.6000
 29.0000
 29.6000
 31.6000
 33.4000
 34.0000
 35.0000
 41.2000
 43.2000
 43.6000
 43.8000
 44.6000
 46.4000
 46.8000
 49.2000
 51.4000
 52.0000
 53.0000
 53.2000
 53.8000
 55.4000
 57.0000
 60.4000
 62.4000
 66.8000
 68.0000
 68.0000
 68.2000
 69.8000
 70.0000
 71.0000
 71.8000
 72.0000
 72.0000
 74.8000
 77.6000
 77.8000
 78.6000
 83.2000
 85.6000
 85.8000
 86.0000
 89.2000
 89.4000
 90.6000
 91.6000
 92.6000
 92.6000
 92.8000
 93.2000
 94.2000
 97.4000
 98.6000
 99.0000
 99.6000
100.4000
101.6000
107.4000
111.0000
111.6000
122.6000
123.0000
123.0000
128.4000
136.4000
140.8000
142.8000
150.2000
155.6000
156.6000
176.2000
187.8000


#Top pat = 50
-68.6000
-43.2000
-35.2000
-30.0000
-27.2000
-26.2000
-25.6000
-16.8000
 -7.6000
 -4.0000
 -3.0000
 -1.6000
  1.2000
  2.0000
  2.4000
  6.0000
  7.6000
  8.0000
 15.4000
 15.8000
 17.0000
 18.0000
 19.2000
 20.6000
 23.0000
 24.2000
 25.6000
 25.8000
 27.2000
 28.6000
 29.0000
 30.0000
 33.2000
 33.4000
 33.8000
 38.8000
 43.6000
 43.8000
 44.6000
 45.4000
 49.2000
 49.8000
 50.0000
 51.4000
 52.4000
 53.8000
 54.4000
 56.2000
 56.6000
 57.0000
 57.4000
 62.2000
 63.8000
 64.8000
 68.6000
 69.8000
 70.6000
 71.6000
 72.0000
 72.6000
 73.6000
 74.0000
 74.0000
 76.2000
 77.2000
 78.2000
 79.0000
 84.2000
 85.6000
 86.0000
 88.2000
 89.2000
 89.4000
 90.6000
 91.0000
 91.4000
 92.6000
 93.0000
 94.6000
 94.6000
 96.2000
 97.2000
 97.6000
 99.2000
 99.6000
103.0000
103.4000
114.6000
116.6000
117.0000
117.0000
119.4000
136.4000
140.2000
144.6000
145.6000
154.4000
156.0000
172.2000
182.8000


#Top pat = 51
-76.6000
-39.2000
-39.0000
-32.2000
-29.6000
-26.4000
-26.2000
-22.8000
-11.0000
 -5.6000
 -4.6000
 -3.0000
 -2.2000
  4.0000
  4.4000
  4.8000
 10.0000
 10.2000
 18.2000
 19.0000
 19.2000
 20.2000
 22.0000
 22.4000
 22.8000
 23.6000
 24.8000
 26.0000
 27.6000
 29.0000
 31.0000
 31.4000
 32.6000
 33.4000
 37.4000
 37.4000
 37.8000
 38.6000
 40.0000
 42.2000
 43.8000
 43.8000
 44.4000
 44.8000
 46.6000
 47.4000
 47.4000
 54.4000
 54.8000
 57.0000
 58.2000
 59.8000
 60.2000
 61.6000
 62.2000
 62.8000
 70.0000
 71.6000
 73.2000
 74.2000
 75.6000
 76.6000
 77.2000
 77.4000
 78.2000
 79.0000
 79.2000
 84.2000
 85.6000
 86.0000
 87.2000
 89.2000
 90.2000
 90.6000
 91.0000
 91.4000
 92.4000
 92.6000
 93.0000
 97.6000
 98.8000
 99.2000
100.0000
100.6000
101.4000
102.6000
103.4000
110.6000
116.6000
119.4000
120.6000
120.6000
130.4000
141.6000
143.2000
148.2000
151.0000
154.4000
168.2000
172.8000


#Top pat = 52
-69.2000
-53.2000
-50.6000
-39.0000
-34.8000
-28.6000
-26.6000
-26.2000
-18.6000
-15.0000
-14.2000
-11.4000
  1.0000
  3.8000
  4.4000
  5.0000
  5.2000
  6.2000
  7.2000
  8.6000
  8.6000
 10.0000
 18.4000
 19.2000
 22.4000
 23.0000
 25.6000
 25.8000
 26.4000
 26.4000
 26.6000
 28.8000
 30.0000
 31.6000
 33.0000
 33.2000
 35.2000
 36.4000
 36.8000
 37.4000
 38.4000
 40.6000
 41.2000
 44.8000
 47.4000
 49.6000
 53.0000
 54.4000
 56.8000
 57.2000
 58.2000
 59.4000
 60.2000
 60.4000
 60.8000
 62.0000
 63.0000
 63.2000
 64.6000
 65.2000
 68.0000
 69.2000
 70.0000
 71.6000
 73.2000
 76.0000
 77.8000
 78.0000
 79.2000
 87.6000
 89.8000
 91.2000
 91.4000
 92.0000
 92.4000
 92.6000
 93.6000
 98.2000
100.0000
101.4000
107.0000
108.0000
108.8000
109.6000
111.6000
115.6000
118.8000
120.6000
121.6000
123.6000
128.2000
129.6000
129.8000
130.4000
154.6000
157.8000
161.2000
167.4000
171.8000
178.6000


#Top pat = 53
-69.2000
-53.2000
-50.6000
-39.0000
-37.2000
-31.6000
-26.6000
-26.2000
-21.0000
-17.8000
-13.8000
-13.2000
 -3.8000
  1.4000
  3.8000
  5.2000
  6.0000
  6.6000
  7.2000
  8.6000
  8.6000
  9.4000
 15.6000
 18.2000
 20.2000
 21.6000
 22.4000
 22.8000
 23.0000
 23.2000
 27.6000
 28.0000
 28.8000
 31.0000
 31.0000
 33.0000
 33.2000
 33.8000
 36.6000
 37.4000
 37.6000
 41.2000
 41.8000
 44.8000
 45.2000
 49.4000
 50.8000
 55.8000
 58.0000
 58.2000
 58.8000
 59.2000
 59.4000
 60.4000
 60.8000
 63.0000
 63.0000
 64.4000
 65.8000
 66.2000
 66.2000
 67.8000
 68.8000
 70.0000
 72.4000
 73.2000
 77.2000
 78.0000
 78.6000
 87.0000
 87.6000
 88.4000
 90.2000
 91.0000
 91.2000
 92.0000
 93.6000
 96.0000
 98.2000
101.6000
103.4000
108.0000
108.8000
110.8000
111.4000
111.6000
115.8000
120.6000
121.6000
121.6000
129.0000
130.4000
130.4000
131.6000
156.0000
157.8000
161.2000
165.0000
173.2000
173.8000


#Top pat = 54
-69.2000
-55.0000
-50.6000
-40.8000
-37.2000
-31.6000
-27.6000
-26.2000
-20.8000
-19.6000
-15.2000
-14.6000
 -4.6000
  1.4000
  3.0000
  5.2000
  5.2000
  6.4000
  6.6000
  7.4000
  7.4000
  8.4000
 14.2000
 16.8000
 18.2000
 20.4000
 21.4000
 21.6000
 22.0000
 22.2000
 26.8000
 27.0000
 28.8000
 30.0000
 31.0000
 31.6000
 31.6000
 33.0000
 33.8000
 36.2000
 37.6000
 40.8000
 41.2000
 44.0000
 44.4000
 47.8000
 49.6000
 54.8000
 56.2000
 56.8000
 57.2000
 58.2000
 58.4000
 59.4000
 61.0000
 62.0000
 62.2000
 63.0000
 65.0000
 66.2000
 66.2000
 66.8000
 68.0000
 70.0000
 72.2000
 72.4000
 76.0000
 76.2000
 77.0000
 86.2000
 86.8000
 87.8000
 89.8000
 90.2000
 90.4000
 92.0000
 93.6000
 96.0000
 97.0000
101.6000
102.0000
106.2000
107.8000
109.0000
110.4000
110.4000
114.4000
120.4000
120.6000
121.6000
127.6000
128.4000
128.4000
130.8000
154.6000
157.8000
159.2000
165.0000
172.4000
172.4000


#Top pat = 55
-77.8000
-69.2000
-58.0000
-50.6000
-42.4000
-39.8000
-31.4000
-29.0000
-27.2000
-26.2000
-26.0000
-23.6000
-17.6000
-15.4000
 -8.4000
 -1.0000
  2.4000
  3.2000
 11.0000
 14.8000
 15.4000
 18.6000
 19.2000
 21.4000
 23.4000
 27.0000
 27.8000
 28.6000
 29.0000
 30.6000
 31.0000
 31.6000
 31.6000
 31.8000
 33.0000
 34.4000
 35.2000
 35.6000
 40.4000
 40.8000
 41.8000
 44.0000
 44.4000
 44.6000
 47.0000
 47.4000
 49.8000
 52.6000
 54.2000
 56.2000
 57.8000
 58.0000
 58.4000
 62.0000
 63.0000
 63.6000
 64.0000
 65.0000
 66.2000
 66.8000
 67.4000
 70.0000
 70.0000
 70.2000
 72.4000
 76.0000
 78.6000
 78.6000
 82.0000
 84.0000
 86.2000
 87.2000
 87.4000
 89.8000
 90.0000
 90.4000
 93.8000
 95.4000
 96.6000
 97.0000
 97.8000
102.0000
105.6000
107.4000
111.6000
113.0000
115.6000
119.8000
120.6000
120.8000
124.0000
127.6000
128.4000
128.8000
134.6000
141.8000
151.2000
168.2000
172.4000
172.4000


#Top pat = 56
-84.8000
-69.2000
-58.0000
-48.2000
-42.4000
-41.4000
-36.2000
-33.2000
-33.0000
-26.2000
-26.0000
-23.6000
-18.4000
-13.4000
 -4.8000
 -3.6000
  2.0000
  3.2000
  8.6000
 14.0000
 14.8000
 17.8000
 19.0000
 21.2000
 21.4000
 22.8000
 25.8000
 26.2000
 27.6000
 28.6000
 30.6000
 34.6000
 34.8000
 35.8000
 36.4000
 36.8000
 37.4000
 37.8000
 38.0000
 39.0000
 39.6000
 39.8000
 40.8000
 43.0000
 44.0000
 47.4000
 47.4000
 48.8000
 50.2000
 52.0000
 55.0000
 57.2000
 58.6000
 60.0000
 60.0000
 60.8000
 60.8000
 62.4000
 63.0000
 65.0000
 66.0000
 66.2000
 66.2000
 73.6000
 74.6000
 76.0000
 80.4000
 80.8000
 81.0000
 82.4000
 82.8000
 85.0000
 86.2000
 87.0000
 88.6000
 88.8000
 91.8000
 92.0000
 96.0000
 97.0000
 99.4000
 99.6000
103.8000
108.6000
114.6000
116.6000
118.0000
120.6000
122.8000
124.4000
126.6000
127.0000
127.6000
128.4000
128.8000
144.2000
144.8000
168.2000
172.4000
177.2000


#Top pat = 57
-86.8000
-75.8000
-59.2000
-49.4000
-43.6000
-42.0000
-41.4000
-33.0000
-29.8000
-29.4000
-25.6000
-23.6000
-19.0000
-17.0000
 -3.6000
 -2.6000
 -2.4000
  3.2000
  5.8000
  6.0000
  6.0000
 15.4000
 16.4000
 19.0000
 19.4000
 21.4000
 22.8000
 25.4000
 26.6000
 26.8000
 27.6000
 29.2000
 31.2000
 31.6000
 32.2000
 33.0000
 34.6000
 37.4000
 37.8000
 38.0000
 39.6000
 40.8000
 44.0000
 45.0000
 46.8000
 47.4000
 47.4000
 47.4000
 47.6000
 49.8000
 54.8000
 57.4000
 58.6000
 60.0000
 61.0000
 62.4000
 64.6000
 64.8000
 65.8000
 66.0000
 66.2000
 68.0000
 71.2000
 73.4000
 74.0000
 74.6000
 75.2000
 76.0000
 76.6000
 80.8000
 80.8000
 82.0000
 84.4000
 85.0000
 88.2000
 88.6000
 91.8000
 93.0000
 95.2000
 95.8000
101.4000
104.2000
105.6000
115.6000
116.2000
116.4000
118.8000
121.2000
122.0000
126.6000
127.0000
127.2000
128.4000
129.4000
143.2000
143.2000
144.2000
162.8000
177.2000
186.8000


#Top pat = 58
-97.6000
-64.6000
-59.8000
-54.6000
-45.2000
-40.2000
-35.4000
-33.0000
-32.6000
-28.8000
-21.6000
-20.0000
-18.6000
-15.4000
-13.0000
-11.6000
 -9.6000
 -5.8000
 -3.0000
 -1.4000
  6.0000
  8.2000
 13.6000
 18.2000
 19.4000
 19.4000
 27.0000
 27.6000
 28.8000
 29.2000
 31.2000
 32.2000
 32.4000
 32.6000
 33.0000
 35.0000
 36.0000
 37.8000
 38.4000
 39.4000
 40.0000
 40.2000
 42.0000
 44.0000
 45.0000
 46.4000
 46.6000
 47.4000
 48.6000
 51.8000
 52.8000
 53.4000
 55.6000
 56.8000
 56.8000
 57.2000
 61.6000
 63.8000
 66.0000
 67.4000
 68.6000
 69.4000
 73.0000
 73.2000
 73.4000
 75.0000
 75.2000
 80.0000
 80.8000
 80.8000
 81.0000
 82.8000
 84.4000
 85.0000
 85.0000
 87.8000
 88.2000
 88.6000
 95.8000
 98.8000
101.4000
101.4000
101.8000
108.6000
109.2000
111.2000
111.6000
114.8000
115.6000
116.4000
126.6000
127.0000
128.8000
133.4000
139.6000
140.6000
153.0000
162.8000
175.8000
195.2000


#Top pat = 59
-97.6000
-74.6000
-65.8000
-54.6000
-50.2000
-36.6000
-36.0000
-35.4000
-33.6000
-30.0000
-28.6000
-26.0000
-18.6000
-16.6000
-11.2000
-10.6000
 -8.6000
 -2.2000
 -1.2000
  2.0000
  2.8000
 11.2000
 19.0000
 19.4000
 19.4000
 20.0000
 20.6000
 22.2000
 26.2000
 26.4000
 28.0000
 30.0000
 31.0000
 31.4000
 32.2000
 32.6000
 34.2000
 36.6000
 41.2000
 42.6000
 44.8000
 45.6000
 45.6000
 45.8000
 45.8000
 47.2000
 48.6000
 48.8000
 49.8000
 50.4000
 50.6000
 52.0000
 53.4000
 56.6000
 56.8000
 56.8000
 61.4000
 61.6000
 63.8000
 66.0000
 66.2000
 68.0000
 68.6000
 69.0000
 69.2000
 73.4000
 74.2000
 78.0000
 79.0000
 81.0000
 82.4000
 82.8000
 83.8000
 84.4000
 87.8000
 88.2000
 88.6000
 88.8000
 89.2000
 95.4000
101.2000
103.6000
105.4000
105.6000
105.6000
114.6000
114.6000
115.4000
119.0000
119.4000
123.4000
126.6000
128.0000
128.8000
132.6000
140.6000
153.0000
162.8000
175.8000
189.2000


#Top pat = 60
-93.6000
-80.2000
-61.6000
-57.8000
-57.2000
-43.6000
-43.4000
-41.2000
-37.0000
-31.0000
-27.4000
-26.0000
-25.0000
-19.0000
-15.2000
-11.2000
 -8.6000
 -6.4000
 -2.2000
 -0.6000
  2.0000
  6.0000
 13.8000
 19.0000
 19.4000
 19.4000
 20.6000
 21.2000
 21.6000
 24.2000
 25.4000
 28.0000
 29.6000
 30.4000
 35.8000
 36.0000
 39.4000
 40.2000
 42.6000
 43.2000
 44.8000
 45.6000
 48.2000
 48.6000
 49.6000
 49.8000
 49.8000
 50.8000
 50.8000
 52.0000
 52.8000
 53.2000
 55.4000
 55.6000
 56.8000
 59.6000
 60.2000
 61.6000
 66.0000
 67.8000
 68.0000
 68.6000
 69.4000
 70.2000
 70.8000
 71.8000
 73.2000
 74.2000
 75.8000
 76.6000
 76.8000
 78.0000
 84.0000
 87.0000
 87.8000
 88.6000
 88.8000
 89.8000
 90.4000
 91.8000
101.2000
102.0000
103.6000
104.2000
105.4000
109.6000
112.4000
112.6000
114.6000
118.6000
118.6000
124.0000
127.4000
128.0000
133.8000
140.6000
153.0000
161.8000
168.8000
183.6000


#Top pat = 61
-92.0000
-82.6000
-61.6000
-56.6000
-55.8000
-47.2000
-45.2000
-41.2000
-40.0000
-30.0000
-29.8000
-26.0000
-25.2000
-18.4000
-13.8000
-10.6000
-10.0000
 -8.6000
 -3.6000
 -2.2000
  3.4000
  6.8000
 13.8000
 14.6000
 15.2000
 16.6000
 18.2000
 18.2000
 21.6000
 22.2000
 23.8000
 26.8000
 30.2000
 30.4000
 34.0000
 34.2000
 37.0000
 37.2000
 37.8000
 39.4000
 42.0000
 42.8000
 44.8000
 45.6000
 46.0000
 48.6000
 49.6000
 49.8000
 50.6000
 52.4000
 52.8000
 53.2000
 53.8000
 54.2000
 56.8000
 58.6000
 60.8000
 61.4000
 64.8000
 67.0000
 67.2000
 68.6000
 69.6000
 70.4000
 70.8000
 72.6000
 73.2000
 74.2000
 74.4000
 76.8000
 78.0000
 78.4000
 78.8000
 87.0000
 87.8000
 88.6000
 90.2000
 91.4000
 91.6000
 92.4000
 97.8000
 98.2000
103.6000
104.2000
106.0000
106.6000
107.0000
114.2000
115.6000
115.8000
119.6000
123.8000
124.0000
125.0000
135.0000
138.2000
150.6000
159.4000
169.8000
180.0000


#Top pat = 62
-111.0000
-85.2000
-78.6000
-70.4000
-62.2000
-57.8000
-52.6000
-46.6000
-46.4000
-25.8000
-24.8000
-16.4000
-13.8000
-13.4000
 -9.0000
 -7.2000
 -5.2000
 -4.6000
 -0.2000
 -0.2000
  0.8000
  5.4000
  8.8000
 10.0000
 10.6000
 14.6000
 15.2000
 22.2000
 23.4000
 23.8000
 25.8000
 26.8000
 27.2000
 28.8000
 30.8000
 32.8000
 38.0000
 38.6000
 39.2000
 39.4000
 40.0000
 42.0000
 43.8000
 43.8000
 45.6000
 47.6000
 50.4000
 52.0000
 52.8000
 53.8000
 55.6000
 56.4000
 56.8000
 57.4000
 57.4000
 61.4000
 61.4000
 65.0000
 67.6000
 67.8000
 68.6000
 68.6000
 68.8000
 69.4000
 69.6000
 69.8000
 70.4000
 72.6000
 75.0000
 75.6000
 76.2000
 76.8000
 78.4000
 79.2000
 83.8000
 85.4000
 90.2000
 91.6000
 97.6000
 99.2000
101.6000
102.2000
103.6000
104.8000
106.6000
110.8000
115.4000
115.8000
119.6000
124.0000
127.6000
128.0000
129.0000
130.8000
136.0000
139.4000
148.8000
162.2000
181.2000
193.6000


#Top pat = 63
-115.2000
-84.0000
-78.6000
-70.4000
-62.2000
-56.8000
-56.6000
-46.4000
-45.0000
-25.2000
-24.0000
-16.8000
-16.4000
-13.4000
-10.2000
 -8.0000
 -5.2000
 -5.2000
 -3.8000
 -2.6000
 -0.6000
  0.6000
  8.8000
 10.6000
 11.0000
 12.2000
 15.2000
 19.6000
 23.0000
 23.4000
 25.8000
 26.8000
 27.2000
 30.8000
 30.8000
 33.8000
 34.2000
 34.4000
 35.0000
 37.2000
 37.8000
 40.0000
 40.6000
 42.2000
 43.8000
 45.6000
 51.0000
 51.4000
 52.0000
 52.8000
 53.8000
 56.8000
 56.8000
 57.2000
 57.4000
 57.4000
 62.2000
 62.4000
 62.6000
 66.8000
 67.8000
 69.4000
 69.4000
 69.6000
 69.8000
 70.4000
 70.6000
 71.2000
 75.6000
 76.2000
 76.8000
 78.0000
 78.0000
 81.2000
 83.8000
 85.4000
 91.6000
 92.2000
 99.0000
 99.2000
102.8000
103.4000
103.4000
106.0000
106.6000
106.6000
110.4000
115.4000
121.6000
122.2000
124.8000
125.0000
128.4000
129.6000
137.8000
140.6000
150.4000
159.2000
175.8000
193.6000


#Top pat = 64
-93.6000
-89.2000
-84.0000
-74.6000
-62.2000
-54.8000
-46.4000
-38.6000
-36.0000
-34.6000
-31.4000
-25.2000
-17.2000
-16.4000
 -1.2000
 -0.6000
  0.2000
  2.4000
  3.8000
  7.4000
 10.4000
 10.4000
 10.6000
 10.6000
 11.8000
 11.8000
 12.8000
 15.2000
 18.8000
 19.2000
 19.6000
 22.0000
 23.0000
 24.0000
 25.8000
 27.2000
 32.2000
 37.8000
 39.2000
 42.8000
 44.2000
 45.4000
 45.6000
 46.8000
 49.4000
 51.0000
 51.4000
 52.0000
 53.8000
 54.0000
 54.6000
 55.0000
 55.4000
 57.4000
 57.8000
 58.8000
 62.0000
 62.4000
 64.2000
 64.6000
 67.2000
 67.8000
 69.4000
 69.8000
 70.4000
 72.8000
 75.0000
 76.2000
 76.8000
 78.0000
 82.0000
 82.4000
 82.6000
 83.6000
 85.4000
 85.4000
 87.2000
 88.4000
 91.6000
 92.0000
 99.4000
100.2000
103.4000
103.8000
105.2000
106.6000
107.2000
108.6000
110.4000
110.4000
115.4000
122.2000
122.6000
124.8000
129.2000
138.0000
138.4000
153.4000
157.8000
204.0000


#Top pat = 65
-102.4000
-100.2000
-81.8000
-64.0000
-63.6000
-49.4000
-45.6000
-28.4000
-27.4000
-24.2000
-23.4000
-17.0000
-13.0000
-12.6000
-12.4000
 -9.4000
 -6.4000
 -4.6000
 -1.2000
 -0.6000
  2.0000
  3.2000
  8.6000
 10.4000
 11.8000
 12.8000
 17.0000
 17.8000
 18.8000
 19.2000
 19.6000
 21.4000
 22.0000
 22.6000
 24.4000
 26.0000
 26.6000
 36.8000
 39.2000
 41.2000
 43.2000
 45.0000
 46.8000
 48.8000
 49.2000
 51.0000
 51.8000
 52.8000
 54.0000
 54.4000
 55.0000
 57.4000
 57.4000
 57.8000
 58.0000
 59.0000
 60.2000
 62.4000
 62.8000
 63.0000
 65.4000
 67.2000
 67.4000
 67.6000
 69.4000
 69.6000
 70.4000
 74.4000
 74.6000
 76.6000
 76.8000
 78.0000
 78.8000
 81.8000
 82.6000
 84.0000
 87.0000
 88.4000
 91.0000
 91.6000
 98.6000
 99.4000
 99.4000
103.8000
104.4000
107.2000
110.4000
111.6000
111.6000
113.8000
114.0000
116.0000
119.6000
131.6000
136.2000
136.6000
138.4000
142.4000
156.0000
204.0000


#Top pat = 66
-106.2000
-102.4000
-79.4000
-64.0000
-60.0000
-45.6000
-43.4000
-32.4000
-27.4000
-19.8000
-19.4000
-18.4000
-17.4000
-17.0000
-12.6000
-11.6000
 -7.0000
 -6.4000
  2.0000
  2.4000
  3.2000
  3.6000
 11.8000
 11.8000
 12.8000
 13.6000
 14.4000
 16.4000
 16.4000
 17.0000
 18.8000
 18.8000
 19.6000
 20.0000
 21.6000
 22.6000
 25.0000
 30.8000
 42.2000
 43.2000
 43.6000
 46.0000
 46.8000
 47.0000
 49.0000
 49.2000
 49.8000
 51.0000
 51.8000
 52.8000
 52.8000
 57.4000
 57.8000
 58.0000
 59.4000
 59.4000
 60.2000
 61.6000
 61.6000
 62.4000
 62.6000
 62.8000
 65.8000
 66.4000
 67.4000
 67.8000
 68.6000
 69.0000
 69.8000
 71.4000
 74.4000
 75.8000
 78.0000
 79.6000
 82.4000
 82.6000
 90.4000
 90.6000
 91.4000
 91.6000
 98.6000
 99.4000
102.4000
103.8000
106.0000
107.2000
107.4000
110.4000
112.0000
115.6000
115.8000
116.2000
116.4000
133.4000
133.6000
135.4000
136.2000
136.4000
159.0000
202.8000


#Top pat = 67
-109.2000
-106.6000
-79.4000
-67.6000
-58.8000
-45.6000
-43.4000
-35.4000
-25.6000
-22.2000
-19.4000
-19.0000
-17.2000
-17.0000
-12.6000
-10.6000
-10.2000
 -5.8000
 -1.2000
  3.4000
  5.2000
  5.4000
 10.0000
 10.2000
 11.8000
 12.8000
 12.8000
 13.2000
 14.0000
 15.2000
 16.4000
 17.2000
 18.8000
 19.6000
 21.4000
 22.8000
 24.2000
 30.8000
 40.6000
 41.4000
 43.4000
 43.6000
 44.2000
 45.6000
 45.8000
 46.8000
 47.4000
 49.0000
 50.4000
 50.6000
 52.8000
 53.0000
 55.8000
 56.8000
 59.4000
 60.0000
 60.0000
 60.0000
 60.2000
 61.6000
 62.8000
 62.8000
 63.0000
 63.2000
 64.2000
 64.8000
 66.6000
 69.6000
 69.8000
 72.2000
 74.4000
 75.8000
 77.2000
 77.2000
 80.0000
 83.6000
 87.4000
 91.6000
 92.0000
 92.4000
 99.6000
100.2000
101.8000
102.4000
103.6000
105.0000
109.0000
109.0000
110.4000
111.6000
115.6000
116.2000
118.2000
130.4000
131.4000
133.4000
135.4000
136.4000
160.8000
200.4000


#Top pat = 68
-88.2000
-73.0000
-67.2000
-58.4000
-54.0000
-46.6000
-45.6000
-31.6000
-31.0000
-25.6000
-19.0000
-18.2000
-18.2000
-10.2000
 -3.4000
 -1.8000
 -0.4000
 -0.2000
 -0.2000
  0.8000
  1.6000
  3.0000
  3.4000
  4.6000
  6.2000
 10.0000
 10.2000
 10.4000
 11.0000
 11.4000
 12.8000
 12.8000
 15.2000
 17.0000
 17.8000
 18.6000
 18.6000
 22.8000
 23.2000
 30.6000
 32.2000
 37.2000
 37.4000
 38.2000
 40.6000
 43.6000
 44.2000
 44.6000
 45.4000
 47.4000
 49.6000
 50.0000
 51.2000
 51.8000
 52.8000
 53.0000
 55.0000
 62.0000
 62.8000
 63.2000
 67.2000
 69.8000
 70.2000
 73.6000
 74.0000
 74.2000
 77.0000
 77.2000
 77.8000
 79.4000
 82.0000
 82.6000
 82.6000
 83.2000
 88.6000
 90.0000
 92.0000
 97.8000
 99.4000
100.2000
100.2000
101.2000
101.4000
104.8000
105.2000
108.8000
116.2000
116.4000
116.8000
118.2000
120.2000
125.6000
130.4000
131.4000
134.2000
135.4000
135.4000
151.0000
177.4000
202.8000


#Top pat = 69
-78.2000
-77.4000
-73.0000
-65.0000
-62.0000
-58.4000
-45.6000
-31.6000
-31.0000
-29.2000
-25.6000
-17.2000
-15.8000
-14.6000
 -9.2000
 -6.4000
 -3.4000
 -1.2000
 -0.6000
  0.8000
  1.0000
  1.8000
  3.4000
  4.6000
  8.8000
 10.2000
 10.6000
 12.4000
 12.8000
 13.0000
 17.0000
 18.6000
 19.0000
 20.0000
 22.4000
 22.8000
 23.2000
 24.2000
 27.6000
 27.6000
 30.4000
 34.4000
 37.2000
 44.2000
 44.6000
 46.4000
 46.6000
 47.8000
 49.0000
 50.8000
 51.8000
 51.8000
 52.8000
 53.0000
 55.0000
 56.4000
 56.8000
 58.4000
 59.0000
 61.0000
 63.2000
 64.4000
 66.2000
 67.2000
 68.4000
 69.4000
 72.8000
 73.6000
 74.4000
 77.0000
 77.4000
 78.2000
 80.2000
 82.6000
 85.8000
 86.8000
 90.0000
 94.0000
 94.2000
 97.8000
 99.4000
104.8000
106.6000
108.0000
110.4000
111.0000
112.2000
114.6000
116.8000
117.2000
117.4000
118.2000
120.2000
134.2000
135.4000
144.0000
146.2000
151.0000
185.2000
193.6000


#Top pat = 70
-77.4000
-72.2000
-69.0000
-65.0000
-62.0000
-59.0000
-46.2000
-41.6000
-29.6000
-29.2000
-28.6000
-17.2000
-15.8000
-14.6000
-11.4000
 -6.8000
 -3.2000
 -2.4000
 -0.6000
  2.4000
  4.0000
  4.2000
  4.4000
  4.6000
  5.2000
  6.8000
  7.6000
  8.8000
 13.0000
 14.6000
 14.8000
 17.2000
 20.0000
 22.0000
 22.6000
 22.8000
 23.0000
 24.4000
 25.4000
 26.4000
 27.6000
 28.0000
 37.2000
 38.4000
 44.6000
 45.0000
 46.6000
 46.8000
 47.2000
 50.8000
 51.8000
 52.8000
 53.8000
 54.8000
 55.4000
 56.0000
 58.8000
 59.0000
 60.4000
 61.4000
 62.4000
 63.2000
 67.2000
 68.4000
 68.4000
 68.6000
 69.0000
 69.8000
 72.8000
 73.2000
 73.6000
 74.4000
 75.8000
 79.8000
 83.8000
 85.2000
 86.8000
 92.4000
 96.4000
100.0000
100.2000
101.4000
102.6000
104.2000
107.0000
107.8000
108.8000
117.0000
117.2000
117.4000
120.2000
120.6000
122.4000
130.2000
137.0000
140.2000
149.2000
154.0000
179.2000
196.6000


#Top pat = 71
-77.4000
-74.6000
-73.8000
-63.8000
-60.6000
-57.0000
-46.2000
-45.8000
-32.8000
-29.2000
-27.8000
-22.0000
-18.8000
-18.2000
-16.8000
 -7.0000
 -6.0000
 -3.0000
 -2.2000
 -0.4000
  3.4000
  3.6000
  4.0000
  5.0000
  5.8000
  6.8000
  7.0000
  8.8000
 13.8000
 15.8000
 16.6000
 17.2000
 18.6000
 20.0000
 22.0000
 22.4000
 22.6000
 23.4000
 24.4000
 26.4000
 27.4000
 29.2000
 37.2000
 38.4000
 42.4000
 45.6000
 45.8000
 47.6000
 48.2000
 48.4000
 49.8000
 50.6000
 51.4000
 51.8000
 53.8000
 54.6000
 55.4000
 59.0000
 60.2000
 62.6000
 63.0000
 63.0000
 63.2000
 64.6000
 66.6000
 67.4000
 68.4000
 69.2000
 69.4000
 69.8000
 70.4000
 74.2000
 75.6000
 76.2000
 82.8000
 84.6000
 87.6000
 92.4000
 94.0000
 95.8000
 97.8000
101.4000
102.2000
104.6000
105.2000
105.4000
110.0000
117.0000
117.2000
117.4000
120.0000
120.2000
122.2000
131.2000
138.4000
140.8000
146.2000
150.4000
175.6000
193.0000


#Top pat = 72
-92.0000
-76.2000
-63.8000
-63.6000
-48.2000
-46.2000
-44.4000
-38.2000
-34.8000
-29.2000
-28.2000
-24.8000
-22.0000
-21.8000
-19.8000
-16.8000
-16.6000
 -8.8000
 -8.6000
 -7.2000
 -5.2000
 -4.4000
 -4.2000
 -0.8000
  1.8000
  3.2000
  5.2000
  5.6000
  7.2000
 10.6000
 13.6000
 13.8000
 16.6000
 20.8000
 21.6000
 22.0000
 24.4000
 26.0000
 26.8000
 30.0000
 33.4000
 33.6000
 33.6000
 34.6000
 36.4000
 37.4000
 39.6000
 39.8000
 42.4000
 45.8000
 47.2000
 48.4000
 48.8000
 49.2000
 50.0000
 50.6000
 51.6000
 52.2000
 53.8000
 54.6000
 60.0000
 61.0000
 63.0000
 63.8000
 66.6000
 68.4000
 69.2000
 71.4000
 74.4000
 76.2000
 78.4000
 78.4000
 80.0000
 82.6000
 83.0000
 84.8000
 86.6000
 87.6000
 90.2000
 91.6000
 95.8000
 96.2000
 98.8000
102.2000
105.4000
110.2000
111.8000
115.6000
117.4000
120.2000
122.8000
126.0000
128.0000
131.2000
137.6000
150.4000
154.0000
157.2000
174.8000
175.6000


#Top pat = 73
-96.8000
-76.2000
-69.6000
-66.8000
-49.8000
-47.0000
-42.8000
-38.4000
-37.6000
-29.0000
-27.6000
-27.2000
-22.6000
-21.8000
-21.0000
-20.4000
-19.8000
-11.0000
-10.2000
 -9.2000
 -6.8000
 -6.6000
 -5.6000
  0.8000
  1.0000
  3.2000
  5.2000
  7.4000
  8.4000
 11.8000
 13.8000
 14.4000
 17.8000
 18.6000
 19.6000
 20.8000
 22.0000
 22.4000
 25.8000
 28.6000
 29.4000
 30.4000
 34.6000
 35.4000
 36.0000
 38.8000
 39.8000
 41.6000
 43.2000
 43.2000
 46.4000
 47.4000
 48.4000
 48.4000
 49.4000
 50.0000
 51.6000
 54.2000
 55.4000
 55.6000
 56.8000
 57.0000
 61.2000
 62.4000
 63.8000
 64.4000
 68.4000
 71.4000
 72.8000
 77.0000
 78.4000
 79.6000
 80.0000
 80.0000
 82.4000
 83.0000
 85.2000
 86.8000
 88.0000
 91.8000
 93.8000
 94.6000
 95.8000
103.0000
106.6000
110.2000
112.6000
117.4000
117.4000
119.8000
120.2000
122.0000
122.4000
131.2000
131.6000
144.4000
154.8000
157.2000
176.6000
176.6000


#Top pat = 74
-86.8000
-79.4000
-76.2000
-58.8000
-56.8000
-51.6000
-42.8000
-42.8000
-34.4000
-31.0000
-30.2000
-22.2000
-21.6000
-21.0000
-21.0000
-20.4000
-19.8000
-13.6000
-11.0000
 -6.8000
 -6.2000
 -4.2000
 -4.2000
 -2.6000
 -1.0000
  4.8000
  5.0000
  8.2000
  8.2000
 10.8000
 11.2000
 14.4000
 17.4000
 19.8000
 22.0000
 22.0000
 22.6000
 25.6000
 25.8000
 26.2000
 27.6000
 28.6000
 29.4000
 29.8000
 34.4000
 34.6000
 34.8000
 36.6000
 37.2000
 41.6000
 41.8000
 43.2000
 45.6000
 47.2000
 47.8000
 49.8000
 50.2000
 52.4000
 57.0000
 57.2000
 57.4000
 58.2000
 58.4000
 59.4000
 63.0000
 64.4000
 66.2000
 67.4000
 69.8000
 70.0000
 72.8000
 73.2000
 77.0000
 80.0000
 85.0000
 85.2000
 87.4000
 91.8000
 93.8000
 93.8000
 95.0000
 95.8000
100.6000
103.0000
106.2000
106.6000
107.0000
110.4000
117.4000
119.8000
120.2000
122.4000
123.2000
126.0000
135.2000
146.4000
150.4000
163.2000
176.6000
185.6000


#Top pat = 75
-101.2000
-79.4000
-74.8000
-66.4000
-62.4000
-58.8000
-45.2000
-44.6000
-39.6000
-34.4000
-34.4000
-31.0000
-28.0000
-20.4000
-16.8000
-11.2000
-10.0000
 -9.6000
 -7.0000
 -4.2000
 -4.0000
 -3.6000
  1.6000
  2.2000
  4.8000
  6.0000
  8.2000
  8.2000
 10.2000
 10.6000
 10.8000
 11.2000
 11.4000
 14.8000
 16.8000
 17.2000
 18.6000
 19.8000
 21.0000
 22.0000
 23.8000
 24.4000
 26.2000
 27.6000
 29.6000
 30.8000
 31.0000
 34.2000
 37.2000
 39.4000
 40.0000
 41.2000
 42.2000
 42.6000
 43.4000
 45.0000
 47.2000
 47.4000
 47.8000
 49.8000
 55.4000
 55.6000
 62.0000
 64.0000
 64.2000
 64.4000
 71.4000
 73.0000
 73.2000
 73.2000
 73.4000
 75.8000
 78.2000
 79.4000
 82.4000
 85.0000
 85.4000
 90.0000
 94.0000
 96.4000
 97.2000
100.6000
102.8000
103.0000
103.2000
104.4000
104.8000
114.0000
115.6000
119.8000
122.4000
127.2000
131.6000
133.0000
140.8000
143.6000
157.4000
170.2000
173.0000
176.6000


#Top pat = 76
-101.2000
-93.4000
-75.0000
-68.8000
-58.4000
-53.0000
-50.8000
-49.4000
-48.2000
-40.8000
-35.4000
-24.4000
-23.0000
-20.4000
-16.8000
-10.0000
 -9.6000
 -4.2000
 -3.4000
 -2.2000
 -1.6000
 -0.4000
  0.4000
  1.0000
  2.4000
  3.6000
  4.0000
  4.2000
  4.8000
  6.0000
  8.0000
  8.2000
  8.8000
 11.4000
 11.4000
 12.8000
 13.0000
 14.8000
 16.8000
 20.6000
 21.0000
 25.8000
 27.8000
 30.2000
 31.0000
 31.0000
 31.4000
 33.8000
 34.8000
 37.2000
 40.0000
 41.2000
 42.2000
 42.2000
 45.0000
 47.2000
 49.2000
 50.4000
 51.4000
 54.4000
 58.4000
 58.8000
 60.4000
 60.6000
 60.6000
 64.4000
 66.2000
 68.0000
 68.8000
 69.6000
 71.2000
 79.4000
 80.8000
 81.4000
 82.4000
 84.4000
 89.0000
 92.4000
 93.6000
 94.0000
 96.0000
 96.4000
100.0000
100.2000
102.8000
106.2000
107.2000
115.4000
119.8000
122.4000
125.6000
127.2000
131.6000
133.0000
140.8000
147.6000
149.0000
162.6000
173.0000
175.2000


#Top pat = 77
-112.4000
-90.6000
-75.0000
-68.8000
-58.4000
-55.8000
-55.0000
-49.2000
-43.0000
-34.8000
-30.4000
-30.0000
-23.0000
-20.8000
-14.4000
-10.8000
 -7.8000
 -6.0000
 -4.2000
 -2.6000
 -1.6000
  1.6000
  1.6000
  3.4000
  4.0000
  4.8000
  5.6000
  6.0000
  7.6000
  8.0000
  8.2000
  8.8000
 10.4000
 12.6000
 12.8000
 13.0000
 13.0000
 14.6000
 15.2000
 19.6000
 19.8000
 20.2000
 20.8000
 21.0000
 22.2000
 25.4000
 30.2000
 31.0000
 35.0000
 40.0000
 40.2000
 40.2000
 42.2000
 45.2000
 48.8000
 50.0000
 51.8000
 52.2000
 52.8000
 54.2000
 58.4000
 58.4000
 58.8000
 60.6000
 64.2000
 64.4000
 65.6000
 68.0000
 70.2000
 71.2000
 76.4000
 76.6000
 77.6000
 80.4000
 83.6000
 84.4000
 86.2000
 87.4000
 88.4000
 93.6000
 96.4000
 98.8000
100.0000
101.4000
106.0000
106.8000
110.2000
116.0000
119.4000
119.8000
121.4000
126.0000
133.6000
133.8000
140.0000
140.6000
157.0000
158.0000
163.2000
169.6000


#Top pat = 78
-107.6000
-85.8000
-80.0000
-63.4000
-60.8000
-56.8000
-54.8000
-53.2000
-43.0000
-38.4000
-31.2000
-30.0000
-27.8000
-23.0000
-14.4000
 -5.6000
 -5.0000
 -4.8000
 -4.2000
 -3.6000
 -3.4000
 -2.8000
 -1.6000
 -0.4000
  0.0000
  1.6000
  3.6000
  3.8000
  4.2000
  5.6000
  5.8000
  7.8000
  8.0000
  8.4000
  9.6000
 10.4000
 11.2000
 15.0000
 15.4000
 15.8000
 17.0000
 19.6000
 20.2000
 20.8000
 22.2000
 25.4000
 27.0000
 28.0000
 35.0000
 35.2000
 40.0000
 42.6000
 43.8000
 44.6000
 49.4000
 52.2000
 53.6000
 54.8000
 55.2000
 55.8000
 58.4000
 58.4000
 59.4000
 60.6000
 62.6000
 65.6000
 66.0000
 68.0000
 72.0000
 72.4000
 74.8000
 76.4000
 76.6000
 80.6000
 83.4000
 86.2000
 87.4000
 87.8000
 88.4000
 88.6000
 91.4000
 98.8000
102.4000
105.0000
106.0000
110.4000
113.8000
114.8000
119.4000
121.4000
126.0000
127.4000
132.0000
133.2000
133.6000
144.8000
148.0000
153.0000
161.6000
162.6000


#Top pat = 79
-107.6000
-92.8000
-75.0000
-73.2000
-60.8000
-57.8000
-46.2000
-44.8000
-43.0000
-39.4000
-31.2000
-28.6000
-27.8000
-22.0000
-16.8000
-14.4000
-14.0000
-13.2000
 -5.6000
 -5.4000
 -3.6000
  1.0000
  2.2000
  2.6000
  2.8000
  3.8000
  4.4000
  5.0000
  5.4000
  5.6000
  5.6000
  7.8000
 10.2000
 10.2000
 11.4000
 11.8000
 12.4000
 14.6000
 15.4000
 16.4000
 17.0000
 18.6000
 19.4000
 25.2000
 25.4000
 28.0000
 28.6000
 28.8000
 29.4000
 33.0000
 38.2000
 39.6000
 40.0000
 40.2000
 49.6000
 51.4000
 52.4000
 52.8000
 57.2000
 58.2000
 58.8000
 59.0000
 60.8000
 60.8000
 61.2000
 61.6000
 64.0000
 65.6000
 68.0000
 70.8000
 72.0000
 72.4000
 74.6000
 76.6000
 79.0000
 84.4000
 84.8000
 85.2000
 87.8000
 93.2000
 93.4000
 96.4000
102.4000
106.0000
108.8000
109.2000
110.4000
113.8000
114.0000
117.6000
120.4000
124.4000
133.2000
133.6000
138.0000
148.0000
148.8000
158.0000
162.6000
170.6000


#Top pat = 80
-110.6000
-98.8000
-73.6000
-72.2000
-58.8000
-57.8000
-48.4000
-45.6000
-43.6000
-41.6000
-32.8000
-29.2000
-27.0000
-21.2000
-17.0000
-16.2000
-13.2000
-12.0000
 -5.6000
 -5.4000
 -2.6000
  2.2000
  2.4000
  2.4000
  2.6000
  2.6000
  2.8000
  3.0000
  4.6000
  5.6000
  6.0000
  6.0000
  6.8000
  7.8000
  9.4000
 11.6000
 12.2000
 13.0000
 13.8000
 15.4000
 17.0000
 17.4000
 18.6000
 23.0000
 24.4000
 25.0000
 26.6000
 30.0000
 30.2000
 33.6000
 34.4000
 39.6000
 40.0000
 41.4000
 46.6000
 47.0000
 50.8000
 54.6000
 55.2000
 56.0000
 57.2000
 58.0000
 58.4000
 58.8000
 59.8000
 61.6000
 64.8000
 65.6000
 67.8000
 68.0000
 69.2000
 72.4000
 73.8000
 73.8000
 75.4000
 79.8000
 84.4000
 84.8000
 89.2000
 93.4000
 94.8000
 96.2000
 97.0000
104.4000
108.0000
108.8000
110.4000
110.4000
113.8000
117.6000
118.4000
122.4000
127.2000
133.2000
135.0000
148.0000
149.6000
158.4000
159.8000
170.6000


#Top pat = 81
-113.8000
-92.4000
-76.0000
-73.6000
-72.2000
-68.6000
-58.8000
-51.2000
-48.4000
-45.6000
-44.2000
-43.6000
-32.8000
-21.4000
-18.0000
-14.6000
-13.2000
-12.0000
 -9.6000
 -6.0000
  0.6000
  1.2000
  2.0000
  2.4000
  2.6000
  2.8000
  3.0000
  5.0000
  9.4000
 10.0000
 12.6000
 12.8000
 13.0000
 13.8000
 15.6000
 17.0000
 17.4000
 17.6000
 20.4000
 25.6000
 26.6000
 26.8000
 27.2000
 27.6000
 28.4000
 28.4000
 30.2000
 32.0000
 33.0000
 33.4000
 34.8000
 40.0000
 44.8000
 45.6000
 46.0000
 46.4000
 46.8000
 54.4000
 55.2000
 55.2000
 55.8000
 57.0000
 57.2000
 58.8000
 58.8000
 59.8000
 62.4000
 63.8000
 63.8000
 67.2000
 67.8000
 67.8000
 68.0000
 73.4000
 73.8000
 75.4000
 83.4000
 85.0000
 89.2000
 92.6000
 93.4000
 94.8000
 97.0000
 98.8000
100.2000
102.6000
108.0000
108.0000
108.8000
110.4000
110.4000
111.8000
121.2000
122.4000
131.4000
143.4000
151.0000
162.6000
180.6000
186.2000


#Top pat = 82
-113.8000
-99.0000
-85.4000
-75.4000
-74.0000
-72.2000
-63.2000
-56.6000
-52.2000
-48.4000
-44.6000
-43.6000
-21.8000
-21.4000
-17.2000
-16.2000
-13.2000
-12.0000
-10.2000
 -9.6000
 -5.2000
 -2.4000
 -1.4000
 -1.4000
 -1.0000
  0.0000
  0.6000
  1.2000
  1.2000
  2.0000
  6.8000
 12.6000
 12.8000
 14.4000
 16.2000
 17.0000
 19.0000
 19.4000
 19.8000
 20.0000
 22.8000
 22.8000
 26.8000
 27.2000
 27.6000
 28.4000
 30.0000
 31.6000
 36.0000
 37.4000
 39.6000
 46.8000
 47.0000
 50.0000
 51.4000
 52.2000
 52.4000
 54.0000
 55.2000
 58.2000
 58.6000
 58.8000
 59.8000
 61.0000
 61.2000
 61.8000
 63.8000
 66.4000
 67.2000
 67.8000
 68.0000
 73.6000
 74.2000
 81.8000
 82.4000
 82.6000
 84.2000
 89.8000
 90.8000
 92.6000
 95.2000
 95.4000
 98.4000
102.6000
103.4000
104.8000
108.8000
110.4000
110.4000
117.4000
122.4000
128.4000
128.8000
138.6000
143.4000
145.8000
151.0000
162.6000
165.4000
172.6000


#Top pat = 83
-118.8000
-93.0000
-92.4000
-74.6000
-73.0000
-72.4000
-67.2000
-56.2000
-55.6000
-48.6000
-46.0000
-39.4000
-28.8000
-28.4000
-24.2000
-22.2000
-12.6000
-12.0000
-10.8000
 -9.6000
 -5.4000
 -4.0000
 -1.0000
  1.2000
  1.2000
  2.0000
  3.2000
  3.4000
  3.6000
  5.4000
  6.4000
  8.2000
 11.0000
 12.4000
 13.8000
 15.0000
 15.8000
 18.0000
 19.8000
 20.6000
 21.2000
 22.4000
 22.8000
 23.6000
 25.6000
 30.0000
 30.0000
 30.4000
 31.0000
 31.4000
 39.6000
 42.8000
 43.4000
 44.4000
 52.2000
 52.4000
 53.0000
 54.0000
 55.2000
 55.2000
 55.2000
 55.8000
 58.6000
 59.2000
 59.8000
 63.0000
 64.6000
 66.8000
 67.2000
 67.8000
 68.8000
 73.6000
 74.2000
 74.8000
 84.2000
 86.2000
 86.6000
 88.6000
 89.4000
 89.8000
 90.8000
 95.2000
 95.6000
 99.8000
100.4000
102.8000
104.4000
107.0000
113.4000
121.6000
122.4000
126.6000
131.2000
138.6000
145.0000
145.2000
147.6000
165.4000
167.4000
172.6000


#Top pat = 84
-118.8000
-93.0000
-92.4000
-78.0000
-72.4000
-66.2000
-66.0000
-58.6000
-55.6000
-45.0000
-42.2000
-39.4000
-36.0000
-35.6000
-24.0000
-22.2000
-22.0000
-19.0000
-15.8000
-13.2000
-12.0000
-10.8000
-10.8000
 -5.6000
 -5.2000
 -1.4000
  1.2000
  3.2000
  3.4000
  5.4000
  5.6000
  8.2000
 10.6000
 12.2000
 15.0000
 17.6000
 18.4000
 19.4000
 20.6000
 22.2000
 22.4000
 22.8000
 23.6000
 25.6000
 25.6000
 28.6000
 29.6000
 30.4000
 37.0000
 39.6000
 41.8000
 42.6000
 42.6000
 42.8000
 43.4000
 45.0000
 45.2000
 46.0000
 49.8000
 51.6000
 52.2000
 52.2000
 53.8000
 54.2000
 55.8000
 60.8000
 66.4000
 66.8000
 67.2000
 70.4000
 72.0000
 73.8000
 74.2000
 74.8000
 75.2000
 76.8000
 82.6000
 86.6000
 86.6000
 87.8000
 94.6000
 95.4000
 97.0000
100.6000
105.4000
107.0000
111.8000
112.8000
113.4000
119.4000
122.4000
131.2000
131.4000
134.4000
138.6000
145.0000
147.6000
160.2000
165.4000
172.6000


#Top pat = 85
-133.8000
-99.0000
-92.4000
-84.2000
-77.4000
-73.6000
-60.0000
-56.8000
-50.6000
-50.4000
-45.0000
-37.2000
-34.8000
-31.8000
-29.0000
-19.0000
-15.8000
-14.8000
-11.6000
 -5.6000
 -5.2000
 -1.4000
 -0.2000
  1.4000
  2.0000
  3.2000
  3.6000
  4.6000
  4.8000
  5.4000
  5.6000
  6.4000
  7.6000
  7.6000
  8.2000
 10.8000
 11.6000
 15.0000
 15.2000
 15.2000
 18.6000
 19.0000
 19.0000
 20.6000
 23.6000
 24.0000
 24.4000
 30.6000
 31.2000
 32.4000
 33.6000
 35.2000
 36.6000
 39.6000
 43.4000
 44.8000
 46.0000
 46.0000
 50.4000
 52.2000
 55.6000
 55.8000
 62.8000
 66.4000
 67.0000
 67.2000
 68.8000
 70.6000
 72.0000
 72.4000
 74.6000
 76.4000
 84.4000
 85.6000
 85.8000
 86.0000
 86.6000
 86.6000
 89.4000
 90.2000
 92.4000
 92.8000
 97.0000
 98.4000
101.2000
101.4000
102.8000
107.0000
108.6000
111.6000
113.4000
116.2000
122.2000
134.4000
135.0000
138.4000
147.6000
158.0000
160.2000
190.8000


#Top pat = 86
-128.2000
-106.8000
-99.0000
-86.2000
-84.2000
-63.4000
-61.4000
-51.2000
-48.8000
-37.8000
-37.2000
-36.2000
-34.6000
-33.8000
-29.2000
-24.8000
-22.4000
-19.0000
-16.2000
-11.6000
 -9.4000
 -7.6000
 -5.2000
 -3.6000
 -3.4000
 -3.4000
 -2.4000
 -1.0000
 -0.2000
  1.0000
  2.4000
  5.4000
  7.6000
  7.8000
  8.2000
 10.0000
 10.8000
 11.0000
 12.6000
 14.4000
 17.4000
 20.0000
 24.6000
 26.4000
 30.4000
 30.6000
 30.6000
 31.2000
 32.6000
 33.2000
 36.6000
 37.8000
 39.4000
 42.2000
 43.4000
 45.0000
 46.0000
 46.0000
 46.6000
 46.8000
 50.8000
 54.4000
 58.4000
 59.8000
 62.8000
 64.0000
 65.2000
 68.8000
 71.4000
 73.2000
 76.2000
 77.0000
 77.6000
 77.6000
 78.8000
 80.2000
 83.4000
 84.2000
 86.2000
 89.4000
 92.2000
 92.6000
 93.6000
 95.6000
 98.4000
 98.6000
101.4000
102.8000
108.2000
109.0000
112.8000
124.6000
132.0000
134.4000
141.8000
143.4000
146.8000
161.6000
171.4000
202.0000


#Top pat = 87
-115.0000
-106.8000
-99.0000
-73.0000
-71.0000
-63.4000
-48.8000
-48.2000
-40.2000
-37.8000
-37.2000
-34.6000
-33.8000
-31.8000
-28.4000
-23.4000
-22.4000
-22.4000
-20.8000
-20.4000
-16.4000
-16.0000
-14.0000
-11.6000
 -9.4000
 -9.4000
 -3.6000
 -3.4000
  1.8000
  2.4000
  2.4000
  4.4000
  4.6000
  5.4000
  7.6000
  8.2000
 11.0000
 11.8000
 13.4000
 15.8000
 17.4000
 17.8000
 18.6000
 18.8000
 19.0000
 24.6000
 25.2000
 25.4000
 25.8000
 28.4000
 29.0000
 30.6000
 31.2000
 32.4000
 33.2000
 37.8000
 42.2000
 43.4000
 46.0000
 49.4000
 51.0000
 55.4000
 59.8000
 60.8000
 64.0000
 64.6000
 68.8000
 69.8000
 71.6000
 76.2000
 77.6000
 78.8000
 80.2000
 82.2000
 83.8000
 84.2000
 85.0000
 86.2000
 89.0000
 96.6000
 98.2000
 98.6000
100.2000
102.2000
103.2000
104.6000
108.2000
111.6000
112.4000
112.8000
113.8000
118.2000
122.6000
134.4000
137.8000
141.8000
148.6000
158.4000
162.2000
210.8000


#Top pat = 88
-99.0000
-96.0000
-81.4000
-69.0000
-63.4000
-61.8000
-54.6000
-46.8000
-41.8000
-37.2000
-34.6000
-34.2000
-33.2000
-31.8000
-27.8000
-26.8000
-23.4000
-22.4000
-17.8000
-17.6000
-14.6000
-11.4000
 -7.4000
 -4.2000
 -3.4000
 -2.6000
  2.0000
  2.4000
  3.4000
  4.4000
  8.2000
  8.2000
 15.6000
 15.8000
 17.2000
 17.4000
 17.8000
 18.6000
 18.6000
 20.0000
 20.6000
 21.2000
 21.4000
 23.0000
 23.0000
 26.2000
 28.0000
 30.6000
 31.8000
 33.8000
 34.4000
 37.8000
 38.4000
 41.2000
 41.2000
 42.2000
 44.2000
 46.2000
 46.8000
 49.8000
 50.0000
 51.0000
 52.2000
 56.8000
 60.8000
 64.4000
 65.6000
 69.0000
 69.8000
 71.0000
 71.6000
 76.2000
 77.0000
 77.6000
 80.2000
 84.2000
 93.2000
 93.4000
 98.6000
 99.0000
 99.8000
102.2000
103.0000
104.8000
109.6000
110.2000
112.8000
118.2000
120.0000
122.6000
123.0000
123.4000
125.0000
125.4000
134.4000
137.6000
140.0000
148.6000
154.8000
210.8000


#Top pat = 89
-98.4000
-96.0000
-80.2000
-69.0000
-62.4000
-60.0000
-60.0000
-49.8000
-44.8000
-43.2000
-37.6000
-33.4000
-32.6000
-31.8000
-26.4000
-26.0000
-25.8000
-22.4000
-21.4000
-17.6000
-13.8000
-12.6000
 -7.8000
 -7.6000
 -5.4000
 -2.6000
 -0.2000
  3.2000
  3.4000
  3.4000
  5.0000
  9.0000
 12.0000
 15.2000
 16.2000
 16.8000
 18.6000
 18.8000
 19.6000
 21.6000
 22.0000
 22.2000
 22.2000
 22.8000
 24.0000
 24.0000
 25.2000
 28.0000
 30.2000
 31.8000
 32.6000
 33.6000
 36.0000
 38.6000
 41.4000
 42.8000
 43.2000
 43.2000
 45.4000
 49.8000
 50.0000
 51.4000
 52.6000
 53.0000
 56.6000
 59.6000
 60.2000
 67.4000
 68.0000
 69.0000
 72.8000
 73.4000
 76.2000
 76.8000
 82.0000
 85.0000
 90.2000
 94.8000
 97.6000
 98.6000
100.4000
101.4000
102.2000
104.8000
110.2000
110.4000
110.8000
118.2000
119.2000
120.8000
123.0000
123.6000
125.0000
127.4000
129.0000
137.6000
140.0000
150.2000
154.8000
210.8000


#Top pat = 90
-99.4000
-96.0000
-81.6000
-70.6000
-63.4000
-62.0000
-61.0000
-51.2000
-45.0000
-44.8000
-37.6000
-34.6000
-34.2000
-32.6000
-28.0000
-27.0000
-25.8000
-23.4000
-21.4000
-18.2000
-15.2000
-13.6000
 -9.6000
 -7.6000
 -6.4000
 -2.6000
 -1.0000
  1.4000
  2.2000
  4.2000
  5.0000
  7.6000
 11.2000
 14.0000
 15.8000
 16.2000
 17.6000
 17.8000
 18.2000
 20.2000
 21.2000
 21.4000
 21.4000
 21.8000
 22.0000
 22.8000
 24.6000
 28.2000
 30.2000
 30.8000
 31.4000
 32.0000
 37.4000
 37.6000
 40.8000
 41.4000
 41.8000
 43.2000
 43.4000
 48.8000
 50.0000
 51.4000
 51.4000
 53.0000
 54.0000
 58.2000
 58.8000
 66.6000
 67.4000
 69.2000
 71.4000
 72.4000
 75.0000
 76.8000
 80.4000
 85.4000
 90.2000
 93.2000
 95.6000
 97.4000
 99.0000
100.2000
100.8000
103.6000
109.0000
109.2000
109.6000
117.6000
118.0000
120.2000
121.2000
122.2000
124.0000
127.4000
128.0000
137.8000
139.4000
149.4000
153.4000
210.0000


#Top pat = 91
-93.4000
-85.8000
-79.0000
-77.8000
-75.6000
-68.8000
-48.2000
-47.4000
-42.4000
-41.6000
-39.6000
-34.2000
-32.6000
-32.6000
-22.8000
-18.2000
-17.8000
-15.2000
-10.4000
 -9.6000
 -8.8000
 -8.8000
 -7.8000
 -7.0000
 -4.4000
  2.2000
  2.4000
  2.8000
  4.2000
  6.0000
  7.0000
  7.2000
 14.0000
 16.0000
 16.8000
 18.4000
 18.4000
 18.6000
 20.2000
 21.2000
 21.4000
 22.6000
 28.0000
 28.2000
 30.2000
 31.4000
 32.0000
 32.2000
 32.8000
 35.0000
 35.4000
 35.6000
 37.2000
 38.8000
 39.0000
 39.8000
 41.8000
 48.4000
 48.8000
 50.0000
 51.4000
 52.2000
 54.6000
 55.0000
 55.2000
 56.8000
 61.4000
 62.4000
 65.4000
 66.6000
 67.6000
 68.0000
 73.2000
 74.2000
 75.0000
 78.0000
 78.4000
 83.4000
 86.0000
 91.4000
 93.0000
 94.6000
 97.4000
 99.4000
100.2000
102.2000
106.0000
109.6000
111.4000
112.6000
122.6000
133.0000
133.8000
139.4000
141.0000
141.6000
143.2000
153.4000
154.6000
191.0000


#Top pat = 92
-99.0000
-91.4000
-80.0000
-78.8000
-75.6000
-68.8000
-55.6000
-46.6000
-43.4000
-42.4000
-39.8000
-32.6000
-28.6000
-24.2000
-19.6000
-18.8000
-17.8000
-17.2000
-14.2000
-12.8000
 -9.6000
 -9.0000
 -7.8000
 -5.2000
 -2.8000
  1.4000
  2.4000
  3.6000
  4.2000
  7.2000
  9.0000
 12.8000
 13.2000
 15.0000
 16.8000
 17.6000
 18.4000
 18.4000
 20.0000
 20.2000
 22.6000
 25.6000
 26.0000
 27.4000
 29.4000
 31.4000
 32.8000
 32.8000
 33.2000
 35.4000
 37.0000
 37.8000
 39.0000
 39.2000
 40.4000
 40.6000
 44.4000
 45.0000
 46.8000
 47.6000
 47.8000
 48.4000
 51.4000
 52.2000
 55.0000
 58.4000
 61.4000
 62.8000
 64.4000
 67.6000
 68.0000
 68.4000
 71.6000
 77.2000
 78.0000
 80.4000
 82.0000
 83.2000
 86.0000
 94.6000
 95.2000
 97.4000
 99.0000
 99.4000
100.2000
106.0000
106.4000
109.6000
112.6000
114.2000
119.4000
121.2000
128.4000
130.4000
133.0000
137.6000
139.4000
153.4000
154.6000
197.0000


#Top pat = 93
-112.6000
-100.4000
-92.6000
-89.6000
-80.0000
-68.8000
-48.8000
-43.4000
-35.8000
-34.6000
-30.4000
-29.2000
-27.4000
-24.8000
-22.2000
-17.8000
-17.2000
-12.2000
-11.6000
-11.4000
 -7.8000
 -7.6000
 -6.4000
 -6.2000
 -0.4000
  2.4000
  4.2000
  5.2000
  8.2000
  9.0000
  9.8000
  9.8000
 12.8000
 13.2000
 13.4000
 14.4000
 15.8000
 16.4000
 17.2000
 17.8000
 18.2000
 18.4000
 20.0000
 20.2000
 24.4000
 26.0000
 27.4000
 27.4000
 30.0000
 32.8000
 34.6000
 40.6000
 44.4000
 44.8000
 46.2000
 46.4000
 46.8000
 46.8000
 46.8000
 47.2000
 48.4000
 50.8000
 51.4000
 55.0000
 57.6000
 60.0000
 63.0000
 63.2000
 63.2000
 68.0000
 71.8000
 74.6000
 76.4000
 79.2000
 79.4000
 80.8000
 82.0000
 83.2000
 87.2000
 92.4000
 94.6000
 95.2000
 98.4000
 99.0000
101.2000
102.4000
104.2000
107.0000
117.2000
118.4000
121.6000
122.4000
123.4000
126.2000
130.4000
133.0000
137.4000
153.4000
180.0000
181.6000


#Top pat = 94
-112.6000
-100.4000
-80.0000
-74.4000
-62.2000
-45.0000
-38.4000
-36.8000
-35.6000
-32.8000
-28.2000
-23.2000
-22.2000
-17.8000
-16.2000
-10.8000
 -9.6000
 -9.4000
 -9.2000
 -9.2000
 -9.2000
 -8.2000
 -7.8000
 -7.4000
 -6.4000
 -1.0000
  0.4000
  1.2000
  1.4000
  3.8000
  4.4000
  4.4000
  5.6000
  6.8000
  7.4000
  8.2000
  8.8000
  9.0000
  9.8000
 13.2000
 13.4000
 13.6000
 17.2000
 18.4000
 20.2000
 25.4000
 25.8000
 27.4000
 30.0000
 30.0000
 30.4000
 31.6000
 34.4000
 36.6000
 40.0000
 40.4000
 41.2000
 41.6000
 44.0000
 47.0000
 50.8000
 55.8000
 58.0000
 61.4000
 62.2000
 63.2000
 64.0000
 65.2000
 65.4000
 65.8000
 69.6000
 70.2000
 74.6000
 74.8000
 75.2000
 77.2000
 77.6000
 79.6000
 79.6000
 82.2000
 84.2000
 85.8000
 86.4000
 92.4000
 94.4000
 96.8000
 99.0000
101.2000
102.4000
109.6000
125.0000
128.8000
134.8000
141.2000
148.2000
156.6000
160.2000
164.8000
191.4000
210.4000


#Top pat = 95
-97.4000
-85.2000
-83.2000
-72.4000
-64.4000
-63.6000
-61.4000
-58.4000
-55.2000
-50.6000
-45.0000
-44.6000
-39.2000
-38.0000
-34.6000
-27.2000
-20.2000
-18.6000
-17.2000
 -9.4000
 -9.2000
 -8.2000
 -7.8000
 -7.2000
 -6.4000
 -4.6000
  0.2000
  4.4000
  4.4000
  7.4000
  8.2000
  9.8000
 10.2000
 12.4000
 13.6000
 15.8000
 15.8000
 19.8000
 20.6000
 24.0000
 25.6000
 25.8000
 26.2000
 29.0000
 30.0000
 30.4000
 31.6000
 33.8000
 35.6000
 36.6000
 38.2000
 39.4000
 41.2000
 42.2000
 43.4000
 44.0000
 44.2000
 46.6000
 47.4000
 47.6000
 50.8000
 51.2000
 52.0000
 55.8000
 56.4000
 59.2000
 59.4000
 64.0000
 64.6000
 69.6000
 69.8000
 70.2000
 71.0000
 74.6000
 77.2000
 79.0000
 79.0000
 82.0000
 82.4000
 82.8000
 84.8000
 85.8000
 88.2000
 88.4000
 90.2000
 90.4000
 92.4000
102.8000
104.2000
107.4000
110.4000
124.2000
148.2000
160.2000
164.2000
170.6000
173.4000
194.2000
210.4000
212.4000


#Top pat = 96
-97.4000
-83.2000
-81.0000
-72.4000
-67.4000
-64.4000
-63.6000
-60.8000
-57.6000
-55.8000
-55.2000
-50.6000
-47.0000
-43.6000
-30.8000
-27.2000
-26.2000
-20.2000
 -9.2000
 -8.8000
 -8.2000
 -6.4000
 -6.2000
 -2.8000
 -1.6000
 -0.8000
 -0.8000
  3.8000
  4.4000
  5.4000
  5.8000
  6.8000
  8.8000
 11.6000
 12.4000
 14.6000
 15.4000
 15.8000
 17.2000
 18.2000
 21.0000
 21.4000
 22.2000
 25.8000
 27.4000
 28.2000
 29.6000
 29.6000
 31.2000
 32.2000
 33.8000
 37.0000
 38.6000
 41.2000
 43.6000
 44.8000
 45.4000
 47.4000
 47.6000
 49.6000
 50.8000
 52.0000
 52.2000
 53.4000
 56.0000
 64.0000
 64.2000
 66.2000
 66.4000
 69.8000
 70.0000
 70.0000
 70.2000
 71.8000
 78.0000
 80.2000
 82.8000
 84.6000
 84.8000
 87.6000
 88.0000
 88.2000
 88.4000
 89.6000
 90.2000
 90.4000
 94.2000
 95.6000
 96.6000
104.2000
110.4000
131.2000
141.0000
151.2000
165.2000
166.2000
178.2000
194.2000
220.8000
221.6000


#Top pat = 97
-94.4000
-78.4000
-78.0000
-77.2000
-70.8000
-68.4000
-63.6000
-62.6000
-53.4000
-53.4000
-52.8000
-52.0000
-46.0000
-41.0000
-38.8000
-32.2000
-28.6000
-19.2000
-12.2000
 -6.2000
 -5.8000
 -5.0000
 -4.8000
 -3.4000
 -2.2000
 -1.6000
 -0.6000
 -0.4000
  1.4000
  5.8000
  7.8000
 11.0000
 11.0000
 11.8000
 13.6000
 14.0000
 14.6000
 14.8000
 17.2000
 18.4000
 19.2000
 19.4000
 20.6000
 21.2000
 22.8000
 25.0000
 25.2000
 27.4000
 29.6000
 31.0000
 32.2000
 32.6000
 33.8000
 35.2000
 36.6000
 40.8000
 42.6000
 42.8000
 48.4000
 49.6000
 50.4000
 52.0000
 54.2000
 54.4000
 56.0000
 62.2000
 63.8000
 64.2000
 65.2000
 67.0000
 68.2000
 69.8000
 70.0000
 70.2000
 81.0000
 82.8000
 83.4000
 83.8000
 84.8000
 85.2000
 85.6000
 87.6000
 89.4000
 89.6000
 90.4000
 90.6000
 92.8000
 94.2000
 97.2000
 99.6000
114.0000
127.2000
143.4000
154.2000
166.2000
168.2000
170.2000
191.2000
216.6000
223.2000


#Top pat = 98
-95.2000
-80.0000
-78.6000
-78.0000
-72.4000
-69.4000
-64.8000
-62.6000
-55.4000
-54.6000
-54.2000
-53.0000
-46.0000
-41.0000
-39.6000
-32.2000
-28.4000
-19.2000
-13.4000
 -8.2000
 -7.4000
 -5.0000
 -5.0000
 -4.8000
 -3.4000
 -3.0000
 -2.4000
 -1.4000
  1.4000
  5.8000
  7.8000
 11.0000
 11.0000
 11.8000
 11.8000
 13.0000
 13.2000
 14.8000
 17.2000
 17.2000
 18.4000
 18.4000
 20.2000
 20.6000
 22.8000
 23.6000
 23.8000
 26.4000
 28.8000
 29.4000
 31.2000
 31.6000
 33.2000
 33.8000
 35.8000
 40.8000
 41.2000
 41.8000
 48.2000
 48.6000
 50.4000
 52.0000
 53.0000
 54.2000
 55.0000
 62.2000
 62.4000
 62.8000
 63.2000
 67.0000
 68.2000
 69.0000
 69.4000
 69.8000
 79.0000
 81.8000
 82.2000
 82.8000
 83.0000
 84.4000
 84.4000
 86.6000
 88.4000
 89.0000
 89.4000
 89.6000
 92.2000
 92.8000
 95.8000
 98.2000
112.8000
125.8000
141.8000
152.6000
165.2000
168.6000
170.4000
191.2000
215.2000
221.6000


#Top pat = 99
-82.2000
-80.6000
-79.8000
-78.6000
-75.2000
-74.0000
-73.0000
-70.4000
-67.6000
-59.0000
-56.8000
-54.6000
-53.8000
-53.0000
-49.2000
-39.6000
-30.0000
-28.4000
-24.4000
-19.2000
-14.0000
-12.8000
 -5.0000
 -3.4000
 -3.2000
 -1.8000
 -0.2000
  0.4000
  1.4000
  2.2000
  5.6000
  5.8000
  7.4000
  8.2000
  9.8000
 10.6000
 11.0000
 11.8000
 13.2000
 16.2000
 17.2000
 18.4000
 19.8000
 22.8000
 23.8000
 24.0000
 24.6000
 27.6000
 29.4000
 31.0000
 31.4000
 31.6000
 33.2000
 33.2000
 35.4000
 36.4000
 39.4000
 41.2000
 42.2000
 44.4000
 50.2000
 52.4000
 53.0000
 53.0000
 55.4000
 58.4000
 59.2000
 60.8000
 63.4000
 65.6000
 66.4000
 68.2000
 69.0000
 69.4000
 74.6000
 75.4000
 75.8000
 81.6000
 84.4000
 85.4000
 89.4000
 92.2000
 92.6000
 95.8000
 97.4000
 97.8000
 98.2000
106.2000
108.6000
109.8000
111.0000
111.4000
134.6000
157.4000
183.4000
183.4000
184.2000
188.6000
221.6000
230.8000


#Top pat = 100
-90.2000
-83.8000
-82.2000
-81.2000
-80.6000
-78.6000
-71.6000
-70.0000
-69.0000
-68.2000
-67.6000
-67.2000
-59.2000
-54.0000
-53.0000
-52.0000
-37.2000
-24.4000
-22.8000
-21.4000
-17.4000
-14.0000
 -9.8000
 -9.2000
 -8.8000
 -4.4000
 -2.8000
 -1.8000
  2.0000
  5.2000
  6.0000
  7.8000
  8.4000
  9.0000
 10.0000
 11.0000
 13.2000
 17.4000
 17.6000
 18.4000
 19.8000
 20.0000
 22.8000
 23.2000
 24.0000
 25.0000
 29.6000
 31.6000
 33.2000
 33.2000
 35.6000
 36.0000
 36.4000
 36.4000
 40.8000
 43.4000
 44.4000
 47.8000
 48.0000
 52.0000
 53.0000
 55.8000
 56.2000
 58.0000
 58.4000
 59.2000
 60.2000
 65.2000
 66.4000
 68.2000
 69.4000
 69.8000
 70.6000
 70.8000
 71.2000
 74.6000
 75.8000
 77.4000
 77.8000
 82.2000
 82.2000
 83.2000
 85.4000
 85.6000
 96.6000
 98.4000
105.8000
108.6000
110.4000
114.6000
116.6000
121.2000
122.4000
153.2000
173.4000
190.4000
194.6000
198.4000
212.8000
235.6000


