#Net100seed1180032182.net EP02delta0.1Hetero005.train 1180032182
#Top pat = 1
 -1.8000
 -1.8000
 -1.8000
 -1.8000
 -1.8000
 -1.8000
 -1.8000
 -1.8000
 -1.8000
 -1.8000
 -1.8000
 -1.8000
 -1.8000
 -1.8000
 -1.8000
 -1.8000
 -1.8000
 -1.8000
 -1.8000
 -1.8000
 -1.8000
 -1.8000
 -0.0000
  0.0000
  0.0000
 -0.0000
  0.0000
  0.0000
 -0.0000
  0.0000
 -0.0000
  0.0000
 -0.0000
  0.0000
  0.0000
 -0.0000
 -0.0000
  0.0000
  0.0000
  0.0000
  0.0000
  0.0000
  0.0000
  0.0000
 -0.0000
  0.0000
 -0.0000
 -0.0000
  0.0000
 -0.0000
  0.0000
 -0.0000
 -0.0000
  0.0000
  0.0000
 -0.0000
 -0.0000
  0.0000
  0.0000
 -0.0000
  0.0000
  0.0000
  0.0000
  0.0000
  0.0000
 -0.0000
  0.0000
 -0.0000
 -0.0000
  0.0000
  0.0000
 -0.0000
 -0.0000
 -0.0000
  0.0000
  0.0000
 -0.0000
  0.0000
  0.0000
 -0.0000
  0.0000
  1.4000
  1.4000
  1.4000
  1.4000
  1.4000
  1.4000
  1.4000
  1.4000
  1.4000
  1.4000
  1.4000
  1.4000
  1.4000
  1.4000
  1.4000
  1.4000
  1.4000
  1.4000
  1.4000


#Top pat = 2
 -4.8000
 -4.8000
 -4.8000
 -4.8000
 -4.8000
 -4.8000
 -4.8000
 -4.8000
 -3.0000
 -3.0000
 -3.0000
 -3.0000
 -3.0000
 -3.0000
 -3.0000
 -3.0000
 -3.0000
 -3.0000
 -3.0000
 -3.0000
 -3.0000
 -1.6000
 -1.6000
 -1.6000
 -1.6000
 -1.6000
 -1.6000
  0.0000
  0.0000
 -0.0000
  0.0000
  0.0000
  0.0000
  0.0000
  0.0000
  0.0000
 -0.0000
 -0.0000
  0.0000
  0.0000
 -0.0000
  0.0000
 -0.0000
 -0.0000
 -0.0000
  0.0000
 -0.0000
  0.0000
 -0.0000
  0.0000
  0.0000
 -0.0000
 -0.0000
  0.0000
  0.8000
  0.8000
  0.8000
  0.8000
  0.8000
  0.8000
  0.8000
  0.8000
  0.8000
  0.8000
  0.8000
  0.8000
  0.8000
  0.8000
  2.6000
  2.6000
  2.6000
  2.6000
  2.6000
  2.6000
  2.6000
  2.6000
  2.6000
  2.6000
  2.6000
  2.6000
  2.6000
  2.6000
  2.6000
  2.6000
  2.6000
  2.6000
  2.6000
  4.0000
  4.0000
  4.0000
  4.0000
  4.0000
  4.0000
  4.0000
  4.0000
  4.0000
  4.0000
  4.0000
  4.0000
  4.0000


#Top pat = 3
 -8.6000
 -8.6000
 -8.6000
 -8.6000
 -6.8000
 -6.8000
 -6.8000
 -6.8000
 -6.8000
 -5.4000
 -5.4000
 -5.4000
 -5.4000
 -3.8000
 -3.8000
 -3.8000
 -3.8000
 -3.8000
 -3.8000
 -3.8000
 -3.8000
 -3.0000
 -3.0000
 -3.0000
 -3.0000
 -3.0000
 -3.0000
 -1.4000
 -1.4000
 -1.4000
 -1.4000
 -1.2000
 -1.2000
 -1.2000
  0.0000
  0.0000
  0.0000
 -0.0000
  0.0000
 -0.0000
  0.0000
  0.0000
  0.0000
 -0.0000
 -0.0000
  0.0000
  0.2000
  0.2000
  0.2000
  0.2000
  0.2000
  0.2000
  0.2000
  0.4000
  0.4000
  0.4000
  0.4000
  0.4000
  0.4000
  0.4000
  0.4000
  1.8000
  1.8000
  3.4000
  3.4000
  3.4000
  3.4000
  3.4000
  3.4000
  3.4000
  4.2000
  4.2000
  4.2000
  4.2000
  4.2000
  4.2000
  4.2000
  4.2000
  6.0000
  6.0000
  6.0000
  6.0000
  6.0000
  6.0000
  6.0000
  6.0000
  6.0000
  6.0000
  6.0000
  6.0000
  6.0000
  6.0000
  6.0000
  6.0000
  7.4000
  7.4000
  7.4000
  7.4000
  7.4000
  7.4000


