#Net100seed1180032182.net EP02delta0.1Hetero005.train 1180032182
#Top pat = 1
 -2.2000
 -2.2000
 -2.2000
 -2.2000
 -2.2000
 -2.2000
 -2.2000
 -2.2000
 -2.2000
 -2.2000
 -2.2000
 -2.2000
 -2.2000
 -2.2000
 -2.2000
 -2.2000
 -2.2000
 -2.2000
 -2.2000
 -2.2000
 -0.0000
 -0.0000
 -0.0000
 -0.0000
 -0.0000
  0.0000
 -0.0000
 -0.0000
  0.0000
 -0.0000
  0.0000
 -0.0000
 -0.0000
  0.0000
 -0.0000
 -0.0000
 -0.0000
  0.0000
  0.0000
  0.0000
 -0.0000
  0.0000
  0.0000
  0.0000
 -0.0000
 -0.0000
  0.0000
 -0.0000
  0.0000
 -0.0000
 -0.0000
  0.0000
  0.0000
 -0.0000
  0.0000
 -0.0000
 -0.0000
  0.0000
 -0.0000
  0.0000
 -0.0000
 -0.0000
 -0.0000
  0.0000
 -0.0000
  0.0000
  0.0000
 -0.0000
 -0.0000
  0.0000
  0.0000
  0.0000
 -0.0000
 -0.0000
 -0.0000
  0.0000
 -0.0000
 -0.0000
  0.0000
  1.8000
  1.8000
  1.8000
  1.8000
  1.8000
  1.8000
  1.8000
  1.8000
  1.8000
  1.8000
  1.8000
  1.8000
  1.8000
  1.8000
  1.8000
  1.8000
  1.8000
  1.8000
  1.8000
  1.8000
  1.8000


#Top pat = 2
 -6.4000
 -6.4000
 -6.4000
 -6.4000
 -6.4000
 -6.4000
 -6.4000
 -6.4000
 -4.2000
 -4.2000
 -4.2000
 -4.2000
 -4.2000
 -4.2000
 -4.2000
 -4.2000
 -4.2000
 -4.2000
 -4.2000
 -4.2000
 -4.2000
 -4.2000
 -4.2000
 -2.4000
 -2.4000
 -2.4000
 -2.4000
 -2.4000
 -2.4000
 -2.4000
 -2.4000
 -2.4000
 -0.0000
  0.0000
 -0.0000
 -0.0000
 -0.0000
 -0.0000
 -0.0000
  0.0000
  0.0000
  0.0000
 -0.0000
 -0.0000
 -0.0000
 -0.0000
 -0.0000
 -0.0000
 -0.0000
  0.0000
 -0.0000
 -0.0000
 -0.0000
 -0.0000
 -0.0000
  0.0000
  0.0000
  0.0000
 -0.0000
  1.6000
  1.6000
  1.6000
  1.6000
  1.6000
  1.6000
  1.6000
  1.6000
  1.6000
  1.6000
  1.6000
  1.6000
  3.8000
  3.8000
  3.8000
  3.8000
  3.8000
  3.8000
  3.8000
  3.8000
  3.8000
  3.8000
  3.8000
  3.8000
  3.8000
  3.8000
  3.8000
  3.8000
  3.8000
  5.6000
  5.6000
  5.6000
  5.6000
  5.6000
  5.6000
  5.6000
  5.6000
  5.6000
  5.6000
  5.6000
  5.6000


#Top pat = 3
-12.2000
-12.2000
-12.2000
-10.0000
-10.0000
-10.0000
-10.0000
-10.0000
-10.0000
-10.0000
-10.0000
 -8.2000
 -8.2000
 -8.2000
 -5.8000
 -5.8000
 -5.8000
 -4.2000
 -4.2000
 -4.2000
 -4.2000
 -4.2000
 -2.0000
 -2.0000
 -2.0000
 -2.0000
 -1.0000
 -1.0000
 -1.0000
 -1.0000
 -1.0000
 -0.2000
 -0.2000
 -0.2000
  0.0000
  0.0000
 -0.0000
 -0.0000
 -0.0000
  0.0000
 -0.0000
  0.0000
  0.0000
 -0.0000
 -0.0000
 -0.0000
  1.2000
  1.2000
  1.2000
  1.2000
  1.2000
  1.2000
  1.2000
  3.0000
  3.0000
  3.0000
  3.0000
  3.0000
  3.0000
  5.4000
  5.4000
  5.4000
  5.4000
  5.4000
  5.4000
  5.4000
  5.4000
  5.4000
  5.4000
  5.4000
  5.4000
  7.0000
  7.0000
  7.0000
  7.0000
  7.0000
  7.0000
  7.0000
  9.2000
  9.2000
  9.2000
  9.2000
  9.2000
  9.2000
  9.2000
  9.2000
  9.2000
  9.2000
  9.2000
  9.2000
  9.2000
 11.0000
 11.0000
 11.0000
 11.0000
 11.0000
 11.0000
 11.0000
 11.0000
 11.0000


