num :     1    1.00 0.00000    1.00    0.00 :    0.00  (   0.00    1.00)      0.00   (   0.00    1.00)    0.00 :  0.000     0.00     0.00 | 100.00  0.00 vals :     1 (0.833 > 0.000) (0.000 < 10000.000) (   40 >     0) (   40 >     0) compare:    0.00    0.000  0.0000  1.0000  2000.0   40.392  0.8333  0.0000 
num :     2    2.00 0.00000    2.00    0.00 :    0.00  (   0.00    2.00)      0.00   (   0.00    2.00)    0.00 :  0.000     0.00     0.00 | 100.00  0.00 vals :     2 (0.766 > 0.000) (0.000 < 10000.000) (   37 >     0) (   40 >     0) compare:    0.00    0.000  0.0000  1.0000   997.0   39.882  0.7656  0.0000 
num :     3    3.00 0.00000    3.00    6.00 :    0.00  (   0.00    3.00)      0.00   (   0.00    3.00)    0.00 :  0.000     0.00     0.00 | 84.70  0.00 vals :     3 (0.639 > 0.218) (0.000 < 0.592) (   30 >    11) (   40 >    33) compare:  123.00   33.054  0.2182  0.0000   499.0   39.610  0.6390  0.0000 
num :     4    4.00 0.00000    4.00   16.00 :    0.00  (   0.00    4.00)      0.00   (   0.00    3.00)    0.00 :  0.050     0.00     0.00 | 88.05  0.00 vals :     4 (0.322 > 0.189) (0.000 < 0.595) (   15 >     8) (   39 >    36) compare:   44.00   35.962  0.1891  0.0000   324.0   39.130  0.3224  0.0000 
num :     5    5.00 0.00000    5.00   52.00 :    0.00  (   0.00    5.00)      0.00   (   0.00    4.00)    0.00 :  0.018     0.00     0.00 | 81.05  0.00 vals :     5 (0.280 > 0.187) (0.000 < 0.549) (   11 >     9) (   39 >    37) compare:   26.00   36.654  0.1867  0.0000   192.0   38.902  0.2797  0.0000 
num :     6    6.00 0.00000    6.00   93.00 :    0.00  (   0.00    5.00)      0.00   (   0.00    5.00)   23.00 :  0.000     1.00     0.00 | 80.50  0.00 vals :     6 (0.210 > 0.170) (0.000 < 0.432) (    2 >     6) (   39 >    39) compare:   30.00   38.694  0.1702  0.0000    59.0   38.518  0.2102  0.0000 
num :     7    6.00 0.00000    6.00  100.00 :    0.00  (   0.00    6.00)      0.00   (   0.00    5.00)    0.00 :  0.009     1.00     0.00 | 82.70  0.00 vals :     7 (0.408 > 0.153) (0.000 < 0.408) (   15 >     8) (   38 >    39) compare:   52.00   38.932  0.1531  0.0000   141.0   38.108  0.4082  0.0000 
num :     8    7.00 0.00000    7.00  123.00 :    0.00  (   0.00    7.00)      0.00   (   0.00    6.00)    0.00 :  0.008     1.00     0.00 | 83.85  0.00 vals :     8 (0.265 > 0.167) (0.000 < 0.412) (   10 >     7) (   38 >    39) compare:   42.00   38.538  0.1668  0.0000    48.0   37.750  0.2648  0.0000 
num :     9    9.00 0.00000    9.00  138.00 :    0.00  (   0.00    8.00)      0.00   (   0.00    6.00)  107.00 :  0.014     0.00     0.00 | 85.15  0.00 vals :     9 (0.180 > 0.152) (0.000 < 0.538) (    0 >     6) (   37 >    36) compare:   13.00   36.356  0.1521  0.0000    20.0   37.348  0.1799  0.0000 
num :    10    9.00 0.00000    9.00  186.00 :    0.00  (   0.00    8.00)      0.00   (   0.00    7.00)    0.00 :  0.005     1.00     1.00 | 77.70  0.00 vals :    10 (0.229 > 0.145) (0.000 < 0.421) (    9 >     7) (   37 >    38) compare:   19.00   37.734  0.1446  0.0000    14.0   36.978  0.2286  0.0000 
num :    11   10.00 0.00000   10.00  205.00 :    0.00  (   0.00    9.00)      0.00   (   0.00    7.00)    0.00 :  0.009     1.00    18.00 | 74.55  0.00 vals :    11 (0.189 > 0.152) (0.000 < 0.430) (    6 >     5) (   37 >    37) compare:   24.00   37.410  0.1521  0.0000     5.0   36.582  0.1893  0.0000 
num :    12   11.00 0.00000   11.00  191.00 :    0.00  (   0.00   10.00)      0.00   (   0.00    7.00)    2.00 :  0.015     0.00    65.00 | 75.55  0.00 vals :    12 (0.130 > 0.124) (0.000 < 0.471) (    3 >     4) (   36 >    36) compare:   20.00   35.978  0.1241  0.0000     1.0   36.214  0.1299  0.0000 
num :    13   12.00 0.00000   12.00  220.00 :    0.00  (   0.00   11.00)      0.00   (   0.00    5.00)   15.00 :  0.026     0.00    86.00 | 69.70  0.05 vals :    13 (0.124 > 0.111) (0.000 < 0.524) (    2 >     5) (   36 >    35) compare:   31.00   34.558  0.1113  0.0000     1.0   35.722  0.1244  0.0000 
num :    14   13.00 0.00000   12.00  250.00 :    2.00  (   0.00   12.00)      0.00   (   0.00    5.00)   88.00 :  0.027     0.00   250.00 | 65.30  0.00 vals :    14 (0.109 > 0.118) (0.000 < 0.507) (    1 >     3) (   35 >    35) compare:   26.00   35.152  0.1183  0.0000     0.0   35.344  0.1095  0.0000 
num :    15   13.00 0.00000   13.00  171.00 :    0.00  (   0.00   11.00)      0.00   (   0.00    5.00)    3.00 :  0.033     0.00    35.00 | 81.85  0.20 vals :    15 (0.175 > 0.113) (0.000 < 0.515) (    3 >     4) (   35 >    35) compare:   22.00   34.648  0.1126  0.0000     2.0   35.032  0.1749  0.0000 
num :    16   14.00 0.00000   13.00  237.00 :    0.00  (   0.00    9.00)      0.00   (   0.00    4.00)   14.00 :  0.020    10.00   237.00 | 73.95  0.00 vals :    16 (0.144 > 0.112) (0.000 < 0.469) (    2 >     4) (   35 >    36) compare:   44.00   35.812  0.1115  0.0000     0.0   34.732  0.1440  0.0000 
num :    17   15.00 0.00000   13.00  243.00 :    0.00  (   0.00   10.00)      0.00   (   0.00    4.00)  158.00 :  0.023    11.00   243.00 | 73.50  0.05 vals :    17 (0.155 > 0.123) (0.000 < 0.449) (    0 >     4) (   34 >    35) compare:   53.00   35.458  0.1231  0.0000     0.0   34.262  0.1547  0.0000 
num :    18   14.00 0.00000   13.00  245.00 :    0.00  (   0.00   10.00)      0.00   (   0.00    4.00)   70.00 :  0.023     3.00   245.00 | 70.65  0.00 vals :    18 (0.149 > 0.129) (0.000 < 0.451) (    1 >     4) (   35 >    36) compare:   29.00   36.010  0.1290  0.0000     0.0   35.154  0.1485  0.0000 
num :    19   13.00 0.00000   11.00  268.00 :    0.00  (   0.00   10.00)      0.00   (   0.00    4.00)  267.00 :  0.021     9.00   268.00 | 71.85  0.00 vals :    19 (0.152 > 0.117) (0.000 < 0.489) (    0 >     4) (   35 >    36) compare:   20.00   35.708  0.1172  0.0000     0.0   34.764  0.1518  0.0000 
num :    20   12.00 0.00000   11.00  257.00 :    2.00  (   0.00   10.00)      0.00   (   0.00    2.00)   15.00 :  0.030    42.00   257.00 | 69.65  0.00 vals :    20 (0.106 > 0.132) (0.000 < 0.449) (    2 >     4) (   34 >    37) compare:   48.00   36.880  0.1320  0.0000     0.0   34.408  0.1058  0.0000 
num :    21   12.00 0.00000    9.00  370.00 :    0.00  (   0.00    9.00)      0.00   (   0.00    3.00)    0.00 :  0.016    88.00   370.00 | 53.90  0.15 vals :    21 (0.193 > 0.136) (0.000 < 0.465) (    5 >     4) (   34 >    38) compare:   37.00   37.954  0.1357  0.0000     0.0   34.018  0.1929  0.0000 
num :    22   11.00 0.00000   10.00  399.00 :    0.00  (   0.00    9.00)      0.00   (   0.00    2.00)    0.00 :  0.017   122.00   399.00 | 50.95  0.00 vals :    22 (0.191 > 0.137) (0.000 < 0.473) (    6 >     5) (   34 >    38) compare:   54.00   37.800  0.1374  0.0000     0.0   33.640  0.1912  0.0000 
num :    23   12.00 0.00000   11.00  478.00 :    0.00  (   0.00    8.00)      0.00   (   0.00    3.00)  328.00 :  0.010   194.00   478.00 | 44.95  0.00 vals :    23 (0.172 > 0.143) (0.000 < 0.439) (    0 >     5) (   33 >    37) compare:   41.00   37.360  0.1426  0.0000     0.0   33.216  0.1720  0.0000 
num :    24   13.00 0.00000   11.00  571.00 :   16.00  (   0.00    7.00)      1.00   (   0.00    4.00)  367.00 :  0.005   298.00   571.00 | 45.95  0.00 vals :    24 (0.102 > 0.140) (0.000 < 0.429) (    0 >     5) (   33 >    37) compare:   51.00   37.300  0.1404  0.0000     0.0   32.820  0.1023  0.0000 
num :    25   12.00 0.00000   12.00  573.00 :    0.00  (   0.00    7.00)      0.00   (   0.00    4.00)  381.00 :  0.005    23.00   160.00 | 47.35  0.05 vals :    25 (0.197 > 0.128) (0.000 < 0.415) (    0 >     6) (   36 >    37) compare:   32.00   37.324  0.1278  0.0000     1.0   35.572  0.1966  0.0000 
num :    26   13.00 0.00000   10.00  612.00 :    0.00  (   0.00    7.00)      0.00   (   0.00    4.00)   41.00 :  0.005   414.00   612.00 | 46.25  0.00 vals :    26 (0.184 > 0.156) (0.000 < 0.449) (    2 >     6) (   32 >    38) compare:   25.00   37.700  0.1557  0.0000     0.0   32.116  0.1842  0.0000 
num :    27   12.00 0.00000    9.00  596.00 :    1.00  (   0.00    6.00)      0.00   (   0.00    4.00)   42.00 :  0.003   441.00   596.00 | 44.80  0.00 vals :    27 (0.146 > 0.150) (0.000 < 0.473) (    2 >     5) (   32 >    39) compare:   94.00   39.334  0.1499  0.0000     0.0   31.722  0.1457  0.0000 
num :    28   11.00 0.00000   10.00  606.00 :    1.00  (   0.00    7.00)      5.00   (   0.00    3.00)  207.00 :  0.006    91.00   606.00 | 45.65  0.05 vals :    28 (0.136 > 0.143) (0.000 < 0.439) (    1 >     6) (   35 >    37) compare:   31.00   37.222  0.1426  0.0000     0.0   34.650  0.1357  0.0000 
num :    29    8.00 0.00000    7.00  576.00 :    1.00  (   0.00    6.00)      0.00   (   0.00    4.00)  110.00 :  0.003     7.00   576.00 | 49.15  0.10 vals :    29 (0.145 > 0.152) (0.000 < 0.408) (    2 >     5) (   36 >    37) compare:   27.00   37.398  0.1518  0.0000     0.0   36.190  0.1452  0.0000 
num :    30    9.00 0.00000    9.00  590.00 :    0.00  (   0.00    7.00)      0.00   (   0.00    4.00)   75.00 :  0.005     7.00   175.00 | 42.65  0.00 vals :    30 (0.174 > 0.136) (0.000 < 0.460) (    2 >     5) (   37 >    37) compare:   39.00   37.184  0.1363  0.0000     1.0   36.656  0.1735  0.0000 
num :    31    8.00 0.00000    8.00  613.00 :    0.00  (   0.00    7.00)      0.00   (   0.00    5.00)   15.00 :  0.003     5.00    37.00 | 41.80  0.10 vals :    31 (0.199 > 0.134) (0.000 < 0.466) (    3 >     5) (   36 >    37) compare:   54.00   37.026  0.1341  0.0000     4.0   36.438  0.1992  0.0000 
num :    32   10.00 0.00000    9.00  653.00 :    3.00  (   0.00    8.00)      0.00   (   0.00    4.00)  422.00 :  0.006    63.00   653.00 | 47.65  0.25 vals :    32 (0.125 > 0.150) (0.000 < 0.411) (    0 >     5) (   35 >    37) compare:   24.00   37.444  0.1497  0.0000     0.0   34.980  0.1250  0.0000 
num :    33   11.00 0.00000    9.00  675.00 :    2.00  (   0.00    8.00)      0.00   (   0.00    4.00)  193.00 :  0.006    83.00   675.00 | 48.35  0.10 vals :    33 (0.123 > 0.131) (0.000 < 0.448) (    1 >     6) (   35 >    37) compare:   17.00   37.020  0.1309  0.0000     0.0   34.548  0.1234  0.0000 
num :    34   10.00 0.00000   10.00  697.00 :    0.00  (   0.00    8.00)      0.00   (   0.00    3.00)   65.00 :  0.007    31.00   174.00 | 40.50  0.10 vals :    34 (0.190 > 0.127) (0.000 < 0.513) (    2 >     6) (   36 >    37) compare:   22.00   37.336  0.1266  0.0000     1.0   36.216  0.1897  0.0000 
num :    35   10.00 0.00000   10.00  754.00 :    0.00  (   0.00    9.00)      0.00   (   0.00    4.00)    0.00 :  0.007    38.00   154.00 | 43.40  0.10 vals :    35 (0.230 > 0.129) (0.000 < 0.425) (    6 >     5) (   36 >    39) compare:   29.00   38.782  0.1293  0.0000     1.0   35.946  0.2298  0.0000 
num :    36   11.00 0.00000   10.00  625.00 :    4.00  (   0.00    6.00)      0.00   (   0.00    4.00)  221.00 :  0.003    48.00   625.00 | 47.10  0.30 vals :    36 (0.135 > 0.142) (0.000 < 0.433) (    1 >     5) (   36 >    38) compare:   28.00   38.462  0.1423  0.0000     0.0   35.542  0.1347  0.0000 
num :    37    9.00 0.00000    8.00  641.00 :    0.00  (   0.00    7.00)      0.00   (   0.00    5.00)  297.00 :  0.003    63.00   641.00 | 52.00  0.45 vals :    37 (0.182 > 0.136) (0.000 < 0.450) (    1 >     5) (   35 >    38) compare:   13.00   38.274  0.1363  0.0000     0.0   35.446  0.1818  0.0000 
num :    38    9.00 0.00000    8.00  708.00 :    0.00  (   0.00    8.00)      0.00   (   0.00    6.00)  282.00 :  0.003    78.00   708.00 | 47.50  0.15 vals :    38 (0.181 > 0.128) (0.000 < 0.480) (    1 >     5) (   35 >    38) compare:   19.00   37.788  0.1284  0.0000     0.0   35.076  0.1805  0.0000 
num :    39   10.00 0.00000    9.00  813.00 :    0.00  (   0.00    9.00)      0.00   (   0.00    4.00)  697.00 :  0.006     9.00   813.00 | 42.50  0.20 vals :    39 (0.151 > 0.134) (0.000 < 0.446) (    0 >     6) (   37 >    38) compare:   19.00   37.704  0.1344  0.0000     0.0   36.816  0.1505  0.0000 
num :    40   10.00 0.00000   10.00  695.00 :    0.00  (   0.00    8.00)      0.00   (   0.00    3.00)   18.00 :  0.007    28.00   149.00 | 48.20  0.10 vals :    40 (0.209 > 0.142) (0.000 < 0.445) (    3 >     5) (   37 >    38) compare:   16.00   38.300  0.1421  0.0000     1.0   36.564  0.2085  0.0000 
num :    41   11.00 0.00000   11.00  784.00 :    0.00  (   0.00    8.00)      0.00   (   0.00    4.00)  456.00 :  0.005    98.00   185.00 | 40.10  0.45 vals :    41 (0.203 > 0.159) (0.000 < 0.409) (    1 >     6) (   36 >    38) compare:   16.00   38.304  0.1590  0.0000     1.0   35.712  0.2032  0.0000 
num :    42    9.00 0.00000    7.00  827.00 :    0.00  (   0.00    7.00)      0.00   (   0.00    5.00)   92.00 :  0.002    68.00   827.00 | 39.30  0.00 vals :    42 (0.183 > 0.175) (0.000 < 0.398) (    2 >     6) (   36 >    39) compare:   11.00   38.818  0.1748  0.0000     0.0   36.138  0.1829  0.0000 
num :    43   11.00 0.00000   10.00  815.00 :    0.00  (   0.00    7.00)      0.00   (   0.00    4.00)  495.00 :  0.004   102.00   815.00 | 38.75  0.20 vals :    43 (0.163 > 0.136) (0.000 < 0.448) (    1 >     6) (   36 >    38) compare:   22.00   38.494  0.1359  0.0000     0.0   35.670  0.1627  0.0000 
num :    44   12.00 0.00000    8.00  826.00 :    0.00  (   0.00    6.00)      0.00   (   0.00    5.00)  284.00 :  0.001   200.00   826.00 | 32.30  0.25 vals :    44 (0.159 > 0.143) (0.000 < 0.465) (    1 >     6) (   35 >    39) compare:   33.00   38.908  0.1430  0.0000     0.0   35.236  0.1591  0.0000 
num :    45   12.00 0.00000   11.00  940.00 :    0.00  (   0.00    7.00)      0.00   (   0.00    6.00)  399.00 :  0.001   287.00   940.00 | 26.40  0.25 vals :    45 (0.168 > 0.157) (0.000 < 0.461) (    1 >     6) (   35 >    39) compare:   67.00   39.078  0.1568  0.0000     0.0   34.922  0.1682  0.0000 
num :    46    9.00 0.00000    7.00  966.00 :    0.00  (   0.00    8.00)      0.00   (   0.00    5.00)    0.00 :  0.003   120.00   966.00 | 28.15  0.70 vals :    46 (0.212 > 0.155) (0.000 < 0.426) (    7 >     6) (   36 >    39) compare:   30.00   39.342  0.1548  0.0000     0.0   35.950  0.2119  0.0000 
num :    47   11.00 0.00000    9.00  899.00 :   19.00  (   0.00    8.00)      1.00   (   0.00    3.00)  716.00 :  0.005   186.00   899.00 | 30.20  0.30 vals :    47 (0.116 > 0.198) (0.000 < 0.384) (    0 >     6) (   35 >    40) compare:   62.00   39.960  0.1981  0.0000     0.0   35.488  0.1155  0.0000 
num :    48    9.00 0.00000    7.00  849.00 :   34.00  (   0.00    7.00)      2.00   (   0.00    3.00)  417.00 :  0.005   238.00   849.00 | 40.35  0.35 vals :    48 (0.108 > 0.206) (0.000 < 0.389) (    1 >     6) (   35 >    39) compare:   24.00   39.462  0.2061  0.0000     0.0   35.106  0.1076  0.0000 
num :    49    9.00 0.00000    9.00  809.00 :    0.00  (   0.00    8.00)      0.00   (   0.00    2.00)    4.00 :  0.007   302.00   124.00 | 45.55  0.25 vals :    49 (0.197 > 0.169) (0.000 < 0.422) (    5 >     8) (   35 >    40) compare:   25.00   39.830  0.1688  0.0000     1.0   34.810  0.1966  0.0000 
num :    50   10.00 0.00000    7.00  777.00 :    0.00  (   0.00    7.00)      0.00   (   0.00    2.00)  251.00 :  0.006   399.00   777.00 | 42.75  0.30 vals :    50 (0.189 > 0.144) (0.000 < 0.446) (    1 >     6) (   35 >    40) compare:   24.00   40.064  0.1445  0.0000     0.0   34.552  0.1887  0.0000 
