num :     1    1.00 0.00000    1.00    0.00 :    0.00  (   0.00    1.00)      0.00   (   0.00    1.00)    0.00 :  0.000     0.00     0.00 | 100.00 -99.00 vals :     1 (0.926 > 0.000) (0.000 < 10000.000) (   40 >     0) (   40 >     0) compare:    0.00    0.000  0.0000  1.0000  2000.0   39.931  0.9264  0.0000 
num :     2    2.00 0.00000    2.00    0.04 :    0.00  (   0.00    2.00)      0.00   (   0.00    1.96)    0.00 :  0.000     0.00     0.00 | 99.99 -99.00 vals :     2 (0.741 > 0.002) (0.000 < 9600.028) (   33 >     0) (   40 >     1) compare:    0.12    1.170  0.0017  0.9600   975.6   39.625  0.7405  0.0000 
num :     3    3.00 0.00000    3.00    4.50 :    0.00  (   0.29    2.99)      0.00   (   0.00    2.84)    0.00 :  0.001     0.00     0.00 | 86.07 -99.00 vals :     3 (0.571 > 0.201) (0.000 < 0.592) (   26 >    10) (   39 >    33) compare:  101.16   32.706  0.2015  0.0000   513.0   39.281  0.5714  0.0000 
num :     4    4.00 0.00000    4.00   22.88 :    0.00  (   0.10    3.99)      0.00   (   0.00    3.58)    0.04 :  0.000     0.00     0.00 | 82.52 -99.00 vals :     4 (0.469 > 0.197) (0.000 < 0.576) (   21 >    10) (   39 >    33) compare:   52.25   33.364  0.1970  0.0000   329.2   38.877  0.4686  0.0000 
num :     5    5.00 0.00000    5.00   52.36 :    0.02  (   0.02    4.97)      0.00   (   0.00    4.03)    0.12 :  0.000     0.00     0.01 | 82.98 -99.00 vals :     5 (0.389 > 0.185) (0.000 < 0.569) (   16 >     9) (   38 >    34) compare:   37.38   33.789  0.1846  0.0000   220.9   38.490  0.3887  0.0000 
num :     6    5.96 0.19596    5.96   76.33 :    0.01  (   0.00    5.83)      0.00   (   0.00    4.41)    0.47 :  0.000     0.01     0.00 | 84.00 -99.00 vals :     6 (0.331 > 0.173) (0.000 < 0.556) (   13 >     8) (   38 >    34) compare:   37.26   34.179  0.1729  0.0000   151.8   38.110  0.3313  0.0000 
num :     7    6.92 0.27129    6.92   83.14 :    0.07  (   0.00    6.62)      0.00   (   0.00    4.48)    1.34 :  0.000     0.03     0.11 | 85.15 -99.00 vals :     7 (0.294 > 0.160) (0.000 < 0.550) (   10 >     7) (   38 >    34) compare:   37.79   34.358  0.1600  0.0000    98.1   37.728  0.2941  0.0000 
num :     8    7.84 0.39294    7.84   91.17 :    0.09  (   0.00    7.28)      0.00   (   0.00    4.63)    4.81 :  0.000     0.07     0.45 | 84.10 -98.98 vals :     8 (0.260 > 0.149) (0.000 < 0.527) (    7 >     6) (   37 >    35) compare:   46.58   34.947  0.1488  0.0000    61.8   37.349  0.2600  0.0000 
num :     9    8.70 0.57446    8.70  100.41 :    0.01  (   0.00    7.79)      0.01   (   0.00    4.50)    5.28 :  0.000     0.18     2.00 | 82.64 -99.00 vals :     9 (0.236 > 0.143) (0.000 < 0.519) (    6 >     6) (   37 >    35) compare:   44.78   35.045  0.1434  0.0000    37.3   36.975  0.2361  0.0000 
num :    10    9.47 0.74101    9.47  114.86 :    0.01  (   0.00    8.27)      0.01   (   0.00    4.33)   10.36 :  0.000     0.27     5.85 | 80.63 -98.99 vals :    10 (0.215 > 0.135) (0.000 < 0.503) (    4 >     5) (   37 >    35) compare:   49.53   35.376  0.1350  0.0000    21.0   36.608  0.2152  0.0000 
num :    11   10.17 0.86087   10.16  134.07 :    0.10  (   0.00    8.48)      0.08   (   0.00    4.43)   15.56 :  0.000     0.48    14.86 | 78.75 -98.99 vals :    11 (0.200 > 0.139) (0.000 < 0.485) (    3 >     5) (   36 >    36) compare:   49.13   35.596  0.1386  0.0000    11.3   36.199  0.2001  0.0000 
num :    12   10.79 0.99292   10.71  155.64 :    0.12  (   0.00    8.62)      0.10   (   0.00    4.33)   30.56 :  0.000     0.83    34.97 | 75.97 -98.99 vals :    12 (0.192 > 0.136) (0.000 < 0.472) (    3 >     4) (   36 >    36) compare:   50.77   35.841  0.1358  0.0000     6.3   35.899  0.1917  0.0000 
num :    13   11.05 1.16082   10.88  186.85 :    0.23  (   0.00    8.80)      0.17   (   0.00    4.28)   30.37 :  0.000     1.33    56.08 | 73.20 -98.97 vals :    13 (0.188 > 0.140) (0.000 < 0.458) (    3 >     4) (   36 >    36) compare:   50.79   35.961  0.1401  0.0000     4.5   35.623  0.1883  0.0000 
num :    14   11.27 1.31038   10.98  212.31 :    0.34  (   0.01    8.75)      0.19   (   0.00    4.08)   44.93 :  0.000     2.47    85.94 | 71.35 -98.97 vals :    14 (0.181 > 0.138) (0.000 < 0.454) (    2 >     4) (   35 >    36) compare:   49.16   36.112  0.1384  0.0000     2.7   35.358  0.1808  0.0000 
num :    15   11.45 1.25200   11.12  239.72 :    0.32  (   0.00    8.63)      0.22   (   0.00    4.21)   59.60 :  0.000     4.83   117.00 | 69.13 -98.93 vals :    15 (0.178 > 0.140) (0.000 < 0.452) (    2 >     4) (   35 >    36) compare:   45.76   36.267  0.1403  0.0000     2.6   35.139  0.1779  0.0000 
num :    16   11.57 1.35096   10.91  276.02 :    0.34  (   0.01    8.47)      0.28   (   0.00    4.16)   64.14 :  0.000     6.65   169.57 | 66.75 -98.97 vals :    16 (0.180 > 0.146) (0.000 < 0.447) (    2 >     5) (   35 >    36) compare:   43.82   36.346  0.1456  0.0000     1.7   34.946  0.1801  0.0000 
num :    17   11.64 1.49345   10.79  311.65 :    0.71  (   0.00    8.30)      0.41   (   0.00    4.24)  101.46 :  0.000    11.98   223.71 | 63.96 -98.95 vals :    17 (0.169 > 0.143) (0.000 < 0.451) (    2 >     5) (   35 >    36) compare:   49.69   36.397  0.1429  0.0000     1.6   34.770  0.1688  0.0000 
num :    18   11.67 1.39323   10.64  338.94 :    0.98  (   0.00    8.18)      0.48   (   0.00    4.08)  117.70 :  0.000    19.11   266.82 | 62.18 -98.94 vals :    18 (0.161 > 0.151) (0.000 < 0.449) (    2 >     5) (   35 >    36) compare:   41.48   36.397  0.1506  0.0000     0.7   34.582  0.1612  0.0000 
num :    19   11.62 1.44762   10.36  366.14 :    1.23  (   0.00    8.07)      0.63   (   0.00    3.96)  123.66 :  0.000    29.76   301.17 | 60.96 -98.93 vals :    19 (0.159 > 0.147) (0.000 < 0.442) (    2 >     5) (   34 >    36) compare:   43.21   36.473  0.1473  0.0000     0.6   34.499  0.1590  0.0000 
num :    20   11.64 1.65239   10.32  387.77 :    4.26  (   0.00    7.90)      0.68   (   0.00    3.85)  137.83 :  0.000    40.85   298.23 | 59.97 -98.94 vals :    20 (0.155 > 0.143) (0.000 < 0.451) (    2 >     5) (   34 >    37) compare:   43.04   36.666  0.1432  0.0000     0.8   34.412  0.1551  0.0000 
num :    21   11.42 1.52434   10.11  417.45 :    2.70  (   0.01    8.06)      0.92   (   0.00    3.79)  169.72 :  0.000    46.10   326.99 | 58.36 -98.93 vals :    21 (0.156 > 0.151) (0.000 < 0.440) (    1 >     5) (   35 >    37) compare:   38.95   36.748  0.1513  0.0000     0.6   34.556  0.1564  0.0000 
num :    22   11.36 1.45959    9.99  442.69 :    4.53  (   0.01    8.10)      0.85   (   0.00    3.80)  158.90 :  0.000    58.02   369.74 | 57.08 -98.91 vals :    22 (0.152 > 0.148) (0.000 < 0.445) (    2 >     5) (   34 >    37) compare:   38.94   36.833  0.1484  0.0000     0.6   34.431  0.1523  0.0000 
num :    23   11.32 1.42042    9.97  467.78 :    6.50  (   0.02    7.98)      1.05   (   0.00    3.84)  158.29 :  0.000    63.91   380.53 | 55.46 -98.91 vals :    23 (0.154 > 0.150) (0.000 < 0.444) (    2 >     5) (   34 >    37) compare:   37.00   37.078  0.1502  0.0000     0.7   34.449  0.1540  0.0000 
num :    24   11.25 1.59609    9.96  494.47 :    6.61  (   0.00    8.06)      0.76   (   0.00    3.83)  159.94 :  0.000    84.41   395.56 | 54.47 -98.89 vals :    24 (0.158 > 0.147) (0.000 < 0.449) (    2 >     5) (   34 >    37) compare:   37.83   37.027  0.1474  0.0000     0.6   34.420  0.1580  0.0000 
num :    25   11.10 1.46629    9.73  508.36 :   10.31  (   0.02    8.02)      1.19   (   0.00    3.82)  162.67 :  0.000    93.36   393.93 | 53.10 -98.92 vals :    25 (0.154 > 0.155) (0.000 < 0.440) (    2 >     5) (   34 >    37) compare:   39.64   37.266  0.1551  0.0000     0.8   34.465  0.1540  0.0000 
num :    26   11.37 1.64715    9.82  529.95 :    9.38  (   0.00    7.90)      1.22   (   0.00    3.66)  186.02 :  0.000   100.40   436.38 | 52.40 -98.92 vals :    26 (0.149 > 0.152) (0.000 < 0.441) (    2 >     5) (   34 >    37) compare:   38.82   37.381  0.1515  0.0000     0.8   34.462  0.1492  0.0000 
num :    27   10.93 1.58906    9.56  558.08 :    7.17  (   0.00    7.79)      0.87   (   0.00    3.79)  173.58 :  0.000    80.06   436.88 | 50.74 -98.87 vals :    27 (0.161 > 0.151) (0.000 < 0.440) (    2 >     5) (   35 >    37) compare:   37.59   37.406  0.1510  0.0000     1.2   34.731  0.1615  0.0000 
num :    28   10.88 1.38043    9.33  587.83 :   12.93  (   0.00    7.76)      1.56   (   0.00    3.94)  204.88 :  0.000    86.84   477.96 | 49.07 -98.89 vals :    28 (0.157 > 0.152) (0.000 < 0.440) (    2 >     5) (   35 >    38) compare:   36.86   37.524  0.1524  0.0000     0.7   34.680  0.1570  0.0000 
num :    29   10.85 1.50582    9.38  607.98 :    7.63  (   0.00    7.69)      1.42   (   0.00    4.01)  203.73 :  0.000    94.36   503.40 | 48.65 -98.83 vals :    29 (0.159 > 0.156) (0.000 < 0.437) (    2 >     5) (   35 >    38) compare:   37.49   37.597  0.1558  0.0000     0.8   34.705  0.1588  0.0000 
num :    30   10.89 1.61180    9.39  628.59 :   16.48  (   0.00    7.70)      6.09   (   0.00    3.90)  229.12 :  0.000   117.20   521.24 | 47.44 -98.84 vals :    30 (0.154 > 0.154) (0.000 < 0.437) (    2 >     5) (   35 >    38) compare:   36.37   37.618  0.1541  0.0000     0.5   34.647  0.1541  0.0000 
num :    31   10.78 1.54648    9.31  646.83 :    5.38  (   0.00    7.62)      2.03   (   0.00    3.86)  241.43 :  0.000   118.30   551.35 | 46.66 -98.80 vals :    31 (0.159 > 0.155) (0.000 < 0.438) (    2 >     6) (   35 >    38) compare:   31.25   37.831  0.1549  0.0000     1.2   34.794  0.1592  0.0000 
num :    32   10.54 1.48607    9.09  650.62 :    7.42  (   0.01    7.35)      3.53   (   0.00    3.69)  268.00 :  0.000   130.47   550.22 | 46.14 -98.84 vals :    32 (0.159 > 0.162) (0.000 < 0.428) (    2 >     5) (   35 >    38) compare:   39.81   38.003  0.1619  0.0000     0.5   34.830  0.1586  0.0000 
num :    33   10.60 1.54272    9.17  667.00 :    6.96  (   0.02    7.45)      2.77   (   0.00    3.72)  256.49 :  0.000   139.23   549.39 | 45.60 -98.86 vals :    33 (0.159 > 0.161) (0.000 < 0.430) (    2 >     5) (   35 >    38) compare:   36.40   37.837  0.1610  0.0000     1.0   34.876  0.1594  0.0000 
num :    34   10.45 1.35923    9.01  682.60 :    8.35  (   0.00    7.42)      0.93   (   0.00    3.57)  241.84 :  0.000   126.38   556.14 | 44.83 -98.86 vals :    34 (0.160 > 0.159) (0.000 < 0.433) (    2 >     6) (   35 >    38) compare:   35.28   38.084  0.1589  0.0000     0.7   35.003  0.1598  0.0000 
num :    35   10.47 1.46598    8.75  695.52 :   20.00  (   0.00    7.43)      4.37   (   0.00    3.59)  252.43 :  0.000   160.52   611.48 | 44.43 -98.82 vals :    35 (0.153 > 0.159) (0.000 < 0.432) (    2 >     6) (   35 >    38) compare:   36.80   38.132  0.1593  0.0000     0.3   34.820  0.1532  0.0000 
num :    36   10.31 1.62293    8.73  708.62 :    8.01  (   0.02    7.35)      1.91   (   0.00    3.67)  227.04 :  0.000   158.70   600.11 | 43.44 -98.78 vals :    36 (0.159 > 0.170) (0.000 < 0.420) (    2 >     6) (   35 >    38) compare:   36.12   38.222  0.1704  0.0000     0.4   34.896  0.1592  0.0000 
num :    37   10.11 1.66670    8.74  719.80 :   16.85  (   0.01    7.31)      2.01   (   0.00    3.67)  246.69 :  0.000   168.36   571.68 | 43.05 -98.81 vals :    37 (0.167 > 0.166) (0.000 < 0.424) (    2 >     6) (   35 >    38) compare:   34.65   38.371  0.1657  0.0000     1.2   34.996  0.1670  0.0000 
num :    38   10.14 1.61876    8.67  732.64 :   14.45  (   0.02    7.23)      2.71   (   0.00    3.61)  275.62 :  0.000   158.83   620.64 | 42.85 -98.79 vals :    38 (0.158 > 0.160) (0.000 < 0.433) (    2 >     6) (   35 >    38) compare:   32.20   38.385  0.1604  0.0000     0.6   35.136  0.1581  0.0000 
num :    39   10.10 1.59687    8.58  759.08 :   12.38  (   0.00    7.09)      2.55   (   0.00    3.70)  273.58 :  0.000   168.65   613.50 | 41.60 -98.76 vals :    39 (0.161 > 0.163) (0.000 < 0.430) (    2 >     6) (   35 >    39) compare:   29.49   38.524  0.1629  0.0000     0.7   35.215  0.1608  0.0000 
num :    40   10.19 1.52771    8.69  767.61 :   17.45  (   0.01    7.19)      6.09   (   0.00    3.62)  297.42 :  0.000   153.88   601.90 | 41.23 -98.76 vals :    40 (0.162 > 0.159) (0.000 < 0.431) (    2 >     6) (   35 >    39) compare:   31.14   38.577  0.1591  0.0000     1.0   35.410  0.1616  0.0000 
num :    41   10.04 1.58695    8.65  775.60 :    8.87  (   0.01    7.20)      1.05   (   0.00    3.56)  279.54 :  0.000   153.18   584.60 | 41.27 -98.73 vals :    41 (0.163 > 0.160) (0.000 < 0.427) (    2 >     6) (   35 >    39) compare:   30.87   38.665  0.1604  0.0000     0.7   35.420  0.1631  0.0000 
num :    42   10.05 1.54515    8.65  777.57 :   15.67  (   0.00    7.07)      1.44   (   0.00    3.43)  308.45 :  0.000   160.75   645.87 | 40.74 -98.64 vals :    42 (0.162 > 0.159) (0.000 < 0.431) (    2 >     6) (   35 >    39) compare:   37.02   38.845  0.1592  0.0000     0.9   35.475  0.1617  0.0000 
num :    43   10.10 1.55242    8.70  789.21 :   15.57  (   0.01    7.10)      7.88   (   0.00    3.39)  312.79 :  0.000   204.54   641.34 | 40.52 -98.74 vals :    43 (0.164 > 0.160) (0.000 < 0.428) (    2 >     6) (   35 >    39) compare:   35.94   38.921  0.1602  0.0000     1.8   35.289  0.1635  0.0000 
num :    44   10.01 1.51324    8.54  809.55 :   13.91  (   0.02    7.04)      8.96   (   0.00    3.47)  314.92 :  0.000   218.82   660.85 | 39.59 -98.73 vals :    44 (0.166 > 0.164) (0.000 < 0.428) (    2 >     6) (   35 >    39) compare:   28.47   39.020  0.1636  0.0000     1.7   35.290  0.1658  0.0000 
num :    45    9.85 1.35185    8.33  817.16 :   23.18  (   0.01    7.20)      4.48   (   0.00    3.56)  285.33 :  0.000   220.08   694.36 | 39.74 -98.74 vals :    45 (0.158 > 0.165) (0.000 < 0.426) (    2 >     6) (   35 >    39) compare:   29.66   39.115  0.1646  0.0000     0.7   35.320  0.1579  0.0000 
num :    46   10.09 1.48388    8.52  834.60 :   26.70  (   0.01    7.44)      3.06   (   0.00    3.54)  309.85 :  0.000   224.57   663.30 | 38.72 -98.52 vals :    46 (0.158 > 0.158) (0.000 < 0.436) (    2 >     6) (   35 >    39) compare:   29.06   39.112  0.1582  0.0000     0.7   35.340  0.1580  0.0000 
num :    47   10.18 1.60860    8.60  835.29 :   28.02  (   0.02    7.34)      5.59   (   0.00    3.39)  341.48 :  0.000   223.18   684.65 | 38.98 -98.57 vals :    47 (0.158 > 0.162) (0.000 < 0.429) (    2 >     6) (   35 >    39) compare:   28.91   39.144  0.1622  0.0000     0.6   35.427  0.1577  0.0000 
num :    48   10.30 1.53948    8.57  844.91 :   18.36  (   0.03    7.39)      2.91   (   0.00    3.36)  285.26 :  0.000   259.25   723.54 | 38.54 -98.57 vals :    48 (0.160 > 0.161) (0.000 < 0.430) (    2 >     6) (   35 >    39) compare:   27.62   39.275  0.1614  0.0000     0.4   35.288  0.1599  0.0000 
num :    49   10.24 1.44305    8.40  852.76 :   24.25  (   0.04    7.12)      3.18   (   0.00    3.45)  326.62 :  0.000   260.22   728.95 | 37.80 -98.52 vals :    49 (0.157 > 0.163) (0.000 < 0.426) (    2 >     6) (   35 >    39) compare:   29.55   39.401  0.1634  0.0000     0.3   35.342  0.1574  0.0000 
num :    50   10.01 1.53945    8.33  858.45 :   23.98  (   0.02    7.02)      3.23   (   0.00    3.39)  310.76 :  0.000   258.97   708.30 | 37.75 -98.55 vals :    50 (0.161 > 0.161) (0.000 < 0.430) (    2 >     6) (   35 >    39) compare:   28.70   39.446  0.1613  0.0000     0.6   35.446  0.1608  0.0000 
