64 // num nodes
64 // num patterns

0 0 0 1 1 0 0 0
0 0 0 1 1 0 0 0
0 0 1 1 1 1 0 0
0 0 1 0 0 1 0 0
0 1 1 0 0 1 1 0
0 1 1 1 1 1 1 0
1 1 0 0 0 0 1 1
1 0 0 0 0 0 0 1
//Character: A

1 1 1 1 1 1 1 0
1 0 0 0 0 0 0 1
1 0 0 0 0 0 0 1
1 1 1 1 1 1 1 0
1 0 0 0 0 0 0 1
1 0 0 0 0 0 0 1
1 0 0 0 0 0 0 1
1 1 1 1 1 1 1 0
//Character: B

0 0 1 1 1 1 0 0
0 1 0 0 0 0 1 0
1 0 0 0 0 0 0 1
1 0 0 0 0 0 0 0
1 0 0 0 0 0 0 0
1 0 0 0 0 0 0 1
0 1 0 0 0 0 1 0
0 0 1 1 1 1 0 0
//Character: C

1 1 1 1 1 1 0 0
1 0 0 0 0 0 1 0
1 0 0 0 0 0 0 1
1 0 0 0 0 0 0 1
1 0 0 0 0 0 0 1
1 0 0 0 0 0 0 1
1 0 0 0 0 0 1 0
1 1 1 1 1 1 0 0
//Character: D

1 1 1 1 1 1 1 1
1 0 0 0 0 0 0 0
1 0 0 0 0 0 0 0
1 1 1 1 1 0 0 0
1 0 0 0 0 0 0 0
1 0 0 0 0 0 0 0
1 0 0 0 0 0 0 0
1 1 1 1 1 1 1 1
//Character: E

1 1 1 1 1 1 1 1
1 0 0 0 0 0 0 0
1 0 0 0 0 0 0 0
1 1 1 1 1 1 0 0
1 0 0 0 0 0 0 0
1 0 0 0 0 0 0 0
1 0 0 0 0 0 0 0
1 0 0 0 0 0 0 0
//Character: F

0 0 1 1 1 1 0 0
0 1 0 0 0 0 1 0
1 0 0 0 0 0 0 1
1 0 0 0 0 0 0 0
1 0 0 0 1 1 1 1
1 0 0 0 0 0 0 1
0 1 0 0 0 0 1 0
0 0 1 1 1 1 0 0
//Character: G

1 0 0 0 0 0 0 1
1 0 0 0 0 0 0 1
1 0 0 0 0 0 0 1
1 1 1 1 1 1 1 1
1 0 0 0 0 0 0 1
1 0 0 0 0 0 0 1
1 0 0 0 0 0 0 1
1 0 0 0 0 0 0 1
//Character: H

1 1 1 1 1 1 1 0
0 0 0 1 0 0 0 0
0 0 0 1 0 0 0 0
0 0 0 1 0 0 0 0
0 0 0 1 0 0 0 0
0 0 0 1 0 0 0 0
0 0 0 1 0 0 0 0
1 1 1 1 1 1 1 0
//Character: I

0 1 1 1 1 1 1 1
0 0 0 0 1 0 0 0
0 0 0 0 1 0 0 0
0 0 0 0 1 0 0 0
0 0 0 0 1 0 0 0
1 0 0 0 1 0 0 0
1 0 0 0 1 0 0 0
0 1 1 1 0 0 0 0
//Character: J

1 0 0 0 0 0 0 1
1 0 0 0 0 1 1 0
1 0 0 1 1 0 0 0
1 0 1 0 0 0 0 0
1 1 0 1 0 0 0 0
1 0 0 0 1 0 0 0
1 0 0 0 0 1 1 0
1 0 0 0 0 0 0 1
//Character: K

1 0 0 0 0 0 0 0
1 0 0 0 0 0 0 0
1 0 0 0 0 0 0 0
1 0 0 0 0 0 0 0
1 0 0 0 0 0 0 0
1 0 0 0 0 0 0 0
1 0 0 0 0 0 0 0
1 1 1 1 1 1 1 1
//Character: L

1 1 0 0 0 0 1 1
1 1 0 0 0 0 1 1
1 1 1 0 0 1 1 1
1 0 1 0 0 1 0 1
1 0 1 1 1 1 0 1
1 0 0 1 1 0 0 1
1 0 0 1 1 0 0 1
1 0 0 0 0 0 0 1
//Character: M

1 0 0 0 0 0 0 1
1 1 0 0 0 0 0 1
1 0 1 0 0 0 0 1
1 0 0 1 0 0 0 1
1 0 0 0 1 0 0 1
1 0 0 0 0 1 0 1
1 0 0 0 0 0 1 1
1 0 0 0 0 0 0 1
//Character: N

0 0 1 1 1 1 0 0
0 1 0 0 0 0 1 0
1 0 0 0 0 0 0 1
1 0 0 0 0 0 0 1
1 0 0 0 0 0 0 1
1 0 0 0 0 0 0 1
0 1 0 0 0 0 1 0
0 0 1 1 1 1 0 0
//Character: O

1 1 1 1 1 1 1 0
1 0 0 0 0 0 0 1
1 0 0 0 0 0 0 1
1 1 1 1 1 1 1 0
1 0 0 0 0 0 0 0
1 0 0 0 0 0 0 0
1 0 0 0 0 0 0 0
1 0 0 0 0 0 0 0
//Character: P

0 0 1 1 1 1 0 0
0 1 0 0 0 0 1 0
1 0 0 0 0 0 0 1
1 0 0 0 0 0 0 1
1 0 0 0 0 0 0 1
1 0 0 0 1 1 0 1
0 1 0 0 0 0 1 0
0 0 1 1 1 1 0 1
//Character: Q

1 1 1 1 1 1 1 0
1 0 0 0 0 0 0 1
1 0 0 0 0 0 0 1
1 1 1 1 1 1 1 0
1 0 1 1 0 0 0 0
1 0 0 1 1 0 0 0
1 0 0 0 0 1 1 0
1 0 0 0 0 0 1 1
//Character: R

0 1 1 1 1 1 1 0
1 0 0 0 0 0 0 1
1 0 0 0 0 0 0 0
0 1 1 1 1 1 1 0
0 0 0 0 0 0 0 1
0 0 0 0 0 0 0 1
1 0 0 0 0 0 0 1
0 1 1 1 1 1 1 0

//Character: S
1 1 1 1 1 1 1 0
0 0 0 1 0 0 0 0
0 0 0 1 0 0 0 0
0 0 0 1 0 0 0 0
0 0 0 1 0 0 0 0
0 0 0 1 0 0 0 0
0 0 0 1 0 0 0 0
0 0 0 1 0 0 0 0
//Character: T

1 0 0 0 0 0 0 1
1 0 0 0 0 0 0 1
1 0 0 0 0 0 0 1
1 0 0 0 0 0 0 1
1 0 0 0 0 0 0 1
1 0 0 0 0 0 0 1
0 1 0 0 0 0 1 0
0 0 1 1 1 1 0 0
//Character: U

1 0 0 0 0 0 0 1
1 0 0 0 0 0 0 1
0 1 0 0 0 0 1 0
0 1 0 0 0 0 1 0
0 0 1 0 0 1 0 0
0 0 1 0 0 1 0 0
0 0 0 1 1 0 0 0
0 0 0 1 1 0 0 0
//Character: V

1 0 0 0 1 0 0 1
1 0 0 0 1 0 0 1
1 0 0 0 1 0 0 1
1 0 0 0 1 0 0 1
1 0 0 0 1 0 0 1
1 0 0 0 1 0 0 1
0 1 0 1 1 0 1 0
0 0 1 0 0 1 0 0
//Character: W

1 0 0 0 0 0 0 1
0 1 0 0 0 0 1 0
0 0 1 0 0 1 0 0
0 0 0 1 1 0 0 0
0 0 0 1 1 0 0 0
0 0 1 0 0 1 0 0
0 1 0 0 0 0 1 0
1 0 0 0 0 0 0 1
//Character: X

1 0 0 0 0 0 1 0
1 0 0 0 0 0 1 0
0 1 0 0 0 1 0 0
0 0 1 0 1 0 0 0
0 0 0 1 0 0 0 0
0 0 0 1 0 0 0 0
0 0 0 1 0 0 0 0
0 0 0 1 0 0 0 0
//Character: Y

1 1 1 1 1 1 1 1
0 0 0 0 0 0 1 0
0 0 0 0 0 1 0 0
0 0 0 0 1 0 0 0
0 0 0 1 0 0 0 0
0 0 1 0 0 0 0 0
0 1 0 0 0 0 0 0
1 1 1 1 1 1 1 1
//Character: Z

0 0 0 0 1 0 0 0
0 0 0 1 1 0 0 0
0 0 0 0 1 0 0 0
0 0 0 0 1 0 0 0
0 0 0 0 1 0 0 0
0 0 0 0 1 0 0 0
0 0 0 0 1 0 0 0
0 0 0 1 1 1 0 0
//Character: 1

0 0 1 1 1 1 0 0
0 1 0 0 0 0 1 0
0 0 0 0 0 0 1 0
0 0 0 0 0 1 0 0
0 0 0 0 1 0 0 0
0 0 0 1 0 0 0 0
0 0 1 0 0 0 0 0
0 1 1 1 1 1 1 0
//Character: 2

0 0 1 1 1 1 0 0
0 1 0 0 0 0 1 0
0 0 0 0 0 0 1 0
0 0 0 1 1 1 0 0
0 0 0 0 0 0 1 0
0 0 0 0 0 0 1 0
0 1 0 0 0 0 1 0
0 0 1 1 1 1 0 0
//Character: 3

0 0 0 0 1 0 0 0
0 0 0 1 1 0 0 0
0 0 1 0 1 0 0 0
0 1 0 0 1 0 0 0
1 1 1 1 1 1 1 0
0 0 0 0 1 0 0 0
0 0 0 0 1 0 0 0
0 0 0 0 1 0 0 0
//Character: 4

0 1 1 1 1 1 1 0
0 1 0 0 0 0 0 0
0 1 0 0 0 0 0 0
0 1 1 1 1 1 0 0
0 0 0 0 0 0 1 0
0 0 0 0 0 0 1 0
0 1 0 0 0 0 1 0
0 0 1 1 1 1 0 0
//Character: 5

0 0 1 1 1 1 0 0
0 1 0 0 0 0 1 0
0 1 0 0 0 0 0 0
0 1 1 1 1 1 0 0
0 1 0 0 0 0 1 0
0 1 0 0 0 0 1 0
0 1 0 0 0 0 1 0
0 0 1 1 1 1 0 0
//Character: 6

0 1 1 1 1 1 1 1
0 1 0 0 0 0 0 1
0 0 0 0 0 0 1 0
0 0 0 0 0 0 1 0
0 0 0 0 0 1 0 0
0 0 0 0 1 0 0 0
0 0 0 1 0 0 0 0
0 0 0 1 0 0 0 0
//Character: 7

0 0 1 1 1 1 0 0
0 1 0 0 0 0 1 0
0 1 0 0 0 0 1 0
0 0 1 1 1 1 0 0
0 1 0 0 0 0 1 0
0 1 0 0 0 0 1 0
0 1 0 0 0 0 1 0
0 0 1 1 1 1 0 0
//Character: 8

0 0 1 1 1 1 0 0
0 1 0 0 0 0 1 0
0 1 0 0 0 0 1 0
0 0 1 1 1 1 1 0
0 0 0 0 0 0 1 0
0 0 0 0 0 0 1 0
0 1 0 0 0 0 1 0
0 0 1 1 1 1 0 0
//Character: 9

1 1 0 0 0 0 1 1
1 0 0 0 0 0 0 1
0 0 1 0 0 1 0 0
0 0 0 0 0 0 0 0
0 1 0 0 0 0 1 0
0 0 1 1 1 1 0 0
1 0 0 0 0 0 0 1
1 1 1 0 0 1 1 1
//Character: : )

0 0 0 1 1 1 0 0
0 0 1 0 0 0 1 0
0 0 0 0 0 0 1 0
0 0 0 0 0 1 0 0
0 0 0 0 1 0 0 0
0 0 0 0 1 0 0 0
0 0 0 0 0 0 0 0
0 0 0 0 1 0 0 0
//Character: ?

0 0 0 0 0 0 0 0
0 0 0 0 0 0 0 0
0 0 0 0 0 0 0 0
0 1 1 1 0 0 0 1
1 0 0 0 1 1 1 0
0 0 0 0 0 0 0 0
0 0 0 0 0 0 0 0
0 0 0 0 0 0 0 0
//Character: ~

1 1 0 0 0 0 0 0
1 1 0 0 0 0 0 0
0 0 1 0 0 0 0 0
0 0 0 0 0 0 0 0
0 0 0 0 0 0 0 0
0 0 0 0 0 0 0 0
0 0 0 0 0 0 0 0
0 0 0 0 0 0 0 0
//Character: `

0 1 1 1 1 1 1 0
1 0 0 0 0 0 0 1
1 0 1 1 1 1 0 1
1 0 1 0 0 1 0 1
1 0 1 0 0 1 0 1
1 0 0 1 1 0 1 0
1 0 0 0 0 0 0 0
0 1 1 1 1 1 0 0
//Character: @

0 0 1 0 0 1 0 0
0 0 1 0 0 1 0 0
1 1 1 1 1 1 1 1
0 0 1 0 0 1 0 0
0 0 1 0 0 1 0 0
1 1 1 1 1 1 1 1
0 0 1 0 0 1 0 0
0 0 1 0 0 1 0 0
//Character: #

0 0 0 0 1 0 0 0
0 0 1 1 1 1 1 0
0 1 0 0 1 0 0 1
0 0 1 1 1 0 0 0
0 0 0 0 1 1 1 0
0 1 0 0 1 0 0 1
0 0 1 1 1 1 1 0
0 0 0 0 1 0 0 0
//Character: $

0 1 0 0 0 0 0 1
1 0 1 0 0 0 1 0
1 0 1 0 0 1 0 0
0 1 0 0 1 0 0 0
0 0 0 1 0 0 1 0
0 0 1 0 0 1 0 1
0 1 0 0 0 1 0 1
1 0 0 0 0 0 1 0
//Character: %

0 0 0 1 0 0 0 0
0 0 1 0 1 0 0 0
0 1 0 0 0 1 0 0
1 0 0 0 0 0 1 0
0 0 0 0 0 0 0 0
0 0 0 0 0 0 0 0
0 0 0 0 0 0 0 0
0 0 0 0 0 0 0 0
//Character: ^44

0 0 0 0 0 0 0 0
1 0 0 1 0 0 1 0
0 1 0 1 0 1 0 0
0 0 1 1 1 0 0 0
1 1 1 1 1 1 1 0
0 0 1 1 1 0 0 0
0 1 0 1 0 1 0 0
1 0 0 1 0 0 1 0
//Character: *

0 0 0 0 1 0 0 0
0 0 0 1 0 0 0 0
0 0 1 0 0 0 0 0
0 0 1 0 0 0 0 0
0 0 1 0 0 0 0 0
0 0 1 0 0 0 0 0
0 0 0 1 0 0 0 0
0 0 0 0 1 0 0 0
//Character: (

0 0 0 1 0 0 0 0
0 0 0 0 1 0 0 0
0 0 0 0 0 1 0 0
0 0 0 0 0 1 0 0
0 0 0 0 0 1 0 0
0 0 0 0 0 1 0 0
0 0 0 0 1 0 0 0
0 0 0 1 0 0 0 0
//Character: )

0 0 0 0 0 0 0 0
0 0 0 0 0 0 0 0
0 0 0 0 0 0 0 0
0 0 0 0 0 0 0 0
0 0 0 0 0 0 0 0
0 0 0 0 0 0 0 0
0 0 0 0 0 0 0 0
1 1 1 1 1 1 1 1
//Character: _

0 0 0 0 0 0 0 0
0 0 0 0 0 0 0 0
0 0 0 0 0 0 0 0
0 0 0 0 0 0 0 0
0 1 1 1 1 1 0 0
0 0 0 0 0 0 0 0
0 0 0 0 0 0 0 0
0 0 0 0 0 0 0 0
//Character: -

0 0 0 0 0 0 0 0
0 0 0 0 0 0 0 0
0 0 0 1 0 0 0 0
0 0 0 1 0 0 0 0
0 1 1 1 1 1 0 0
0 0 0 1 0 0 0 0
0 0 0 1 0 0 0 0
0 0 0 0 0 0 0 0
//Character: +

0 0 0 0 0 0 0 0
0 0 0 0 0 0 0 0
0 0 0 0 0 0 0 0
0 1 1 1 1 1 1 0
0 0 0 0 0 0 0 0
0 1 1 1 1 1 1 0
0 0 0 0 0 0 0 0
0 0 0 0 0 0 0 0
//Character: =

0 0 0 1 1 0 0 0
0 0 1 0 0 0 0 0
0 0 1 0 0 0 0 0
0 1 0 0 0 0 0 0
0 1 0 0 0 0 0 0
0 0 1 0 0 0 0 0
0 0 1 0 0 0 0 0
0 0 0 1 1 0 0 0
//Character: {

0 0 0 1 1 0 0 0
0 0 0 0 0 1 0 0
0 0 0 0 0 1 0 0
0 0 0 0 0 0 1 0
0 0 0 0 0 0 1 0
0 0 0 0 0 1 0 0
0 0 0 0 0 1 0 0
0 0 0 1 1 0 0 0
//Character: }

0 1 1 1 0 0 0 0
0 1 0 0 0 0 0 0
0 1 0 0 0 0 0 0
0 1 0 0 0 0 0 0
0 1 0 0 0 0 0 0
0 1 0 0 0 0 0 0
0 1 0 0 0 0 0 0
0 1 1 1 0 0 0 0
//Character: [

0 0 0 0 1 1 1 0
0 0 0 0 0 0 1 0
0 0 0 0 0 0 1 0
0 0 0 0 0 0 1 0
0 0 0 0 0 0 1 0
0 0 0 0 0 0 1 0
0 0 0 0 0 0 1 0
0 0 0 0 1 1 1 0
//Character: ]

0 0 0 1 0 0 0 0
0 0 0 1 0 0 0 0
0 0 0 1 0 0 0 0
0 0 0 1 0 0 0 0
0 0 0 0 0 0 0 0
0 0 0 1 0 0 0 0
0 0 0 1 0 0 0 0
0 0 0 1 0 0 0 0
//Character: |

1 0 0 0 0 0 0 0
0 1 0 0 0 0 0 0
0 0 1 0 0 0 0 0
0 0 0 1 0 0 0 0
0 0 0 0 1 0 0 0
0 0 0 0 0 1 0 0
0 0 0 0 0 0 1 0
0 0 0 0 0 0 0 1
//Character: \

0 0 0 0 0 0 0 0
0 0 0 1 1 0 0 0
0 0 0 1 1 0 0 0
0 0 0 0 0 0 0 0
0 0 0 0 0 0 0 0
0 0 0 1 1 0 0 0
0 0 0 1 1 0 0 0
0 0 0 0 0 0 0 0
//Character: : 

0 0 0 0 0 0 0 0
0 0 0 1 1 0 0 0
0 0 0 1 1 0 0 0
0 0 0 0 0 0 0 0
0 0 0 1 1 0 0 0
0 0 0 1 1 0 0 0
0 0 1 1 0 0 0 0
0 0 0 0 0 0 0 0
//Character: ;

0 0 0 0 0 0 0 1
0 0 0 0 0 0 1 0
0 0 0 0 0 1 0 0
0 0 0 0 1 0 0 0
0 0 0 1 0 0 0 0
0 0 1 0 0 0 0 0
0 1 0 0 0 0 0 0
1 0 0 0 0 0 0 0
//Character: /

0 0 0 0 0 0 0 0
0 0 0 0 0 0 0 0
0 1 1 0 0 0 0 0
0 0 0 1 1 0 0 0
0 0 0 0 0 1 1 0
0 0 0 1 1 0 0 0
0 1 1 0 0 0 0 0
0 0 0 0 0 0 0 0
//Character: >

0 0 0 0 0 0 0 0
0 0 0 0 0 0 0 0
0 0 0 0 0 1 1 0
0 0 0 1 1 0 0 0
0 1 1 0 0 0 0 0
0 0 0 1 1 0 0 0
0 0 0 0 0 1 1 0
0 0 0 0 0 0 0 0
//Character: <

0 0 1 0 1 0 0 0
0 0 1 0 1 0 0 0
0 0 1 0 1 0 0 0
0 0 0 0 0 0 0 0
0 0 0 0 0 0 0 0
0 0 0 0 0 0 0 0
0 0 0 0 0 0 0 0
0 0 0 0 0 0 0 0
//Character: "

0 0 0 0 0 0 0 0
0 0 0 0 0 0 0 0
0 0 0 0 0 0 0 0
0 0 0 0 0 0 0 0
0 0 0 0 0 0 0 0
0 0 0 1 1 0 0 0
0 0 0 1 1 0 0 0
0 0 1 0 0 0 0 0
//Character: ,

