#Net100seed1180032182.net EP02delta0.1Hetero005.train 1180032182
#Top pat = 1
  0.0000
  0.0000
  0.0000
  0.0000
  0.0000
  0.0000
  0.0000
  0.0000
  0.0000
  0.0000
  0.0000
  0.0000
  0.0000
  0.0000
  0.0000
  0.0000
  0.0000
  0.0000
  0.0000
  0.0000
  0.0000
  0.0000
  0.0000
  0.0000
  0.0000
  0.0000
  0.0000
  0.0000
  0.0000
  0.0000
  0.0000
  0.0000
  0.0000
  0.0000
  0.0000
  0.0000
  0.0000
  0.0000
  0.0000
  0.0000
  0.0000
  0.0000
  0.0000
  0.0000
  0.0000
  0.0000
  0.0000
  0.0000
  0.0000
  0.0000
  0.0000
  0.0000
  0.0000
  0.0000
  0.0000
  0.0000
  0.0000
  0.0000
  0.0000
  0.6000
  0.6000
  0.6000
  0.6000
  0.6000
  0.6000
  0.6000
  0.6000
  0.6000
  0.6000
  0.6000
  0.6000
  0.6000
  0.6000
  0.6000
  0.6000
  0.6000
  0.6000
  0.6000
  0.6000
  0.6000
  0.6000
  1.0000
  1.0000
  1.0000
  1.0000
  1.0000
  1.0000
  1.0000
  1.0000
  1.0000
  1.0000
  1.0000
  1.0000
  1.0000
  1.0000
  1.0000
  1.0000
  1.0000
  1.0000
  1.0000


#Top pat = 2
 -1.4000
 -1.4000
 -1.4000
 -1.4000
 -1.4000
 -1.4000
 -1.4000
 -1.4000
 -1.4000
 -1.4000
 -1.4000
 -1.4000
 -1.4000
 -1.4000
 -1.0000
 -1.0000
 -1.0000
 -1.0000
 -1.0000
 -1.0000
 -1.0000
 -1.0000
 -1.0000
 -1.0000
 -1.0000
 -1.0000
 -1.0000
 -1.0000
 -1.0000
 -1.0000
 -1.0000
 -1.0000
 -0.8000
 -0.8000
 -0.8000
 -0.8000
 -0.8000
 -0.8000
 -0.8000
 -0.8000
 -0.8000
 -0.8000
 -0.8000
  0.0000
  0.0000
  0.0000
  0.0000
  0.0000
  0.0000
  0.0000
  0.0000
  0.0000
  0.0000
  0.0000
  0.0000
  0.0000
  0.0000
  0.0000
  0.0000
  0.0000
  0.0000
  0.0000
  0.0000
  0.0000
  0.0000
  0.0000
  0.0000
  0.0000
  0.0000
  0.0000
  0.0000
  0.0000
  0.0000
  0.0000
  0.0000
  0.0000
  0.0000
  0.0000
  0.0000
  1.6000
  1.6000
  1.6000
  1.6000
  1.6000
  1.6000
  1.6000
  1.6000
  1.6000
  1.6000
  1.6000
  2.4000
  2.4000
  2.4000
  2.4000
  2.4000
  2.4000
  2.4000
  2.4000
  2.4000
  2.4000


#Top pat = 3
 -2.0000
 -2.0000
 -2.0000
 -2.0000
 -1.4000
 -1.4000
 -1.4000
 -1.4000
 -1.4000
 -1.4000
 -1.4000
 -1.2000
 -1.2000
 -1.2000
 -1.2000
 -1.2000
 -1.2000
 -1.2000
 -1.2000
 -1.2000
 -1.2000
 -1.2000
 -1.2000
 -1.2000
 -1.2000
 -1.2000
 -1.2000
 -1.2000
 -0.6000
 -0.6000
 -0.6000
 -0.6000
 -0.6000
 -0.6000
 -0.6000
 -0.6000
 -0.6000
 -0.6000
 -0.6000
 -0.4000
 -0.4000
 -0.4000
 -0.4000
 -0.4000
 -0.4000
 -0.4000
 -0.4000
 -0.4000
 -0.4000
 -0.4000
 -0.2000
 -0.2000
 -0.2000
 -0.2000
 -0.2000
 -0.2000
 -0.2000
 -0.2000
 -0.2000
  0.0000
  0.0000
  0.0000
  0.0000
  0.0000
  0.0000
  0.0000
  0.0000
  0.0000
  0.0000
  0.0000
  0.0000
  0.6000
  0.6000
  0.6000
  0.6000
  0.6000
  0.6000
  0.6000
  0.6000
  1.0000
  1.0000
  1.0000
  1.0000
  1.8000
  1.8000
  1.8000
  1.8000
  1.8000
  1.8000
  1.8000
  2.2000
  2.2000
  2.2000
  2.2000
  2.2000
  2.2000
  3.0000
  3.0000
  3.0000
  3.0000


