#Net100seed1180032182.net EP02delta0.1Hetero005.train 1180032182
#Top pat = 1
 -2.6000
 -2.6000
 -2.6000
 -2.6000
 -2.6000
 -2.6000
 -2.6000
 -2.6000
 -2.6000
 -2.6000
 -2.6000
 -2.6000
 -2.6000
 -2.6000
 -2.6000
 -2.6000
 -2.6000
 -2.6000
 -2.6000
 -2.2000
 -2.2000
 -2.2000
 -2.2000
 -2.2000
 -2.2000
 -2.2000
 -2.2000
 -2.2000
 -2.2000
 -2.2000
 -2.2000
 -2.2000
 -2.2000
 -2.2000
 -2.2000
 -2.2000
 -2.2000
 -2.2000
 -2.2000
 -2.2000
 -2.2000
  0.0000
  0.0000
  0.0000
  0.0000
  0.0000
  0.0000
  0.0000
  0.0000
  0.0000
  0.0000
  0.0000
  0.0000
  0.0000
  0.0000
  0.0000
  0.0000
  0.0000
  0.0000
  0.0000
  0.0000
  0.0000
  0.0000
  0.0000
  0.0000
  0.0000
  0.0000
  0.0000
  0.0000
  0.0000
  0.0000
  0.0000
  0.0000
  0.0000
  0.0000
  0.0000
  0.0000
  0.0000
  0.0000
  0.0000
  0.0000
  0.0000
  0.0000
  0.0000
  0.0000
  0.0000
  0.0000
  0.0000
  0.0000
  0.0000
  0.0000
  0.0000
  0.0000
  0.0000
  0.0000
  0.0000
  0.0000
  0.0000
  0.0000
  0.0000


#Top pat = 2
 -4.8000
 -4.8000
 -4.8000
 -4.8000
 -4.8000
 -4.8000
 -4.8000
 -4.8000
 -4.8000
 -4.0000
 -4.0000
 -4.0000
 -4.0000
 -4.0000
 -4.0000
 -4.0000
 -4.0000
 -4.0000
 -4.0000
 -4.0000
 -2.2000
 -2.2000
 -2.2000
 -2.2000
 -2.2000
 -2.2000
 -2.2000
 -2.2000
 -2.2000
 -2.2000
 -2.2000
 -2.2000
 -2.2000
 -2.2000
 -2.2000
 -2.2000
 -1.8000
 -1.8000
 -1.8000
 -1.8000
 -1.8000
 -1.8000
 -1.8000
 -1.8000
 -1.8000
 -1.8000
 -1.8000
 -1.8000
 -1.8000
 -1.8000
 -1.8000
 -1.8000
 -0.8000
 -0.8000
 -0.8000
 -0.8000
 -0.8000
 -0.8000
 -0.8000
 -0.8000
 -0.8000
 -0.8000
  0.0000
 -0.0000
  0.0000
  0.0000
  0.0000
 -0.0000
  0.0000
  0.0000
  0.0000
 -0.0000
 -0.0000
  0.0000
  0.0000
  0.0000
  0.0000
  0.0000
  0.0000
  0.0000
  0.0000
  0.0000
 -0.0000
  0.0000
  0.0000
 -0.0000
 -0.0000
 -0.0000
  0.0000
  0.0000
  0.0000
  0.0000
 -0.0000
  0.0000
  0.0000
  0.0000
  0.0000
 -0.0000
  0.0000
 -0.0000


#Top pat = 3
 -6.2000
 -6.2000
 -6.2000
 -6.2000
 -6.2000
 -5.0000
 -5.0000
 -5.0000
 -5.0000
 -5.0000
 -5.0000
 -5.0000
 -3.8000
 -3.8000
 -3.8000
 -3.8000
 -3.6000
 -3.6000
 -3.6000
 -3.6000
 -3.6000
 -3.6000
 -3.6000
 -3.6000
 -3.6000
 -3.6000
 -2.8000
 -2.8000
 -2.8000
 -2.8000
 -2.8000
 -2.8000
 -2.8000
 -2.8000
 -2.8000
 -2.8000
 -2.8000
 -2.6000
 -2.6000
 -2.6000
 -2.6000
 -2.2000
 -2.2000
 -2.2000
 -2.2000
 -2.2000
 -1.2000
 -1.2000
 -1.2000
 -1.2000
 -1.2000
 -1.2000
 -1.0000
 -1.0000
 -1.0000
 -1.0000
 -1.0000
 -1.0000
 -0.4000
 -0.4000
 -0.4000
 -0.4000
 -0.4000
  0.0000
  0.0000
  0.0000
  0.0000
  0.0000
  0.0000
  0.0000
  0.0000
  0.0000
  0.0000
  0.0000
  0.0000
  0.2000
  0.2000
  0.2000
  0.2000
  0.2000
  1.0000
  1.0000
  1.0000
  1.0000
  1.0000
  1.0000
  1.0000
  1.0000
  1.0000
  1.0000
  1.4000
  1.4000
  1.4000
  1.4000
  1.4000
  1.4000
  1.4000
  1.4000
  1.4000
  1.4000


