#Net100seed1180032182.net EP02delta0.1Hetero005.train 1180032182
#Top pat = 1
  0.0000
  0.0000
  0.0000
  0.0000
  0.0000
  0.0000
  0.0000
  0.0000
  0.0000
  0.0000
  0.0000
  0.0000
  0.0000
  0.0000
  0.0000
  0.0000
  0.0000
  0.0000
  0.0000
  0.0000
  0.0000
  0.0000
  0.0000
  0.0000
  0.0000
  0.0000
  0.0000
  0.0000
  0.0000
  0.0000
  0.0000
  0.0000
  0.0000
  0.0000
  0.0000
  0.0000
  0.0000
  0.0000
  0.0000
  0.0000
  0.0000
  0.0000
  0.0000
  0.0000
  0.0000
  0.0000
  0.0000
  0.0000
  0.0000
  0.0000
  0.0000
  0.0000
  0.0000
  0.0000
  0.0000
  0.0000
  0.0000
  0.0000
  0.0000
  0.2000
  0.2000
  0.2000
  0.2000
  0.2000
  0.2000
  0.2000
  0.2000
  0.2000
  0.2000
  0.2000
  0.2000
  0.2000
  0.2000
  0.2000
  0.2000
  0.2000
  0.2000
  0.2000
  0.2000
  0.2000
  0.6000
  0.6000
  0.6000
  0.6000
  0.6000
  0.6000
  0.6000
  0.6000
  0.6000
  0.6000
  0.6000
  0.6000
  0.6000
  0.6000
  0.6000
  0.6000
  0.6000
  0.6000
  0.6000
  0.6000


#Top pat = 2
 -1.6000
 -1.6000
 -1.6000
 -1.6000
 -1.6000
 -1.6000
 -1.6000
 -1.6000
 -1.6000
 -1.6000
 -0.8000
 -0.8000
 -0.8000
 -0.8000
 -0.8000
 -0.8000
 -0.8000
 -0.8000
 -0.8000
 -0.8000
 -0.8000
  0.0000
  0.0000
  0.0000
  0.0000
  0.0000
  0.0000
  0.0000
  0.0000
  0.0000
  0.0000
  0.0000
  0.0000
  0.0000
  0.0000
  0.0000
  0.0000
  0.0000
  0.0000
  0.0000
  0.0000
  0.0000
  0.0000
  0.0000
  0.0000
  0.0000
  0.0000
  0.0000
  1.4000
  1.4000
  1.4000
  1.4000
  1.4000
  1.4000
  1.4000
  1.4000
  1.4000
  1.4000
  1.4000
  1.4000
  1.4000
  1.4000
  1.4000
  1.4000
  1.4000
  1.6000
  1.6000
  1.6000
  1.6000
  1.6000
  1.6000
  1.6000
  1.6000
  1.6000
  1.6000
  1.6000
  1.8000
  1.8000
  1.8000
  1.8000
  1.8000
  1.8000
  1.8000
  1.8000
  1.8000
  1.8000
  1.8000
  1.8000
  1.8000
  1.8000
  1.8000
  2.4000
  2.4000
  2.4000
  2.4000
  2.4000
  2.4000
  2.4000
  2.4000
  2.4000


#Top pat = 3
 -6.6000
 -6.6000
 -6.6000
 -6.6000
 -6.6000
 -5.4000
 -5.4000
 -5.4000
 -5.4000
 -5.4000
 -5.4000
 -3.6000
 -3.6000
 -3.6000
 -3.6000
 -3.6000
 -3.6000
 -3.6000
 -3.6000
 -3.6000
 -3.4000
 -3.4000
 -3.4000
 -3.4000
 -3.4000
 -2.8000
 -2.8000
 -2.8000
 -2.8000
 -2.8000
 -2.8000
 -2.8000
 -2.8000
 -2.8000
 -2.8000
 -2.8000
 -2.8000
 -2.2000
 -2.2000
 -2.2000
 -2.2000
 -2.2000
 -2.2000
 -2.2000
  0.0000
  0.0000
  0.0000
  0.0000
  0.0000
  0.0000
  0.0000
  0.0000
  0.0000
  0.0000
  0.0000
  0.0000
  3.0000
  3.0000
  3.0000
  3.0000
  3.0000
  4.2000
  4.2000
  4.2000
  4.2000
  4.2000
  4.6000
  4.6000
  4.6000
  4.6000
  4.6000
  4.6000
  4.6000
  4.6000
  4.6000
  5.0000
  5.0000
  5.0000
  5.0000
  5.0000
  5.0000
  6.0000
  6.0000
  6.0000
  6.0000
  6.0000
  6.0000
  6.0000
  6.0000
  6.2000
  6.2000
  6.2000
  6.2000
  6.2000
  6.2000
  6.8000
  6.8000
  6.8000
  7.4000
  7.4000


