#..\..\..\Net100seed42.net EPdeltaInput0.5-Epoch10.train 42
#Top pat = 5
  1.2000
  1.2000
  2.6000
  2.8000
  2.8000
  3.4000
  3.4000
  5.0000
  5.0000
  5.0000
  5.2000
  6.0000
  6.0000
  6.6000
  6.6000
  6.6000
  6.6000
  8.2000
  9.2000
  9.8000
  9.8000
  9.8000
 10.4000
 10.4000
 10.4000
 11.0000
 11.0000
 11.4000
 11.4000
 11.4000
 11.4000
 11.4000
 11.4000
 11.4000
 11.4000
 11.6000
 11.6000
 12.0000
 12.0000
 12.6000
 13.0000
 13.0000
 13.0000
 13.0000
 13.0000
 13.2000
 14.4000
 14.6000
 14.6000
 14.6000
 14.6000
 14.8000
 14.8000
 15.0000
 15.4000
 15.4000
 16.4000
 17.0000
 17.0000
 18.0000
 18.0000
 18.2000
 21.0000
 21.4000
 21.4000
 21.8000
 22.0000
 22.6000
 22.6000
 22.8000
 24.2000
 28.2000
 28.2000
 28.8000
 28.8000
 28.8000
 28.8000
 29.4000
 29.8000
 29.8000
 29.8000
 31.4000
 31.4000
 32.0000
 34.6000
 37.0000
 38.0000
 38.0000
 39.2000
 39.2000
 39.6000
 40.2000
 40.4000
 40.4000
 41.0000
 41.2000
 41.8000
 42.0000
 49.4000
 50.2000


