#..\..\..\Net100seed42.net EPdeltaInput0.5-Epoch10.train 42
#Top pat = 5
  6.2000
  8.0000
 11.0000
 11.0000
 11.8000
 11.8000
 12.6000
 14.2000
 14.4000
 14.4000
 14.4000
 14.4000
 14.8000
 15.6000
 15.6000
 15.8000
 15.8000
 16.0000
 16.0000
 16.6000
 17.0000
 17.0000
 17.2000
 17.2000
 17.4000
 17.4000
 18.2000
 18.2000
 18.2000
 18.2000
 18.2000
 18.2000
 19.0000
 19.6000
 19.6000
 19.6000
 19.8000
 19.8000
 19.8000
 19.8000
 20.4000
 20.4000
 20.4000
 20.4000
 20.6000
 20.6000
 22.2000
 22.2000
 22.2000
 22.2000
 22.2000
 22.2000
 22.8000
 23.0000
 23.0000
 23.2000
 23.2000
 23.2000
 23.8000
 24.4000
 24.4000
 24.6000
 24.6000
 25.0000
 25.2000
 25.4000
 25.4000
 25.4000
 25.4000
 25.8000
 25.8000
 26.0000
 26.6000
 26.8000
 26.8000
 27.0000
 27.0000
 27.8000
 27.8000
 28.0000
 28.6000
 28.8000
 28.8000
 29.2000
 29.4000
 29.8000
 31.8000
 32.6000
 34.2000
 34.6000
 34.8000
 35.8000
 37.2000
 37.2000
 38.0000
 38.2000
 39.6000
 40.2000
 43.0000
 44.2000


