#..\..\..\Net100seed42.net EPdeltaInput0.5-Epoch10.train 42
#Top pat = 5
  1.0000
  1.8000
  1.8000
  2.6000
  2.8000
  3.0000
  3.6000
  4.0000
  5.2000
  5.8000
  5.8000
  6.6000
  6.6000
  6.6000
  6.6000
  6.6000
  6.6000
  7.4000
  8.2000
  8.2000
  9.2000
  9.4000
  9.4000
 10.6000
 11.4000
 11.4000
 11.4000
 11.4000
 11.4000
 11.4000
 11.6000
 12.2000
 12.2000
 12.2000
 13.4000
 13.6000
 13.6000
 14.0000
 14.0000
 14.4000
 15.2000
 15.2000
 16.2000
 16.2000
 16.2000
 16.2000
 16.2000
 16.2000
 17.0000
 17.0000
 17.0000
 17.8000
 18.0000
 18.4000
 18.8000
 19.0000
 19.0000
 19.2000
 19.2000
 19.2000
 19.4000
 20.2000
 20.4000
 22.4000
 22.8000
 23.6000
 24.2000
 24.2000
 24.4000
 26.0000
 26.2000
 26.6000
 26.6000
 26.6000
 27.4000
 27.4000
 27.6000
 28.4000
 31.4000
 31.4000
 32.2000
 32.2000
 32.4000
 32.4000
 33.0000
 34.0000
 34.8000
 34.8000
 35.0000
 36.2000
 37.6000
 37.6000
 37.8000
 38.8000
 38.8000
 38.8000
 38.8000
 45.0000
 51.0000
 51.0000


