#..\..\..\Net100seed42.net EPdeltaInput0.5-Epoch10.train 42
#Top pat = 5
 14.8000
 14.8000
 15.4000
 15.4000
 15.6000
 15.6000
 15.8000
 15.8000
 16.2000
 16.2000
 16.2000
 16.4000
 17.0000
 17.0000
 17.2000
 17.2000
 17.2000
 17.4000
 17.4000
 17.6000
 17.8000
 17.8000
 17.8000
 18.0000
 18.0000
 18.6000
 18.6000
 18.6000
 18.6000
 18.6000
 18.6000
 18.6000
 18.8000
 18.8000
 18.8000
 18.8000
 18.8000
 19.0000
 19.4000
 19.4000
 19.4000
 19.4000
 19.4000
 19.4000
 19.6000
 19.6000
 19.8000
 20.0000
 20.0000
 20.2000
 20.2000
 20.2000
 20.2000
 20.2000
 20.2000
 20.2000
 20.4000
 21.0000
 21.0000
 21.0000
 21.2000
 21.2000
 21.8000
 21.8000
 21.8000
 21.8000
 21.8000
 21.8000
 22.0000
 22.0000
 22.0000
 22.6000
 22.6000
 22.8000
 23.0000
 23.4000
 23.8000
 33.6000
 33.6000
 34.2000
 34.6000
 34.6000
 34.6000
 35.2000
 35.2000
 36.0000
 36.2000
 36.6000
 37.0000
 37.8000
 38.6000
 38.6000
 39.2000
 39.2000
 39.2000
 40.4000
 41.6000
 42.4000
 42.6000
 43.4000


