#..\..\..\Net100seed42.net EPdeltaInput0.5-Epoch10.train 42
#Top pat = 5
 15.8000
 15.8000
 15.8000
 15.8000
 15.8000
 15.8000
 16.4000
 17.2000
 17.4000
 17.4000
 17.4000
 17.6000
 17.8000
 18.0000
 18.0000
 18.0000
 18.0000
 18.0000
 18.0000
 18.2000
 18.2000
 18.2000
 18.2000
 18.2000
 18.2000
 18.2000
 18.2000
 18.4000
 18.4000
 18.4000
 18.4000
 19.0000
 19.0000
 19.0000
 19.0000
 19.2000
 19.2000
 19.2000
 19.4000
 19.6000
 19.8000
 19.8000
 19.8000
 19.8000
 19.8000
 19.8000
 20.4000
 20.4000
 20.6000
 20.6000
 20.6000
 20.6000
 20.6000
 20.6000
 20.6000
 21.6000
 21.6000
 21.6000
 22.0000
 22.0000
 22.0000
 22.2000
 22.2000
 22.2000
 22.2000
 22.2000
 22.2000
 22.2000
 22.2000
 23.0000
 23.2000
 23.2000
 23.8000
 34.2000
 34.2000
 34.6000
 34.8000
 35.4000
 35.4000
 35.6000
 35.6000
 35.6000
 35.6000
 35.8000
 37.2000
 37.4000
 37.8000
 37.8000
 38.0000
 38.2000
 38.2000
 38.2000
 39.4000
 39.6000
 39.6000
 39.6000
 40.2000
 40.4000
 41.8000
 43.0000


