#..\..\..\Net100seed42.net EPdeltaInput0.5-Epoch10.train 42
#Top pat = 5
  0.2000
  2.0000
  2.8000
  3.0000
  3.0000
  3.6000
  3.6000
  4.2000
  4.2000
  4.2000
  5.0000
  5.0000
  5.8000
  6.6000
  6.6000
  6.6000
  7.4000
  7.4000
  7.4000
  7.4000
  7.4000
  8.2000
  8.4000
  9.0000
  9.0000
  9.8000
  9.8000
  9.8000
  9.8000
  9.8000
  9.8000
 10.0000
 12.0000
 12.2000
 12.2000
 12.2000
 12.2000
 12.2000
 12.2000
 12.2000
 12.2000
 13.2000
 14.0000
 14.6000
 14.6000
 14.8000
 16.6000
 16.6000
 17.8000
 18.0000
 18.0000
 19.0000
 19.2000
 19.2000
 20.0000
 20.4000
 20.4000
 21.0000
 21.4000
 22.4000
 23.4000
 24.4000
 24.8000
 24.8000
 24.8000
 25.2000
 25.6000
 25.8000
 25.8000
 26.2000
 26.8000
 26.8000
 26.8000
 27.0000
 28.0000
 28.0000
 28.2000
 28.2000
 28.2000
 28.2000
 28.2000
 29.2000
 30.6000
 30.6000
 30.6000
 31.6000
 32.2000
 33.2000
 33.6000
 33.6000
 35.0000
 36.4000
 36.4000
 37.0000
 38.8000
 41.8000
 44.2000
 46.6000
 48.6000
 54.0000


