#..\..\..\Net100seed42.net EPdeltaInput0.5-Epoch10.train 42
#Top pat = 5
  6.8000
 10.8000
 11.0000
 11.4000
 11.4000
 12.2000
 12.4000
 13.8000
 13.8000
 14.0000
 14.0000
 14.6000
 14.6000
 14.8000
 14.8000
 16.2000
 17.0000
 17.2000
 17.4000
 17.8000
 17.8000
 17.8000
 17.8000
 18.0000
 18.0000
 18.6000
 18.6000
 18.6000
 18.8000
 19.2000
 19.2000
 19.4000
 19.4000
 19.4000
 19.4000
 19.8000
 20.2000
 20.2000
 20.2000
 20.2000
 20.8000
 20.8000
 20.8000
 21.2000
 21.2000
 21.4000
 21.8000
 21.8000
 22.0000
 22.4000
 23.4000
 23.4000
 23.4000
 23.4000
 23.6000
 23.6000
 25.0000
 25.0000
 25.0000
 25.2000
 25.8000
 25.8000
 25.8000
 25.8000
 26.0000
 26.0000
 26.0000
 26.2000
 26.2000
 26.8000
 26.8000
 27.0000
 27.0000
 27.4000
 27.4000
 27.4000
 27.4000
 27.4000
 27.4000
 28.0000
 28.2000
 28.8000
 29.0000
 30.0000
 31.4000
 32.2000
 34.6000
 36.0000
 36.0000
 36.0000
 36.0000
 36.2000
 36.6000
 37.8000
 37.8000
 38.4000
 38.6000
 39.0000
 42.0000
 43.6000


