#..\..\..\Net100seed42.net EPdeltaInput0.5-Epoch10.train 42
#Top pat = 5
  0.6000
  0.6000
  0.6000
  0.8000
  3.0000
  3.0000
  3.8000
  4.2000
  4.6000
  4.6000
  5.4000
  5.4000
  5.4000
  6.0000
  6.8000
  6.8000
  7.0000
  7.0000
  7.0000
  7.6000
  7.8000
  7.8000
  7.8000
  7.8000
  9.8000
 11.8000
 11.8000
 11.8000
 12.6000
 12.6000
 12.6000
 12.6000
 12.6000
 12.6000
 12.6000
 13.0000
 13.0000
 13.4000
 14.0000
 14.8000
 14.8000
 14.8000
 15.0000
 15.0000
 15.0000
 15.2000
 16.4000
 17.4000
 17.4000
 18.4000
 18.6000
 18.8000
 19.4000
 19.8000
 19.8000
 20.0000
 20.4000
 20.4000
 21.0000
 21.2000
 21.2000
 21.2000
 21.4000
 22.0000
 22.2000
 22.2000
 22.2000
 23.0000
 23.0000
 26.0000
 27.0000
 27.0000
 27.2000
 27.2000
 28.0000
 28.0000
 28.4000
 28.4000
 29.2000
 29.6000
 29.6000
 29.6000
 29.6000
 29.6000
 31.8000
 33.0000
 34.0000
 34.0000
 34.2000
 34.2000
 35.0000
 35.6000
 36.6000
 36.6000
 36.6000
 39.0000
 41.2000
 41.2000
 43.4000
 43.4000


