#..\..\..\Net100seed42.net EPdeltaInput0.5-Epoch10.train 42
#Top pat = 5
 10.2000
 10.8000
 11.8000
 14.2000
 14.2000
 14.2000
 14.2000
 14.6000
 14.6000
 15.8000
 15.8000
 15.8000
 17.2000
 17.4000
 17.6000
 17.6000
 18.2000
 18.2000
 18.2000
 18.2000
 18.4000
 18.8000
 18.8000
 18.8000
 18.8000
 19.0000
 19.0000
 19.0000
 19.0000
 19.0000
 19.0000
 19.0000
 19.0000
 19.0000
 19.0000
 19.0000
 19.0000
 19.0000
 19.0000
 19.0000
 19.2000
 19.6000
 19.6000
 19.8000
 19.8000
 19.8000
 19.8000
 19.8000
 19.8000
 19.8000
 21.0000
 23.2000
 23.2000
 23.2000
 23.6000
 23.8000
 23.8000
 23.8000
 23.8000
 24.4000
 24.4000
 24.4000
 24.6000
 24.6000
 24.6000
 24.6000
 25.2000
 25.4000
 25.8000
 26.0000
 26.0000
 26.6000
 26.8000
 27.0000
 27.2000
 27.2000
 27.2000
 27.4000
 27.4000
 27.6000
 28.4000
 28.6000
 29.4000
 29.6000
 34.4000
 34.4000
 35.0000
 35.6000
 35.8000
 37.4000
 38.0000
 38.6000
 38.6000
 38.6000
 38.8000
 38.8000
 39.6000
 39.6000
 39.8000
 44.4000


