#..\..\..\Net100seed42.net EPdeltaInput0.5-Epoch10.train 42
#Top pat = 5
-34.8000
-33.6000
-32.4000
-32.2000
-31.2000
-30.6000
-30.6000
-29.8000
-29.8000
-29.2000
-29.2000
-29.2000
-28.4000
-27.6000
-26.4000
-26.4000
-22.4000
-21.0000
-21.0000
-20.8000
-20.2000
-19.4000
-18.6000
-18.2000
-17.8000
-14.0000
-14.0000
-13.8000
-13.8000
-13.2000
-13.2000
-13.0000
-13.0000
-12.4000
-10.6000
-10.6000
-10.6000
-10.6000
 -9.8000
 -9.8000
 -9.2000
 -9.2000
 -7.4000
 -7.2000
 -6.8000
 -5.0000
 -5.0000
 -5.0000
 -4.4000
 -4.2000
 -2.8000
 -2.6000
 -2.6000
  2.0000
  2.2000
  2.2000
  2.6000
  2.8000
  3.4000
  4.2000
  4.2000
  4.2000
  4.2000
  5.0000
  9.2000
 10.6000
 10.6000
 10.8000
 11.8000
 11.8000
 12.4000
 13.0000
 13.0000
 14.8000
 17.0000
 17.4000
 17.8000
 17.8000
 20.2000
 21.0000
 22.2000
 23.2000
 24.0000
 24.0000
 27.6000
 29.8000
 30.6000
 30.6000
 31.0000
 31.2000
 33.0000
 33.6000
 33.6000
 34.2000
 37.8000
 38.0000
 38.6000
 41.8000
 43.4000
 47.8000


