#..\..\..\Net100seed42.net EPdeltaInput0.5-Epoch50.train 42
#Top pat = 5
 17.2000
 18.4000
 18.4000
 18.4000
 18.6000
 19.6000
 19.6000
 19.6000
 20.6000
 21.0000
 21.2000
 21.2000
 22.0000
 22.0000
 22.0000
 22.2000
 22.8000
 22.8000
 24.4000
 24.4000
 30.8000
 32.2000
 32.2000
 32.2000
 33.4000
 33.4000
 33.4000
 33.6000
 33.6000
 33.6000
 33.6000
 33.6000
 34.0000
 34.6000
 34.6000
 34.6000
 34.6000
 34.6000
 34.6000
 34.8000
 35.4000
 35.6000
 35.6000
 35.6000
 35.8000
 36.2000
 36.2000
 36.6000
 37.0000
 37.0000
 37.0000
 37.0000
 37.0000
 37.0000
 37.2000
 37.2000
 37.2000
 37.2000
 37.2000
 37.2000
 37.8000
 38.0000
 38.2000
 38.2000
 38.2000
 38.4000
 38.4000
 38.4000
 38.8000
 38.8000
 39.0000
 39.2000
 39.4000
 39.4000
 39.4000
 39.4000
 39.4000
 39.4000
 39.4000
 39.4000
 40.4000
 40.4000
 40.4000
 41.0000
 41.8000
 41.8000
 41.8000
 41.8000
 42.0000
 42.0000
 42.0000
 42.0000
 42.6000
 42.6000
 43.0000
 43.2000
 43.4000
 43.6000
 44.2000
 52.0000


