#..\..\..\Net100seed42.net EPdeltaInput0.5-Epoch50.train 42
#Top pat = 5
  0.6000
  2.6000
  2.8000
  3.0000
  3.0000
  3.0000
  3.8000
  3.8000
  3.8000
  3.8000
  4.0000
  4.2000
  4.2000
  4.2000
  4.4000
  4.4000
  4.4000
  4.4000
  4.4000
  4.6000
  5.4000
  6.2000
  7.6000
  8.2000
  8.2000
 11.6000
 11.8000
 12.4000
 12.4000
 12.4000
 13.4000
 15.0000
 15.2000
 15.6000
 16.0000
 16.0000
 16.0000
 16.0000
 16.6000
 16.6000
 17.2000
 17.2000
 17.4000
 17.4000
 17.6000
 17.6000
 18.0000
 19.0000
 19.0000
 19.8000
 19.8000
 20.0000
 20.4000
 20.4000
 20.6000
 22.2000
 24.8000
 28.4000
 28.8000
 29.0000
 29.4000
 29.4000
 29.4000
 29.4000
 29.4000
 29.6000
 29.6000
 30.6000
 30.6000
 30.6000
 30.8000
 30.8000
 30.8000
 30.8000
 33.2000
 33.2000
 33.2000
 33.2000
 33.4000
 34.0000
 35.0000
 36.0000
 39.8000
 39.8000
 39.8000
 39.8000
 41.2000
 41.2000
 43.8000
 45.0000
 45.2000
 46.8000
 54.8000
 55.6000
 55.6000
 55.6000
 55.8000
 55.8000
 58.8000
 67.4000


