#..\..\..\Net100seed42.net EPdeltaInput0.5-Epoch50.train 42
#Top pat = 5
  0.4000
  0.6000
  0.6000
  2.0000
  2.0000
  2.2000
  2.2000
  2.2000
  3.4000
  4.4000
  6.2000
  7.0000
  8.6000
  9.2000
  9.8000
  9.8000
  9.8000
 10.0000
 11.4000
 11.4000
 12.0000
 12.0000
 12.0000
 12.0000
 12.0000
 12.4000
 12.4000
 12.6000
 12.8000
 13.0000
 14.2000
 14.8000
 15.0000
 15.0000
 15.0000
 15.0000
 15.6000
 15.6000
 19.6000
 19.6000
 19.6000
 20.4000
 20.4000
 21.4000
 21.4000
 21.4000
 21.4000
 21.4000
 21.6000
 22.0000
 22.6000
 22.6000
 23.0000
 23.6000
 24.6000
 24.6000
 25.2000
 25.6000
 27.8000
 27.8000
 27.8000
 27.8000
 27.8000
 29.6000
 30.0000
 30.2000
 31.8000
 32.0000
 33.4000
 33.6000
 34.8000
 34.8000
 34.8000
 34.8000
 34.8000
 35.6000
 35.8000
 36.4000
 37.0000
 38.0000
 39.6000
 40.4000
 40.4000
 40.4000
 42.2000
 42.2000
 42.8000
 43.2000
 43.6000
 45.0000
 45.6000
 46.0000
 46.2000
 49.8000
 50.8000
 52.8000
 55.0000
 55.0000
 55.0000
 64.6000


