#..\..\..\Net100seed42.net EPdeltaInput0.5-Epoch50.train 42
#Top pat = 5
  0.6000
  3.0000
  3.0000
  4.0000
  4.6000
  4.8000
  5.2000
  5.6000
  6.2000
  6.8000
  7.0000
  7.2000
  7.6000
  8.4000
  9.4000
 10.2000
 10.8000
 10.8000
 11.0000
 11.6000
 11.6000
 12.6000
 13.0000
 13.0000
 13.6000
 14.0000
 14.0000
 14.0000
 14.0000
 14.4000
 14.6000
 15.6000
 15.6000
 16.2000
 16.2000
 16.2000
 17.2000
 17.2000
 17.2000
 17.8000
 18.6000
 18.8000
 19.8000
 20.0000
 20.4000
 20.4000
 21.4000
 21.4000
 21.4000
 22.0000
 22.4000
 22.8000
 23.0000
 23.0000
 23.8000
 24.4000
 24.4000
 24.6000
 24.6000
 24.6000
 24.8000
 25.4000
 25.4000
 25.4000
 25.6000
 26.0000
 26.0000
 26.0000
 26.2000
 26.2000
 26.2000
 26.2000
 26.4000
 26.4000
 26.4000
 26.4000
 27.0000
 27.0000
 27.0000
 27.0000
 27.0000
 27.6000
 27.6000
 28.6000
 28.6000
 28.6000
 43.8000
 44.4000
 44.4000
 46.0000
 47.4000
 49.0000
 50.6000
 52.6000
 53.0000
 55.8000
 57.2000
 61.2000
 62.0000
 63.6000


