#..\..\..\Net100seed42.net EPdeltaInput0.5-Epoch50.train 42
#Top pat = 5
-64.6000
-55.0000
-55.0000
-50.8000
-46.2000
-46.0000
-45.6000
-45.0000
-42.8000
-42.2000
-38.0000
-36.4000
-35.8000
-34.8000
-34.8000
-34.8000
-33.6000
-33.4000
-32.0000
-31.8000
-29.6000
-27.8000
-27.8000
-25.6000
-25.2000
-24.6000
-23.0000
-22.6000
-21.6000
-21.4000
-21.4000
-20.4000
-20.4000
-19.6000
-15.0000
-15.0000
-15.0000
-14.8000
-14.2000
-12.8000
-12.4000
-12.0000
-12.0000
 -9.8000
 -9.8000
 -9.2000
 -6.2000
 -4.4000
 -2.2000
 -2.2000
 -2.0000
 -0.6000
  0.4000
  0.6000
  2.0000
  2.2000
  3.4000
  7.0000
  8.6000
  9.8000
 10.0000
 11.4000
 11.4000
 12.0000
 12.0000
 12.0000
 12.4000
 12.6000
 13.0000
 15.0000
 15.6000
 15.6000
 19.6000
 19.6000
 21.4000
 21.4000
 21.4000
 22.0000
 22.6000
 23.6000
 24.6000
 27.8000
 27.8000
 27.8000
 30.0000
 30.2000
 34.8000
 34.8000
 35.6000
 37.0000
 39.6000
 40.4000
 40.4000
 40.4000
 42.2000
 43.2000
 43.6000
 49.8000
 52.8000
 55.0000


