#..\..\..\Net100seed42.net EPdeltaInput0.5-Epoch50.train 42
#Top pat = 5
-47.0000
-45.2000
-43.6000
-38.8000
-38.8000
-38.0000
-38.0000
-37.2000
-37.2000
-37.0000
-37.0000
-36.6000
-36.4000
-36.0000
-36.0000
-35.8000
-35.8000
-35.6000
-35.6000
-35.6000
-35.6000
-35.6000
-35.4000
-35.4000
-34.4000
-34.4000
-34.4000
-34.2000
-34.2000
-29.4000
-29.4000
-29.4000
-29.2000
-29.2000
-28.6000
-28.4000
-27.8000
-27.8000
-26.8000
-25.4000
-25.4000
-25.2000
-24.2000
-22.8000
-21.2000
-20.8000
-19.8000
-16.0000
-15.8000
-15.6000
 18.2000
 19.0000
 19.8000
 19.8000
 21.4000
 22.4000
 22.4000
 24.4000
 25.4000
 25.8000
 26.8000
 27.4000
 27.8000
 27.8000
 27.8000
 28.0000
 28.4000
 29.2000
 29.2000
 29.4000
 29.4000
 29.4000
 29.4000
 30.0000
 33.6000
 34.2000
 34.2000
 34.2000
 34.4000
 35.6000
 35.8000
 35.8000
 35.8000
 35.8000
 36.6000
 36.8000
 37.0000
 37.0000
 37.0000
 37.2000
 38.0000
 38.0000
 38.8000
 38.8000
 38.8000
 45.4000
 45.6000
 48.2000
 49.0000
 49.2000


