#..\..\..\Net100seed42.net EPdeltaInput0.5-Epoch50.train 42
#Top pat = 5
-44.0000
-42.0000
-41.0000
-40.2000
-39.6000
-37.8000
-37.2000
-37.0000
-37.0000
-36.0000
-36.0000
-35.6000
-35.4000
-35.4000
-35.4000
-35.0000
-34.0000
-34.0000
-34.0000
-33.0000
-32.2000
-32.2000
-31.8000
-31.4000
-30.8000
-30.2000
-30.0000
-29.8000
-29.8000
-29.8000
-29.6000
-28.4000
-28.4000
-27.6000
-27.0000
-26.0000
-25.8000
-25.4000
-24.4000
-23.4000
-22.2000
-21.4000
-19.6000
-18.8000
-18.0000
 17.0000
 20.0000
 20.4000
 22.2000
 25.8000
 26.0000
 26.8000
 27.0000
 28.0000
 28.2000
 28.4000
 29.0000
 29.8000
 30.0000
 30.8000
 30.8000
 31.6000
 31.8000
 31.8000
 32.2000
 32.2000
 33.0000
 33.0000
 33.4000
 34.0000
 34.6000
 34.6000
 34.8000
 35.4000
 35.4000
 36.0000
 36.0000
 36.0000
 36.8000
 37.0000
 37.2000
 37.2000
 37.8000
 38.4000
 38.8000
 38.8000
 39.2000
 39.4000
 39.4000
 39.6000
 40.4000
 40.4000
 40.8000
 42.8000
 43.4000
 44.2000
 44.2000
 45.6000
 49.0000
 53.2000


