#..\..\..\Net100seed42.net EPdeltaInput0.5-Epoch50.train 42
#Top pat = 5
-43.0000
-42.8000
-42.8000
-42.8000
-42.2000
-41.4000
-40.4000
-39.8000
-39.8000
-39.8000
-39.6000
-39.2000
-39.2000
-39.0000
-38.8000
-38.6000
-38.6000
-38.6000
-38.2000
-37.8000
-37.4000
-37.4000
-37.2000
-37.2000
-36.6000
-36.6000
-36.4000
-36.4000
-35.4000
-35.0000
-34.8000
-34.6000
-34.4000
-33.2000
-33.0000
-32.8000
-32.6000
-32.6000
-32.6000
-24.0000
-23.6000
-22.0000
-21.6000
-21.4000
-20.6000
-19.8000
-19.2000
-19.2000
-19.2000
-18.0000
-18.0000
-16.6000
 18.0000
 19.0000
 19.2000
 20.4000
 22.0000
 22.0000
 23.6000
 23.6000
 23.6000
 23.8000
 31.6000
 31.6000
 32.6000
 32.6000
 32.8000
 33.4000
 34.0000
 34.0000
 34.0000
 34.2000
 34.2000
 35.0000
 35.0000
 36.4000
 36.6000
 36.8000
 37.4000
 37.4000
 37.6000
 37.6000
 37.8000
 38.0000
 38.2000
 38.6000
 38.6000
 38.8000
 38.8000
 38.8000
 39.0000
 39.8000
 40.2000
 40.4000
 40.4000
 41.4000
 42.8000
 43.0000
 43.4000
 43.8000


