#..\..\..\Net100seed42.net EPdeltaInput0.5-Epoch50.train 42
#Top pat = 5
-64.4000
-55.8000
-55.8000
-53.6000
-52.2000
-52.2000
-47.6000
-45.4000
-44.6000
-43.4000
-42.6000
-42.4000
-41.0000
-39.6000
-36.8000
-36.6000
-36.2000
-33.2000
-33.2000
-30.4000
-29.2000
-24.4000
-23.6000
-23.4000
-23.4000
-23.4000
-21.8000
-20.2000
-19.6000
-18.6000
-18.0000
-17.6000
-16.4000
-16.2000
-14.8000
-14.2000
-13.8000
-13.6000
-13.6000
-13.6000
-13.4000
-13.2000
-12.4000
-12.4000
-12.2000
-11.4000
-10.6000
 -9.0000
 -9.0000
 -7.4000
 -5.0000
 -4.4000
 -0.6000
  0.4000
  2.6000
  4.4000
  5.0000
  5.0000
  6.0000
  8.2000
  9.0000
  9.0000
 10.0000
 10.4000
 11.2000
 12.6000
 13.6000
 13.8000
 14.0000
 14.8000
 15.2000
 15.6000
 16.2000
 16.2000
 19.6000
 20.2000
 20.8000
 21.2000
 21.2000
 21.2000
 22.8000
 22.8000
 22.8000
 23.4000
 23.4000
 23.8000
 24.0000
 28.4000
 29.2000
 33.2000
 41.0000
 41.0000
 41.0000
 43.4000
 44.4000
 44.6000
 47.6000
 47.6000
 55.8000
 65.0000


