#..\..\..\Net100seed42.net EPdeltaInput0.5-Epoch50.train 42
#Top pat = 5
-49.2000
-47.0000
-46.6000
-46.0000
-43.0000
-41.2000
-41.0000
-40.4000
-40.4000
-40.4000
-40.4000
-38.6000
-37.8000
-37.4000
-36.8000
-36.8000
-36.4000
-36.4000
-36.4000
-36.2000
-35.8000
-34.2000
-34.2000
-34.2000
-34.2000
-34.0000
-34.0000
-33.2000
-33.0000
-32.6000
-32.6000
-31.0000
-31.0000
-31.0000
-30.4000
-29.4000
-29.4000
-29.2000
-28.8000
-28.6000
-28.0000
-26.8000
-26.2000
-26.2000
-24.0000
-23.0000
-21.4000
-20.4000
-19.6000
-19.0000
-18.2000
-15.0000
 16.6000
 18.0000
 19.0000
 19.2000
 19.6000
 21.2000
 22.4000
 22.6000
 23.0000
 23.8000
 25.2000
 25.2000
 26.2000
 26.8000
 28.8000
 28.8000
 28.8000
 28.8000
 29.0000
 29.4000
 29.4000
 30.0000
 30.8000
 30.8000
 31.0000
 31.0000
 32.6000
 33.0000
 33.2000
 33.2000
 33.2000
 33.6000
 34.0000
 34.4000
 36.2000
 36.2000
 36.4000
 36.4000
 37.4000
 37.4000
 37.4000
 39.0000
 41.8000
 42.8000
 48.6000
 49.2000
 50.8000
 50.8000


