#..\..\..\Net100seed42.net EPdeltaInput0.5-Epoch50.train 42
#Top pat = 5
-59.8000
-56.4000
-56.2000
-50.8000
-50.2000
-48.4000
-45.2000
-45.2000
-45.2000
-40.4000
-36.6000
-36.4000
-34.2000
-33.6000
-31.0000
-31.0000
-30.0000
-27.0000
-26.4000
-26.4000
-26.4000
-25.0000
-24.2000
-21.4000
-21.2000
-21.2000
-21.2000
-20.4000
-20.4000
-20.4000
-19.8000
-19.8000
-18.2000
-17.4000
-16.4000
-16.2000
-15.6000
-15.2000
-15.0000
-14.0000
-12.4000
-12.2000
-11.6000
-11.4000
-11.4000
-11.2000
-10.2000
 -8.6000
 -5.4000
 -3.8000
 -3.2000
 -2.8000
 -1.6000
 -1.2000
  5.4000
  5.4000
  8.0000
  8.6000
 10.2000
 10.2000
 10.4000
 11.6000
 12.4000
 12.4000
 12.6000
 13.4000
 14.0000
 14.0000
 15.0000
 16.2000
 16.2000
 17.2000
 18.8000
 19.8000
 19.8000
 19.8000
 21.2000
 22.0000
 23.0000
 24.8000
 25.0000
 25.8000
 26.4000
 31.0000
 31.0000
 31.0000
 34.8000
 36.4000
 39.2000
 39.8000
 47.4000
 47.6000
 48.6000
 49.4000
 49.6000
 50.2000
 50.8000
 57.2000
 59.8000
 59.8000


