#..\..\Net100seed42.net EPdeltaNoNoise5-Epoch4.train 42
#Top pat = 5
  0.0000
  0.0000
  0.0000
  0.4000
  0.4000
  0.4000
  0.6000
  0.6000
  0.6000
  0.6000
  0.8000
  0.8000
  0.8000
  1.0000
  1.0000
  1.0000
  1.0000
  1.0000
  1.0000
  1.0000
  1.0000
  1.0000
  1.4000
  1.4000
  1.4000
  1.4000
  1.4000
  1.4000
  1.8000
  1.8000
  1.8000
  1.8000
 16.8000
 16.8000
 16.8000
 16.8000
 16.8000
 16.8000
 16.8000
 16.8000
 16.8000
 17.2000
 17.2000
 17.4000
 17.4000
 17.4000
 17.4000
 17.6000
 17.6000
 17.6000
 17.6000
 17.8000
 17.8000
 17.8000
 17.8000
 17.8000
 17.8000
 17.8000
 17.8000
 18.4000
 18.4000
 18.4000
 18.4000
 18.4000
 18.8000
 18.8000
 18.8000
 18.8000
 19.0000
 19.0000
 19.0000
 19.0000
 19.0000
 19.0000
 19.0000
 19.2000
 19.2000
 19.2000
 19.2000
 19.2000
 19.2000
 19.2000
 19.2000
 19.2000
 19.2000
 19.2000
 19.2000
 19.2000
 19.2000
 19.2000
 19.8000
 19.8000
 19.8000
 19.8000
 19.8000
 20.0000
 20.0000
 20.0000
 20.0000
 20.2000


