#..\..\Net100seed42.net EPdeltaNoNoise5-Epoch4.train 42
#Top pat = 5
  0.0000
  0.0000
  0.0000
  1.6000
  1.6000
  1.6000
  1.6000
  1.8000
  2.4000
  2.4000
  2.4000
  3.0000
  3.0000
  3.0000
  3.0000
  9.6000
  9.6000
  9.6000
  9.6000
  9.6000
  9.6000
  9.8000
  9.8000
  9.8000
  9.8000
 10.2000
 10.2000
 10.2000
 10.2000
 10.2000
 10.2000
 10.2000
 10.2000
 10.2000
 10.2000
 12.8000
 12.8000
 12.8000
 12.8000
 12.8000
 13.0000
 13.0000
 13.0000
 13.0000
 14.2000
 14.2000
 14.2000
 14.2000
 14.2000
 14.2000
 15.0000
 15.0000
 15.0000
 15.0000
 15.2000
 15.2000
 15.2000
 15.2000
 15.2000
 15.2000
 15.2000
 15.2000
 15.2000
 16.4000
 16.4000
 16.4000
 16.4000
 17.2000
 17.2000
 17.2000
 17.8000
 17.8000
 17.8000
 17.8000
 17.8000
 17.8000
 17.8000
 17.8000
 17.8000
 19.6000
 19.6000
 20.8000
 20.8000
 20.8000
 20.8000
 20.8000
 20.8000
 20.8000
 20.8000
 20.8000
 21.4000
 21.4000
 22.6000
 22.6000
 22.6000
 22.6000
 23.2000
 23.2000
 23.2000
 23.2000


