#..\..\Net100seed42.net EPdeltaNoNoise5-Epoch4.train 42
#Top pat = 5
  0.0000
  0.0000
  0.0000
  5.2000
  5.2000
  5.2000
  5.2000
  6.0000
  6.0000
  7.0000
  7.0000
  7.0000
  7.0000
  7.0000
  7.0000
 11.6000
 11.6000
 11.6000
 12.2000
 12.2000
 12.2000
 12.2000
 13.0000
 13.0000
 13.0000
 13.0000
 13.6000
 13.6000
 14.4000
 14.4000
 14.4000
 14.4000
 14.6000
 14.6000
 14.6000
 14.6000
 14.6000
 14.6000
 14.6000
 14.6000
 14.6000
 14.6000
 15.2000
 15.2000
 15.2000
 15.2000
 16.0000
 16.0000
 16.0000
 16.0000
 16.0000
 16.0000
 16.0000
 16.0000
 16.0000
 16.0000
 16.0000
 16.0000
 16.0000
 16.0000
 16.6000
 16.6000
 16.6000
 16.6000
 16.6000
 16.8000
 16.8000
 16.8000
 16.8000
 16.8000
 16.8000
 16.8000
 16.8000
 16.8000
 16.8000
 16.8000
 16.8000
 17.4000
 17.4000
 17.4000
 17.4000
 17.4000
 17.6000
 17.6000
 17.6000
 17.6000
 17.8000
 17.8000
 17.8000
 17.8000
 19.0000
 19.0000
 19.8000
 19.8000
 19.8000
 19.8000
 19.8000
 19.8000
 19.8000
 19.8000


