#..\..\Net100seed42.net EPdeltaNoNoise5-Epoch4.train 42
#Top pat = 5
-27.2000
-27.2000
-27.2000
-25.8000
-25.8000
-24.4000
-24.4000
-19.8000
-19.8000
-19.8000
-19.8000
-19.8000
-19.8000
-19.8000
-18.4000
-18.4000
-18.4000
-18.4000
-18.4000
-18.4000
-18.4000
-18.4000
-17.6000
-17.6000
-17.6000
-16.2000
-16.2000
-16.2000
-16.2000
-16.2000
-14.8000
-13.4000
-13.4000
-13.4000
-13.4000
-13.4000
-13.4000
 -9.8000
 -8.8000
 -8.8000
 -6.6000
 -6.6000
 -6.6000
 -6.6000
 -2.4000
 -2.4000
 -2.4000
 -1.4000
 -1.4000
 -1.4000
 -1.4000
 -0.0000
 -0.0000
  0.0000
  0.0000
 -0.0000
  0.0000
  1.4000
  1.4000
  1.4000
  1.4000
  1.4000
  2.4000
  8.8000
  8.8000
  8.8000
  9.8000
  9.8000
  9.8000
 10.6000
 11.6000
 11.6000
 11.6000
 11.6000
 12.0000
 12.0000
 12.0000
 12.0000
 14.8000
 14.8000
 16.2000
 16.2000
 16.2000
 16.2000
 16.6000
 16.6000
 16.6000
 16.6000
 17.6000
 17.6000
 17.6000
 17.6000
 17.6000
 17.6000
 18.4000
 18.4000
 18.4000
 25.8000
 25.8000
 27.2000


