#..\..\Net100seed42.net EPdeltaNoNoise5-Epoch4.train 42
#Top pat = 5
-20.2000
-20.2000
-20.2000
-20.2000
-20.0000
-20.0000
-20.0000
-20.0000
-20.0000
-20.0000
-19.2000
-19.2000
-19.2000
-19.0000
-19.0000
-19.0000
-17.0000
-17.0000
-17.0000
-17.0000
-16.8000
-16.8000
-16.8000
-16.2000
-16.2000
-16.2000
-16.2000
-16.2000
-16.0000
-16.0000
-13.0000
-13.0000
-12.8000
-12.8000
-12.8000
-12.8000
-12.8000
-12.8000
-12.2000
-12.2000
-12.2000
-12.2000
-12.2000
-12.0000
-12.0000
-12.0000
-12.0000
-11.8000
-11.8000
-11.8000
-11.8000
-11.8000
-11.8000
-11.8000
-11.6000
 -2.0000
 -2.0000
 -2.0000
 -2.0000
  0.0000
  0.0000
  0.0000
  3.6000
  3.6000
  4.2000
  4.2000
  4.2000
  4.2000
  4.2000
  4.2000
 11.6000
 11.6000
 11.8000
 11.8000
 11.8000
 11.8000
 11.8000
 11.8000
 12.0000
 12.0000
 12.0000
 12.0000
 12.8000
 12.8000
 12.8000
 19.0000
 19.2000
 19.2000
 19.8000
 20.0000
 20.0000
 20.0000
 20.0000
 20.0000
 20.0000
 20.0000
 20.6000
 20.6000
 20.6000
 20.6000


