This is the profile of pattern 2 during learning
 -5.0000
  3.0000
  3.0000
  7.0000
 15.0000
 15.0000
 19.0000
 19.0000
 23.0000
 23.0000
 23.0000
 23.0000
 23.0000
 27.0000
 27.0000
 27.0000
 27.0000
 27.0000
 31.0000
 31.0000


Top pat = 5
 -1.0000
  7.0000
  7.0000
  7.0000
 23.0000
 23.0000
 23.0000
 23.0000
 23.0000
 23.0000
 23.0000
 31.0000
 31.0000
 31.0000
 31.0000
 31.0000
 31.0000
 31.0000
 31.0000
 31.0000


Top pat = 6
 -4.0000
  4.0000
  8.0000
  8.0000
 20.0000
 20.0000
 24.0000
 24.0000
 24.0000
 24.0000
 24.0000
 28.0000
 28.0000
 28.0000
 28.0000
 28.0000
 32.0000
 32.0000
 32.0000
 32.0000


Top pat = 7
 -3.0000
  5.0000
  5.0000
  9.0000
 17.0000
 17.0000
 21.0000
 21.0000
 25.0000
 25.0000
 25.0000
 25.0000
 25.0000
 29.0000
 29.0000
 29.0000
 29.0000
 29.0000
 33.0000
 33.0000


Top pat = 8
 -4.0000
  4.0000
  4.0000
  8.0000
 16.0000
 16.0000
 20.0000
 20.0000
 24.0000
 24.0000
 24.0000
 24.0000
 24.0000
 28.0000
 28.0000
 28.0000
 28.0000
 28.0000
 32.0000
 32.0000


Top pat = 9
 -5.0000
  3.0000
  3.0000
  7.0000
 15.0000
 15.0000
 19.0000
 19.0000
 23.0000
 23.0000
 23.0000
 23.0000
 23.0000
 27.0000
 27.0000
 27.0000
 27.0000
 27.0000
 31.0000
 31.0000


Top pat = 10
 -4.0000
  0.0000
  4.0000
  8.0000
 12.0000
 12.0000
 16.0000
 16.0000
 20.0000
 24.0000
 24.0000
 24.0000
 24.0000
 24.0000
 24.0000
 28.0000
 28.0000
 28.0000
 28.0000
 32.0000


Top pat = 11
  1.0000
  5.0000
  5.0000
  9.0000
 13.0000
 17.0000
 17.0000
 17.0000
 21.0000
 21.0000
 21.0000
 21.0000
 21.0000
 25.0000
 25.0000
 29.0000
 29.0000
 29.0000
 29.0000
 33.0000


Top pat = 12
  0.0000
 -0.0000
  4.0000
 12.0000
 12.0000
 16.0000
 16.0000
 16.0000
 16.0000
 20.0000
 20.0000
 24.0000
 24.0000
 24.0000
 28.0000
 28.0000
 28.0000
 32.0000
 32.0000
 32.0000


Top pat = 13
 -5.0000
 -5.0000
  7.0000
 11.0000
 11.0000
 15.0000
 15.0000
 15.0000
 19.0000
 19.0000
 19.0000
 23.0000
 23.0000
 27.0000
 27.0000
 27.0000
 31.0000
 31.0000
 35.0000
 35.0000


Top pat = 14
-10.0000
-10.0000
  6.0000
 10.0000
 10.0000
 14.0000
 14.0000
 18.0000
 18.0000
 18.0000
 22.0000
 22.0000
 26.0000
 26.0000
 30.0000
 30.0000
 30.0000
 30.0000
 34.0000
 38.0000


Top pat = 15
 -7.0000
 -7.0000
  5.0000
  9.0000
  9.0000
  9.0000
 13.0000
 13.0000
 13.0000
 21.0000
 21.0000
 25.0000
 25.0000
 25.0000
 29.0000
 29.0000
 33.0000
 33.0000
 33.0000
 41.0000


Top pat = 16
 -8.0000
 -8.0000
  4.0000
  8.0000
  8.0000
  8.0000
 12.0000
 12.0000
 12.0000
 20.0000
 20.0000
 24.0000
 24.0000
 24.0000
 28.0000
 28.0000
 32.0000
 32.0000
 32.0000
 40.0000


Top pat = 17
 -9.0000
 -9.0000
  3.0000
  7.0000
  7.0000
  7.0000
 11.0000
 11.0000
 11.0000
 19.0000
 19.0000
 23.0000
 23.0000
 23.0000
 27.0000
 27.0000
 31.0000
 31.0000
 31.0000
 39.0000


Top pat = 18
-14.0000
-14.0000
  2.0000
  6.0000
  6.0000
 10.0000
 10.0000
 14.0000
 14.0000
 14.0000
 18.0000
 22.0000
 22.0000
 22.0000
 26.0000
 26.0000
 34.0000
 34.0000
 34.0000
 42.0000


Top pat = 19
-21.0000
 -9.0000
  7.0000
  7.0000
 11.0000
 11.0000
 15.0000
 15.0000
 15.0000
 15.0000
 19.0000
 19.0000
 19.0000
 19.0000
 23.0000
 27.0000
 27.0000
 39.0000
 39.0000
 47.0000


Top pat = 20
-16.0000
-16.0000
  4.0000
  8.0000
  8.0000
 12.0000
 12.0000
 12.0000
 12.0000
 16.0000
 20.0000
 20.0000
 24.0000
 24.0000
 28.0000
 32.0000
 32.0000
 32.0000
 44.0000
 52.0000


Top pat = 5
 -1.0000
  7.0000
  7.0000
  7.0000
 23.0000
 23.0000
 23.0000
 23.0000
 23.0000
 23.0000
 23.0000
 31.0000
 31.0000
 31.0000
 31.0000
 31.0000
 31.0000
 31.0000
 31.0000
 31.0000


Top pat = 5
 -1.0000
  7.0000
  7.0000
  7.0000
 23.0000
 23.0000
 23.0000
 23.0000
 23.0000
 23.0000
 23.0000
 31.0000
 31.0000
 31.0000
 31.0000
 31.0000
 31.0000
 31.0000
 31.0000
 31.0000


Top pat = 6
 -4.0000
  4.0000
  8.0000
  8.0000
 20.0000
 20.0000
 24.0000
 24.0000
 24.0000
 24.0000
 24.0000
 28.0000
 28.0000
 28.0000
 28.0000
 28.0000
 32.0000
 32.0000
 32.0000
 32.0000


Top pat = 7
 -3.0000
  5.0000
  5.0000
  9.0000
 17.0000
 17.0000
 21.0000
 21.0000
 25.0000
 25.0000
 25.0000
 25.0000
 25.0000
 29.0000
 29.0000
 29.0000
 29.0000
 29.0000
 33.0000
 33.0000


Top pat = 8
 -4.0000
  4.0000
  4.0000
  8.0000
 16.0000
 16.0000
 20.0000
 20.0000
 24.0000
 24.0000
 24.0000
 24.0000
 24.0000
 28.0000
 28.0000
 28.0000
 28.0000
 28.0000
 32.0000
 32.0000


Top pat = 9
 -5.0000
  3.0000
  3.0000
  7.0000
 15.0000
 15.0000
 19.0000
 19.0000
 23.0000
 23.0000
 23.0000
 23.0000
 23.0000
 27.0000
 27.0000
 27.0000
 27.0000
 27.0000
 31.0000
 31.0000


Top pat = 10
 -4.0000
  0.0000
  4.0000
  8.0000
 12.0000
 12.0000
 16.0000
 16.0000
 20.0000
 24.0000
 24.0000
 24.0000
 24.0000
 24.0000
 24.0000
 28.0000
 28.0000
 28.0000
 28.0000
 32.0000


Top pat = 5
 -1.0000
  7.0000
  7.0000
  7.0000
 23.0000
 23.0000
 23.0000
 23.0000
 23.0000
 23.0000
 23.0000
 31.0000
 31.0000
 31.0000
 31.0000
 31.0000
 31.0000
 31.0000
 31.0000
 31.0000


Top pat = 6
 -4.0000
  4.0000
  8.0000
  8.0000
 20.0000
 20.0000
 24.0000
 24.0000
 24.0000
 24.0000
 24.0000
 28.0000
 28.0000
 28.0000
 28.0000
 28.0000
 32.0000
 32.0000
 32.0000
 32.0000


Top pat = 7
 -3.0000
  5.0000
  5.0000
  9.0000
 17.0000
 17.0000
 21.0000
 21.0000
 25.0000
 25.0000
 25.0000
 25.0000
 25.0000
 29.0000
 29.0000
 29.0000
 29.0000
 29.0000
 33.0000
 33.0000


Top pat = 8
 -4.0000
  4.0000
  4.0000
  8.0000
 16.0000
 16.0000
 20.0000
 20.0000
 24.0000
 24.0000
 24.0000
 24.0000
 24.0000
 28.0000
 28.0000
 28.0000
 28.0000
 28.0000
 32.0000
 32.0000


Top pat = 9
 -5.0000
  3.0000
  3.0000
  7.0000
 15.0000
 15.0000
 19.0000
 19.0000
 23.0000
 23.0000
 23.0000
 23.0000
 23.0000
 27.0000
 27.0000
 27.0000
 27.0000
 27.0000
 31.0000
 31.0000


Top pat = 10
 -4.0000
  0.0000
  4.0000
  8.0000
 12.0000
 12.0000
 16.0000
 16.0000
 20.0000
 24.0000
 24.0000
 24.0000
 24.0000
 24.0000
 24.0000
 28.0000
 28.0000
 28.0000
 28.0000
 32.0000


Top pat = 5
 -1.0000
  7.0000
  7.0000
  7.0000
 23.0000
 23.0000
 23.0000
 23.0000
 23.0000
 23.0000
 23.0000
 31.0000
 31.0000
 31.0000
 31.0000
 31.0000
 31.0000
 31.0000
 31.0000
 31.0000


Top pat = 5
 -1.0000
  7.0000
  7.0000
  7.0000
 23.0000
 23.0000
 23.0000
 23.0000
 23.0000
 23.0000
 23.0000
 31.0000
 31.0000
 31.0000
 31.0000
 31.0000
 31.0000
 31.0000
 31.0000
 31.0000


Top pat = 6
 -4.0000
  4.0000
  8.0000
  8.0000
 20.0000
 20.0000
 24.0000
 24.0000
 24.0000
 24.0000
 24.0000
 28.0000
 28.0000
 28.0000
 28.0000
 28.0000
 32.0000
 32.0000
 32.0000
 32.0000


Top pat = 5
 -1.0000
  7.0000
  7.0000
  7.0000
 23.0000
 23.0000
 23.0000
 23.0000
 23.0000
 23.0000
 23.0000
 31.0000
 31.0000
 31.0000
 31.0000
 31.0000
 31.0000
 31.0000
 31.0000
 31.0000


Top pat = 6
 -4.0000
  4.0000
  8.0000
  8.0000
 20.0000
 20.0000
 24.0000
 24.0000
 24.0000
 24.0000
 24.0000
 28.0000
 28.0000
 28.0000
 28.0000
 28.0000
 32.0000
 32.0000
 32.0000
 32.0000


Top pat = 7
 -3.0000
  5.0000
  5.0000
  9.0000
 17.0000
 17.0000
 21.0000
 21.0000
 25.0000
 25.0000
 25.0000
 25.0000
 25.0000
 29.0000
 29.0000
 29.0000
 29.0000
 29.0000
 33.0000
 33.0000


Top pat = 8
 -4.0000
  4.0000
  4.0000
  8.0000
 16.0000
 16.0000
 20.0000
 20.0000
 24.0000
 24.0000
 24.0000
 24.0000
 24.0000
 28.0000
 28.0000
 28.0000
 28.0000
 28.0000
 32.0000
 32.0000


Top pat = 9
 -5.0000
  3.0000
  3.0000
  7.0000
 15.0000
 15.0000
 19.0000
 19.0000
 23.0000
 23.0000
 23.0000
 23.0000
 23.0000
 27.0000
 27.0000
 27.0000
 27.0000
 27.0000
 31.0000
 31.0000


Top pat = 10
 -4.0000
  0.0000
  4.0000
  8.0000
 12.0000
 12.0000
 16.0000
 16.0000
 20.0000
 24.0000
 24.0000
 24.0000
 24.0000
 24.0000
 24.0000
 28.0000
 28.0000
 28.0000
 28.0000
 32.0000


Top pat = 11
  1.0000
  5.0000
  5.0000
  9.0000
 13.0000
 17.0000
 17.0000
 17.0000
 21.0000
 21.0000
 21.0000
 21.0000
 21.0000
 25.0000
 25.0000
 29.0000
 29.0000
 29.0000
 29.0000
 33.0000


Top pat = 12
  0.0000
 -0.0000
  4.0000
 12.0000
 12.0000
 16.0000
 16.0000
 16.0000
 16.0000
 20.0000
 20.0000
 24.0000
 24.0000
 24.0000
 28.0000
 28.0000
 28.0000
 32.0000
 32.0000
 32.0000


Top pat = 13
 -5.0000
 -5.0000
  7.0000
 11.0000
 11.0000
 15.0000
 15.0000
 15.0000
 19.0000
 19.0000
 19.0000
 23.0000
 23.0000
 27.0000
 27.0000
 27.0000
 31.0000
 31.0000
 35.0000
 35.0000


Top pat = 14
-10.0000
-10.0000
  6.0000
 10.0000
 10.0000
 14.0000
 14.0000
 18.0000
 18.0000
 18.0000
 22.0000
 22.0000
 26.0000
 26.0000
 30.0000
 30.0000
 30.0000
 30.0000
 34.0000
 38.0000


Top pat = 15
 -7.0000
 -7.0000
  5.0000
  9.0000
  9.0000
  9.0000
 13.0000
 13.0000
 13.0000
 21.0000
 21.0000
 25.0000
 25.0000
 25.0000
 29.0000
 29.0000
 33.0000
 33.0000
 33.0000
 41.0000


Top pat = 16
 -8.0000
 -8.0000
  4.0000
  8.0000
  8.0000
  8.0000
 12.0000
 12.0000
 12.0000
 20.0000
 20.0000
 24.0000
 24.0000
 24.0000
 28.0000
 28.0000
 32.0000
 32.0000
 32.0000
 40.0000


Top pat = 17
 -9.0000
 -9.0000
  3.0000
  7.0000
  7.0000
  7.0000
 11.0000
 11.0000
 11.0000
 19.0000
 19.0000
 23.0000
 23.0000
 23.0000
 27.0000
 27.0000
 31.0000
 31.0000
 31.0000
 39.0000


Top pat = 18
-14.0000
-14.0000
  2.0000
  6.0000
  6.0000
 10.0000
 10.0000
 14.0000
 14.0000
 14.0000
 18.0000
 22.0000
 22.0000
 22.0000
 26.0000
 26.0000
 34.0000
 34.0000
 34.0000
 42.0000


Top pat = 19
-21.0000
 -9.0000
  7.0000
  7.0000
 11.0000
 11.0000
 15.0000
 15.0000
 15.0000
 15.0000
 19.0000
 19.0000
 19.0000
 19.0000
 23.0000
 27.0000
 27.0000
 39.0000
 39.0000
 47.0000


Top pat = 20
-16.0000
-16.0000
  4.0000
  8.0000
  8.0000
 12.0000
 12.0000
 12.0000
 12.0000
 16.0000
 20.0000
 20.0000
 24.0000
 24.0000
 28.0000
 32.0000
 32.0000
 32.0000
 44.0000
 52.0000


Top pat = 5
 -1.0000
  7.0000
  7.0000
  7.0000
 23.0000
 23.0000
 23.0000
 23.0000
 23.0000
 23.0000
 23.0000
 31.0000
 31.0000
 31.0000
 31.0000
 31.0000
 31.0000
 31.0000
 31.0000
 31.0000


Top pat = 6
 -4.0000
  4.0000
  8.0000
  8.0000
 20.0000
 20.0000
 24.0000
 24.0000
 24.0000
 24.0000
 24.0000
 28.0000
 28.0000
 28.0000
 28.0000
 28.0000
 32.0000
 32.0000
 32.0000
 32.0000


Top pat = 7
 -3.0000
  5.0000
  5.0000
  9.0000
 17.0000
 17.0000
 21.0000
 21.0000
 25.0000
 25.0000
 25.0000
 25.0000
 25.0000
 29.0000
 29.0000
 29.0000
 29.0000
 29.0000
 33.0000
 33.0000


Top pat = 8
 -4.0000
  4.0000
  4.0000
  8.0000
 16.0000
 16.0000
 20.0000
 20.0000
 24.0000
 24.0000
 24.0000
 24.0000
 24.0000
 28.0000
 28.0000
 28.0000
 28.0000
 28.0000
 32.0000
 32.0000


Top pat = 9
 -5.0000
  3.0000
  3.0000
  7.0000
 15.0000
 15.0000
 19.0000
 19.0000
 23.0000
 23.0000
 23.0000
 23.0000
 23.0000
 27.0000
 27.0000
 27.0000
 27.0000
 27.0000
 31.0000
 31.0000


Top pat = 10
 -4.0000
  0.0000
  4.0000
  8.0000
 12.0000
 12.0000
 16.0000
 16.0000
 20.0000
 24.0000
 24.0000
 24.0000
 24.0000
 24.0000
 24.0000
 28.0000
 28.0000
 28.0000
 28.0000
 32.0000


Top pat = 11
  1.0000
  5.0000
  5.0000
  9.0000
 13.0000
 17.0000
 17.0000
 17.0000
 21.0000
 21.0000
 21.0000
 21.0000
 21.0000
 25.0000
 25.0000
 29.0000
 29.0000
 29.0000
 29.0000
 33.0000


Top pat = 5
 -1.0000
  7.0000
  7.0000
  7.0000
 23.0000
 23.0000
 23.0000
 23.0000
 23.0000
 23.0000
 23.0000
 31.0000
 31.0000
 31.0000
 31.0000
 31.0000
 31.0000
 31.0000
 31.0000
 31.0000


Top pat = 6
 -4.0000
  4.0000
  8.0000
  8.0000
 20.0000
 20.0000
 24.0000
 24.0000
 24.0000
 24.0000
 24.0000
 28.0000
 28.0000
 28.0000
 28.0000
 28.0000
 32.0000
 32.0000
 32.0000
 32.0000


Top pat = 7
 -3.0000
  5.0000
  5.0000
  9.0000
 17.0000
 17.0000
 21.0000
 21.0000
 25.0000
 25.0000
 25.0000
 25.0000
 25.0000
 29.0000
 29.0000
 29.0000
 29.0000
 29.0000
 33.0000
 33.0000


Top pat = 8
 -4.0000
  4.0000
  4.0000
  8.0000
 16.0000
 16.0000
 20.0000
 20.0000
 24.0000
 24.0000
 24.0000
 24.0000
 24.0000
 28.0000
 28.0000
 28.0000
 28.0000
 28.0000
 32.0000
 32.0000


Top pat = 5
 -1.0000
  7.0000
  7.0000
  7.0000
 23.0000
 23.0000
 23.0000
 23.0000
 23.0000
 23.0000
 23.0000
 31.0000
 31.0000
 31.0000
 31.0000
 31.0000
 31.0000
 31.0000
 31.0000
 31.0000


Top pat = 6
 -4.0000
  4.0000
  8.0000
  8.0000
 20.0000
 20.0000
 24.0000
 24.0000
 24.0000
 24.0000
 24.0000
 28.0000
 28.0000
 28.0000
 28.0000
 28.0000
 32.0000
 32.0000
 32.0000
 32.0000


Top pat = 7
 -3.0000
  5.0000
  5.0000
  9.0000
 17.0000
 17.0000
 21.0000
 21.0000
 25.0000
 25.0000
 25.0000
 25.0000
 25.0000
 29.0000
 29.0000
 29.0000
 29.0000
 29.0000
 33.0000
 33.0000


Top pat = 8
 -4.0000
  4.0000
  4.0000
  8.0000
 16.0000
 16.0000
 20.0000
 20.0000
 24.0000
 24.0000
 24.0000
 24.0000
 24.0000
 28.0000
 28.0000
 28.0000
 28.0000
 28.0000
 32.0000
 32.0000


Top pat = 9
 -5.0000
  3.0000
  3.0000
  7.0000
 15.0000
 15.0000
 19.0000
 19.0000
 23.0000
 23.0000
 23.0000
 23.0000
 23.0000
 27.0000
 27.0000
 27.0000
 27.0000
 27.0000
 31.0000
 31.0000


Top pat = 10
 -4.0000
  0.0000
  4.0000
  8.0000
 12.0000
 12.0000
 16.0000
 16.0000
 20.0000
 24.0000
 24.0000
 24.0000
 24.0000
 24.0000
 24.0000
 28.0000
 28.0000
 28.0000
 28.0000
 32.0000


Top pat = 11
  1.0000
  5.0000
  5.0000
  9.0000
 13.0000
 17.0000
 17.0000
 17.0000
 21.0000
 21.0000
 21.0000
 21.0000
 21.0000
 25.0000
 25.0000
 29.0000
 29.0000
 29.0000
 29.0000
 33.0000


Top pat = 12
  0.0000
 -0.0000
  4.0000
 12.0000
 12.0000
 16.0000
 16.0000
 16.0000
 16.0000
 20.0000
 20.0000
 24.0000
 24.0000
 24.0000
 28.0000
 28.0000
 28.0000
 32.0000
 32.0000
 32.0000


Top pat = 13
 -5.0000
 -5.0000
  7.0000
 11.0000
 11.0000
 15.0000
 15.0000
 15.0000
 19.0000
 19.0000
 19.0000
 23.0000
 23.0000
 27.0000
 27.0000
 27.0000
 31.0000
 31.0000
 35.0000
 35.0000


Top pat = 14
-10.0000
-10.0000
  6.0000
 10.0000
 10.0000
 14.0000
 14.0000
 18.0000
 18.0000
 18.0000
 22.0000
 22.0000
 26.0000
 26.0000
 30.0000
 30.0000
 30.0000
 30.0000
 34.0000
 38.0000


Top pat = 15
 -7.0000
 -7.0000
  5.0000
  9.0000
  9.0000
  9.0000
 13.0000
 13.0000
 13.0000
 21.0000
 21.0000
 25.0000
 25.0000
 25.0000
 29.0000
 29.0000
 33.0000
 33.0000
 33.0000
 41.0000


Top pat = 16
 -8.0000
 -8.0000
  4.0000
  8.0000
  8.0000
  8.0000
 12.0000
 12.0000
 12.0000
 20.0000
 20.0000
 24.0000
 24.0000
 24.0000
 28.0000
 28.0000
 32.0000
 32.0000
 32.0000
 40.0000


Top pat = 17
 -9.0000
 -9.0000
  3.0000
  7.0000
  7.0000
  7.0000
 11.0000
 11.0000
 11.0000
 19.0000
 19.0000
 23.0000
 23.0000
 23.0000
 27.0000
 27.0000
 31.0000
 31.0000
 31.0000
 39.0000


Top pat = 18
-14.0000
-14.0000
  2.0000
  6.0000
  6.0000
 10.0000
 10.0000
 14.0000
 14.0000
 14.0000
 18.0000
 22.0000
 22.0000
 22.0000
 26.0000
 26.0000
 34.0000
 34.0000
 34.0000
 42.0000


Top pat = 19
-21.0000
 -9.0000
  7.0000
  7.0000
 11.0000
 11.0000
 15.0000
 15.0000
 15.0000
 15.0000
 19.0000
 19.0000
 19.0000
 19.0000
 23.0000
 27.0000
 27.0000
 39.0000
 39.0000
 47.0000


Top pat = 20
-16.0000
-16.0000
  4.0000
  8.0000
  8.0000
 12.0000
 12.0000
 12.0000
 12.0000
 16.0000
 20.0000
 20.0000
 24.0000
 24.0000
 28.0000
 32.0000
 32.0000
 32.0000
 44.0000
 52.0000


Top pat = 5
 -1.0000
  7.0000
  7.0000
  7.0000
 23.0000
 23.0000
 23.0000
 23.0000
 23.0000
 23.0000
 23.0000
 31.0000
 31.0000
 31.0000
 31.0000
 31.0000
 31.0000
 31.0000
 31.0000
 31.0000


Top pat = 6
 -4.0000
  4.0000
  8.0000
  8.0000
 20.0000
 20.0000
 24.0000
 24.0000
 24.0000
 24.0000
 24.0000
 28.0000
 28.0000
 28.0000
 28.0000
 28.0000
 32.0000
 32.0000
 32.0000
 32.0000


Top pat = 7
 -3.0000
  5.0000
  5.0000
  9.0000
 17.0000
 17.0000
 21.0000
 21.0000
 25.0000
 25.0000
 25.0000
 25.0000
 25.0000
 29.0000
 29.0000
 29.0000
 29.0000
 29.0000
 33.0000
 33.0000


Top pat = 5
 -1.0000
  7.0000
  7.0000
  7.0000
 23.0000
 23.0000
 23.0000
 23.0000
 23.0000
 23.0000
 23.0000
 31.0000
 31.0000
 31.0000
 31.0000
 31.0000
 31.0000
 31.0000
 31.0000
 31.0000


Top pat = 6
 -4.0000
  4.0000
  8.0000
  8.0000
 20.0000
 20.0000
 24.0000
 24.0000
 24.0000
 24.0000
 24.0000
 28.0000
 28.0000
 28.0000
 28.0000
 28.0000
 32.0000
 32.0000
 32.0000
 32.0000


Top pat = 5
 -1.0000
  7.0000
  7.0000
  7.0000
 23.0000
 23.0000
 23.0000
 23.0000
 23.0000
 23.0000
 23.0000
 31.0000
 31.0000
 31.0000
 31.0000
 31.0000
 31.0000
 31.0000
 31.0000
 31.0000


Top pat = 6
 -4.0000
  4.0000
  8.0000
  8.0000
 20.0000
 20.0000
 24.0000
 24.0000
 24.0000
 24.0000
 24.0000
 28.0000
 28.0000
 28.0000
 28.0000
 28.0000
 32.0000
 32.0000
 32.0000
 32.0000


Top pat = 7
 -3.0000
  5.0000
  5.0000
  9.0000
 17.0000
 17.0000
 21.0000
 21.0000
 25.0000
 25.0000
 25.0000
 25.0000
 25.0000
 29.0000
 29.0000
 29.0000
 29.0000
 29.0000
 33.0000
 33.0000


Top pat = 8
 -4.0000
  4.0000
  4.0000
  8.0000
 16.0000
 16.0000
 20.0000
 20.0000
 24.0000
 24.0000
 24.0000
 24.0000
 24.0000
 28.0000
 28.0000
 28.0000
 28.0000
 28.0000
 32.0000
 32.0000


Top pat = 9
 -5.0000
  3.0000
  3.0000
  7.0000
 15.0000
 15.0000
 19.0000
 19.0000
 23.0000
 23.0000
 23.0000
 23.0000
 23.0000
 27.0000
 27.0000
 27.0000
 27.0000
 27.0000
 31.0000
 31.0000


Top pat = 10
 -4.0000
  0.0000
  4.0000
  8.0000
 12.0000
 12.0000
 16.0000
 16.0000
 20.0000
 24.0000
 24.0000
 24.0000
 24.0000
 24.0000
 24.0000
 28.0000
 28.0000
 28.0000
 28.0000
 32.0000


Top pat = 11
  1.0000
  5.0000
  5.0000
  9.0000
 13.0000
 17.0000
 17.0000
 17.0000
 21.0000
 21.0000
 21.0000
 21.0000
 21.0000
 25.0000
 25.0000
 29.0000
 29.0000
 29.0000
 29.0000
 33.0000


Top pat = 12
  0.0000
 -0.0000
  4.0000
 12.0000
 12.0000
 16.0000
 16.0000
 16.0000
 16.0000
 20.0000
 20.0000
 24.0000
 24.0000
 24.0000
 28.0000
 28.0000
 28.0000
 32.0000
 32.0000
 32.0000


Top pat = 5
 -1.0000
  7.0000
  7.0000
  7.0000
 23.0000
 23.0000
 23.0000
 23.0000
 23.0000
 23.0000
 23.0000
 31.0000
 31.0000
 31.0000
 31.0000
 31.0000
 31.0000
 31.0000
 31.0000
 31.0000


Top pat = 6
 -4.0000
  4.0000
  8.0000
  8.0000
 20.0000
 20.0000
 24.0000
 24.0000
 24.0000
 24.0000
 24.0000
 28.0000
 28.0000
 28.0000
 28.0000
 28.0000
 32.0000
 32.0000
 32.0000
 32.0000


Top pat = 7
 -3.0000
  5.0000
  5.0000
  9.0000
 17.0000
 17.0000
 21.0000
 21.0000
 25.0000
 25.0000
 25.0000
 25.0000
 25.0000
 29.0000
 29.0000
 29.0000
 29.0000
 29.0000
 33.0000
 33.0000


Top pat = 8
 -4.0000
  4.0000
  4.0000
  8.0000
 16.0000
 16.0000
 20.0000
 20.0000
 24.0000
 24.0000
 24.0000
 24.0000
 24.0000
 28.0000
 28.0000
 28.0000
 28.0000
 28.0000
 32.0000
 32.0000


Top pat = 9
 -5.0000
  3.0000
  3.0000
  7.0000
 15.0000
 15.0000
 19.0000
 19.0000
 23.0000
 23.0000
 23.0000
 23.0000
 23.0000
 27.0000
 27.0000
 27.0000
 27.0000
 27.0000
 31.0000
 31.0000


Top pat = 10
 -4.0000
  0.0000
  4.0000
  8.0000
 12.0000
 12.0000
 16.0000
 16.0000
 20.0000
 24.0000
 24.0000
 24.0000
 24.0000
 24.0000
 24.0000
 28.0000
 28.0000
 28.0000
 28.0000
 32.0000


Top pat = 11
  1.0000
  5.0000
  5.0000
  9.0000
 13.0000
 17.0000
 17.0000
 17.0000
 21.0000
 21.0000
 21.0000
 21.0000
 21.0000
 25.0000
 25.0000
 29.0000
 29.0000
 29.0000
 29.0000
 33.0000


Top pat = 12
  0.0000
 -0.0000
  4.0000
 12.0000
 12.0000
 16.0000
 16.0000
 16.0000
 16.0000
 20.0000
 20.0000
 24.0000
 24.0000
 24.0000
 28.0000
 28.0000
 28.0000
 32.0000
 32.0000
 32.0000


Top pat = 13
 -5.0000
 -5.0000
  7.0000
 11.0000
 11.0000
 15.0000
 15.0000
 15.0000
 19.0000
 19.0000
 19.0000
 23.0000
 23.0000
 27.0000
 27.0000
 27.0000
 31.0000
 31.0000
 35.0000
 35.0000


Top pat = 14
-10.0000
-10.0000
  6.0000
 10.0000
 10.0000
 14.0000
 14.0000
 18.0000
 18.0000
 18.0000
 22.0000
 22.0000
 26.0000
 26.0000
 30.0000
 30.0000
 30.0000
 30.0000
 34.0000
 38.0000


Top pat = 15
 -7.0000
 -7.0000
  5.0000
  9.0000
  9.0000
  9.0000
 13.0000
 13.0000
 13.0000
 21.0000
 21.0000
 25.0000
 25.0000
 25.0000
 29.0000
 29.0000
 33.0000
 33.0000
 33.0000
 41.0000


Top pat = 16
 -8.0000
 -8.0000
  4.0000
  8.0000
  8.0000
  8.0000
 12.0000
 12.0000
 12.0000
 20.0000
 20.0000
 24.0000
 24.0000
 24.0000
 28.0000
 28.0000
 32.0000
 32.0000
 32.0000
 40.0000


Top pat = 17
 -9.0000
 -9.0000
  3.0000
  7.0000
  7.0000
  7.0000
 11.0000
 11.0000
 11.0000
 19.0000
 19.0000
 23.0000
 23.0000
 23.0000
 27.0000
 27.0000
 31.0000
 31.0000
 31.0000
 39.0000


Top pat = 18
-14.0000
-14.0000
  2.0000
  6.0000
  6.0000
 10.0000
 10.0000
 14.0000
 14.0000
 14.0000
 18.0000
 22.0000
 22.0000
 22.0000
 26.0000
 26.0000
 34.0000
 34.0000
 34.0000
 42.0000


Top pat = 19
-21.0000
 -9.0000
  7.0000
  7.0000
 11.0000
 11.0000
 15.0000
 15.0000
 15.0000
 15.0000
 19.0000
 19.0000
 19.0000
 19.0000
 23.0000
 27.0000
 27.0000
 39.0000
 39.0000
 47.0000


Top pat = 20
-16.0000
-16.0000
  4.0000
  8.0000
  8.0000
 12.0000
 12.0000
 12.0000
 12.0000
 16.0000
 20.0000
 20.0000
 24.0000
 24.0000
 28.0000
 32.0000
 32.0000
 32.0000
 44.0000
 52.0000


Top pat = 5
 -1.0000
  7.0000
  7.0000
  7.0000
 23.0000
 23.0000
 23.0000
 23.0000
 23.0000
 23.0000
 23.0000
 31.0000
 31.0000
 31.0000
 31.0000
 31.0000
 31.0000
 31.0000
 31.0000
 31.0000


Top pat = 6
 -4.0000
  4.0000
  8.0000
  8.0000
 20.0000
 20.0000
 24.0000
 24.0000
 24.0000
 24.0000
 24.0000
 28.0000
 28.0000
 28.0000
 28.0000
 28.0000
 32.0000
 32.0000
 32.0000
 32.0000


Top pat = 7
 -3.0000
  5.0000
  5.0000
  9.0000
 17.0000
 17.0000
 21.0000
 21.0000
 25.0000
 25.0000
 25.0000
 25.0000
 25.0000
 29.0000
 29.0000
 29.0000
 29.0000
 29.0000
 33.0000
 33.0000


Top pat = 8
 -4.0000
  4.0000
  4.0000
  8.0000
 16.0000
 16.0000
 20.0000
 20.0000
 24.0000
 24.0000
 24.0000
 24.0000
 24.0000
 28.0000
 28.0000
 28.0000
 28.0000
 28.0000
 32.0000
 32.0000


Top pat = 9
 -5.0000
  3.0000
  3.0000
  7.0000
 15.0000
 15.0000
 19.0000
 19.0000
 23.0000
 23.0000
 23.0000
 23.0000
 23.0000
 27.0000
 27.0000
 27.0000
 27.0000
 27.0000
 31.0000
 31.0000


Top pat = 10
 -4.0000
  0.0000
  4.0000
  8.0000
 12.0000
 12.0000
 16.0000
 16.0000
 20.0000
 24.0000
 24.0000
 24.0000
 24.0000
 24.0000
 24.0000
 28.0000
 28.0000
 28.0000
 28.0000
 32.0000


Top pat = 11
  1.0000
  5.0000
  5.0000
  9.0000
 13.0000
 17.0000
 17.0000
 17.0000
 21.0000
 21.0000
 21.0000
 21.0000
 21.0000
 25.0000
 25.0000
 29.0000
 29.0000
 29.0000
 29.0000
 33.0000


Top pat = 12
  0.0000
 -0.0000
  4.0000
 12.0000
 12.0000
 16.0000
 16.0000
 16.0000
 16.0000
 20.0000
 20.0000
 24.0000
 24.0000
 24.0000
 28.0000
 28.0000
 28.0000
 32.0000
 32.0000
 32.0000


Top pat = 13
 -5.0000
 -5.0000
  7.0000
 11.0000
 11.0000
 15.0000
 15.0000
 15.0000
 19.0000
 19.0000
 19.0000
 23.0000
 23.0000
 27.0000
 27.0000
 27.0000
 31.0000
 31.0000
 35.0000
 35.0000


Top pat = 14
-10.0000
-10.0000
  6.0000
 10.0000
 10.0000
 14.0000
 14.0000
 18.0000
 18.0000
 18.0000
 22.0000
 22.0000
 26.0000
 26.0000
 30.0000
 30.0000
 30.0000
 30.0000
 34.0000
 38.0000


Top pat = 15
 -7.0000
 -7.0000
  5.0000
  9.0000
  9.0000
  9.0000
 13.0000
 13.0000
 13.0000
 21.0000
 21.0000
 25.0000
 25.0000
 25.0000
 29.0000
 29.0000
 33.0000
 33.0000
 33.0000
 41.0000


Top pat = 16
 -8.0000
 -8.0000
  4.0000
  8.0000
  8.0000
  8.0000
 12.0000
 12.0000
 12.0000
 20.0000
 20.0000
 24.0000
 24.0000
 24.0000
 28.0000
 28.0000
 32.0000
 32.0000
 32.0000
 40.0000


Top pat = 17
 -9.0000
 -9.0000
  3.0000
  7.0000
  7.0000
  7.0000
 11.0000
 11.0000
 11.0000
 19.0000
 19.0000
 23.0000
 23.0000
 23.0000
 27.0000
 27.0000
 31.0000
 31.0000
 31.0000
 39.0000


Top pat = 18
-14.0000
-14.0000
  2.0000
  6.0000
  6.0000
 10.0000
 10.0000
 14.0000
 14.0000
 14.0000
 18.0000
 22.0000
 22.0000
 22.0000
 26.0000
 26.0000
 34.0000
 34.0000
 34.0000
 42.0000


Top pat = 19
-21.0000
 -9.0000
  7.0000
  7.0000
 11.0000
 11.0000
 15.0000
 15.0000
 15.0000
 15.0000
 19.0000
 19.0000
 19.0000
 19.0000
 23.0000
 27.0000
 27.0000
 39.0000
 39.0000
 47.0000


Top pat = 20
-16.0000
-16.0000
  4.0000
  8.0000
  8.0000
 12.0000
 12.0000
 12.0000
 12.0000
 16.0000
 20.0000
 20.0000
 24.0000
 24.0000
 28.0000
 32.0000
 32.0000
 32.0000
 44.0000
 52.0000


