num:    5     5     5    45 :     0  (    0     5)       0   (    0     1)     0 :  0.080      0      1 |  61.4   0.0 
num:   10    10    10    77 :     0  (    0    10)       0   (    0     0)     0 :  0.115     40     26 |  69.2   0.0 
num:   15    14    12   196 :     0  (    0    13)       2   (    0     0)     0 :  0.062    189    196 |  51.5   0.2 
num:   20    18    16   414 :     0  (    0    18)       1   (    0     0)     0 :  0.042    410    414 |  28.8   0.0 
num:   25    19    14   540 :   508  (    0    17)      43   (    0     0)   413 :  0.030    536    540 |  17.8   0.0 
num:   30    19    14   608 :   498  (    0    17)      96   (    0     0)   467 :  0.027    582    608 |  14.2   0.2 
num:   35    18    12   574 :     0  (    0    18)      14   (    0     0)     0 :  0.030    574    574 |  15.1   0.1 
num:   40    18    11   652 :    93  (    0    15)      10   (    0     0)   378 :  0.022    651    652 |   8.0   0.4 
num:   45    15    12   571 :   180  (    0    12)      85   (    0     0)   299 :  0.020    561    571 |   7.8   0.1 
num:   50    14    11   556 :     0  (    0    14)       7   (    0     0)     1 :  0.025    545    556 |  12.8   0.2 
num:   55    13     8   536 :     0  (    0    12)       2   (    0     0)     2 :  0.022    530    536 |  24.7   0.2 
num:   60    15    11   511 :    14  (    0    14)      56   (    0     0)   131 :  0.027    511    511 |  23.1   0.4 
num:   65    14    10   474 :     1  (    0    11)      84   (    0     0)     0 :  0.023    474    474 |  18.1   0.1 
num:   70    14    10   503 :     0  (    0    11)       2   (    0     0)     0 :  0.021    500    503 |  19.7   0.5 
num:   75    13     9   480 :     0  (    0    13)       0   (    0     0)     0 :  0.026    479    480 |  21.2   0.4 
num:   80    15     9   561 :    17  (    0    10)      78   (    0     0)    29 :  0.017    561    561 |  18.4   1.8 
num:   85    13     7   513 :     1  (    0    10)      12   (    0     0)     1 :  0.019    511    513 |  13.7   0.1 
num:   90    13     9   553 :     0  (    0    11)     165   (    0     0)     2 :  0.019    553    553 |  12.2   0.7 
num:   95    13     8   624 :     5  (    0     7)      42   (    0     0)     4 :  0.011    618    624 |   8.9   0.4 
num:  100    13     6   460 :    45  (    1     8)     109   (    0     0)   129 :  0.019    460    460 |  24.8   0.6 
num:  105    11     7   542 :     1  (    1     8)      19   (    0     0)     2 :  0.016    542    542 |  18.2   1.2 
num:  110    11     7   504 :   485  (    1     7)     468   (    0     0)   301 :  0.016    500    504 |  21.6   1.7 
num:  115     9     8   548 :     1  (    1     4)      91   (    0     0)     1 :  0.009    524    548 |  14.2   2.1 
num:  120    10     6   358 :    33  (    0     6)     327   (    0     0)    18 :  0.016    358    358 |  24.8   2.1 
num:  125    11     4   338 :     1  (    1     7)      50   (    0     0)    12 :  0.023    338    338 |  25.4   1.8 
num:    5     5     5   112 :     6  (    6     5)       5   (    0     0)     4 :  0.094     15      2 |  51.6   0.0 
num:   10    10    10   358 :     5  (    5    10)       5   (    0     0)     5 :  0.041    287    115 |  15.2   0.0 
num:   15    13     9   541 :     6  (    6    12)       8   (    0     0)     6 :  0.032    531    541 |  12.3   0.0 
num:   20    14     9   627 :     3  (    4    14)       3   (    0     0)     4 :  0.028    623    627 |  11.5   0.3 
num:   25    12     7   544 :     4  (    4    12)       4   (    0     0)     4 :  0.029    542    544 |  11.5   0.0 
num:   30    13     7   599 :     3  (    3    12)       6   (    0     0)     3 :  0.025    598    599 |  13.7   0.2 
num:   35    12    10   623 :     3  (    3    10)       3   (    0     0)     3 :  0.020    623    623 |  11.4   0.2 
num:   40    13     8   599 :     2  (    2    12)       3   (    0     0)     2 :  0.023    572    599 |   9.3   0.2 
num:   45    13     7   492 :     3  (    3    11)       3   (    0     0)     9 :  0.028    492    492 |  15.3   0.1 
num:   50    13     7   582 :    40  (    4    10)      51   (    0     0)    35 :  0.024    582    582 |   8.5   0.3 
num:   55    11     7   562 :     3  (    3     9)      21   (    0     0)     3 :  0.021    559    562 |  10.2   0.5 
num:   60    12     6   559 :     2  (    2    12)       5   (    0     0)     2 :  0.025    546    559 |   9.5   0.0 
num:   65    12     7   613 :     2  (    2    11)       6   (    0     0)     3 :  0.021    613    613 |   8.4   0.6 
num:   70    13     9   576 :    20  (    1     9)     113   (    0     0)    75 :  0.017    576    576 |  13.5   0.9 
num:   75    12     9   491 :     1  (    1    11)       1   (    0     0)     1 :  0.024    491    491 |  15.5   0.8 
num:   80    14    10   525 :    18  (    1     9)      67   (    0     0)    67 :  0.019    525    525 |  19.2   1.0 
num:   85    13     9   515 :   465  (    1    11)      91   (    0     0)   436 :  0.023    515    515 |  17.8   0.4 
num:   90    14     9   477 :     1  (    1    12)      37   (    0     0)     1 :  0.026    473    477 |  14.0   0.2 
num:   95    14     7   500 :     0  (    0    14)       4   (    0     0)     0 :  0.027    500    500 |  15.1   1.2 
num:  100    14     6   563 :    39  (    0     8)      39   (    0     0)   472 :  0.014    558    563 |  14.9   1.0 
num:  105    12     7   429 :   169  (    0     7)     313   (    0     0)   182 :  0.016    426    429 |  34.1   1.9 
num:  110    12     7   394 :    57  (    0     7)      33   (    0     0)   119 :  0.017    394    394 |  33.1   2.1 
num:  115    13     7   418 :    30  (    0     8)     170   (    0     0)   344 :  0.019    417    418 |  20.4   2.6 
num:  120    11     5   392 :     0  (    0     9)      11   (    0     0)     0 :  0.022    391    392 |  22.9   1.5 
num:  125    11     7   453 :     0  (    0     7)      90   (    0     0)     0 :  0.015    452    453 |  15.4   0.5 
num:    5     5     5   152 :     5  (    6     5)       4   (    0     0)     5 :  0.070      3     21 |  27.2   0.0 
num:   10    10    10   331 :     4  (    5    10)       5   (    0     0)     5 :  0.044    164     51 |  17.5   0.2 
num:   15    15    10   541 :     4  (    5    15)       5   (    0     0)     5 :  0.036    461    541 |  10.7   0.0 
num:   20    14     9   672 :     2  (    5    14)       3   (    0     0)     3 :  0.028    617    672 |  11.3   0.0 
num:   25    13     8   546 :     4  (    4    12)      13   (    0     0)     5 :  0.029    541    546 |  13.3   0.2 
num:   30    13     7   602 :   161  (    4    10)      30   (    0     0)   288 :  0.023    602    602 |   6.9   0.5 
num:   35    13     9   661 :     4  (    4    10)      13   (    0     0)     6 :  0.021    655    661 |   5.4   0.4 
num:   40    13     7   678 :     5  (    5    12)      18   (    0     0)     5 :  0.025    676    678 |   2.2   0.6 
num:   45    11     3   591 :     5  (    4    10)      33   (    0     0)     4 :  0.023    591    591 |   2.8   0.1 
num:   50     8     4   397 :     4  (    4     4)      34   (    0     0)     4 :  0.020    396    397 |   6.2   0.2 
num:   55     7     3   379 :     3  (    3     3)       7   (    0     0)     3 :  0.016    375    379 |   3.5   0.5 
num:   60     6     3   412 :     4  (    4     4)      32   (    0     0)     4 :  0.019    408    412 |   7.1   0.5 
num:   65     7     4   298 :     3  (    2     6)      15   (    0     0)     3 :  0.026    292    298 |   4.6   2.5 
num:   70    10     5   397 :     2  (    2     7)      17   (    0     0)     2 :  0.022    372    397 |  16.3   0.8 
num:   75     8     7   334 :     4  (    4     7)      71   (    0     0)     4 :  0.032    323    334 |  17.7   0.2 
num:   80    10     6   405 :     2  (    2     9)       4   (    0     0)     2 :  0.027    405    405 |  24.5   1.4 
num:   85    10     5   420 :     2  (    2     6)      13   (    0     0)     2 :  0.019    420    420 |  18.3   1.2 
num:   90     9     6   319 :     2  (    2     9)      12   (    0     0)     2 :  0.034    318    319 |  29.2   0.6 
num:   95    11     6   472 :     3  (    2     8)      13   (    0     0)     2 :  0.021    468    472 |  15.1   1.8 
num:  100    11     4   498 :     3  (    2     5)      46   (    0     0)    30 :  0.014    497    498 |  13.0   0.8 
num:  105    10     5   493 :     4  (    3     6)      20   (    0     0)     3 :  0.018    491    493 |   6.5   1.0 
num:  110    11     8   488 :     2  (    2     9)       5   (    0     0)     2 :  0.022    485    488 |   4.2   1.0 
num:  115    12     5   527 :   137  (    2     9)      34   (    0     0)   343 :  0.020    527    527 |   8.5   0.7 
num:  120    11     6   564 :     2  (    1     8)      27   (    0     0)     2 :  0.016    561    564 |  11.4   1.4 
num:  125     9     6   492 :     3  (    1     5)      18   (    0     0)     2 :  0.012    492    492 |  10.1   1.7 
num:    5     5     5   177 :     4  (    6     5)       4   (    0     0)     1 :  0.060      3      6 |  25.6   0.0 
num:   10    10    10   400 :     6  (    6     9)       6   (    0     0)     6 :  0.037    122     64 |  17.4   0.1 
num:   15    14    11   539 :     6  (    6    13)       6   (    0     0)     6 :  0.034    539    539 |   8.8   0.2 
num:   20    15     8   540 :     5  (    5    14)      10   (    0     0)     6 :  0.034    540    540 |  14.0   0.6 
num:   25    12     7   573 :     4  (    4    10)      15   (    0     0)     4 :  0.024    573    573 |   9.9   0.0 
num:   30    12     8   601 :     2  (    2    12)       3   (    0     0)     3 :  0.023    591    601 |  10.5   0.3 
num:   35    15     8   547 :     2  (    2    14)       9   (    0     0)     2 :  0.028    543    547 |  17.0   0.1 
num:   40    15     9   587 :     2  (    2    12)       6   (    0     0)     2 :  0.023    587    587 |  14.1   0.2 
num:   45    14    10   616 :     2  (    1    13)       7   (    0     0)     2 :  0.022    582    616 |  12.0   0.0 
num:   50    15     8   567 :   150  (    1    12)     239   (    0     0)   464 :  0.022    548    567 |  15.2   0.1 
num:   55    13     8   565 :     2  (    0     9)     171   (    0     0)    11 :  0.016    565    565 |  15.5   0.2 
num:   60    13     7   537 :    81  (    0    10)      54   (    0     0)   114 :  0.018    537    537 |  16.0   0.8 
num:   65    13     6   550 :    72  (    0     8)     240   (    0     0)   349 :  0.014    550    550 |  19.3   0.6 
num:   70    11     8   545 :     0  (    0     8)     146   (    0     0)     0 :  0.014    539    545 |   8.5   1.3 
num:   75    11     9   425 :     0  (    0     7)      10   (    0     0)     1 :  0.016    425    425 |  25.5   0.7 
num:   80    12    10   353 :     0  (    0     9)      66   (    0     0)     0 :  0.025    353    353 |  19.8   1.6 
num:   85    13     6   401 :    38  (    0    10)     135   (    0     0)    32 :  0.024    401    401 |  18.1   0.7 
num:   90    12     7   536 :     5  (    0    10)       6   (    0     0)    74 :  0.018    536    536 |   9.1   3.8 
num:   95    12     7   560 :     4  (    0     7)      14   (    0     0)    49 :  0.012    558    560 |  12.0   2.8 
num:  100    11     7   519 :     6  (    1     9)      30   (    0     0)     4 :  0.019    519    519 |  15.1   5.6 
num:  105    12     6   447 :     0  (    0     9)      32   (    0     0)     0 :  0.020    447    447 |  18.8   2.1 
num:  110    13     7   428 :    13  (    0     7)      97   (    0     0)    15 :  0.016    428    428 |  16.9   2.8 
num:  115    11     5   423 :     0  (    0    10)       1   (    0     0)     0 :  0.023    418    423 |  16.9   2.3 
num:  120    13     6   525 :    35  (    1     9)      28   (    0     0)   157 :  0.019    525    525 |  16.2   3.4 
num:  125    11     6   537 :     0  (    0     5)      17   (    0     0)     0 :  0.009    532    537 |   9.9   4.9 
num:    5     5     5   199 :     7  (    8     5)       6   (    0     0)     3 :  0.064      4     27 |  24.4   0.0 
num:   10    10     7   439 :     6  (    6    10)       7   (    0     0)     6 :  0.036    426    439 |  12.3   0.3 
num:   15    12     7   444 :     6  (    6    11)       7   (    0     0)     6 :  0.037    423    444 |   9.5   0.0 
num:   20    11     7   580 :     5  (    5    11)       7   (    0     0)     5 :  0.027    502    580 |   7.9   0.0 
num:   25    13     8   643 :     4  (    4    13)       4   (    0     0)     4 :  0.026    639    643 |   4.2   0.3 
num:   30    13     6   631 :    13  (    4    12)       4   (    0     0)    66 :  0.025    630    631 |   6.2   0.6 
num:   35    13     8   664 :    21  (    4    11)      25   (    0     0)    28 :  0.022    592    664 |   5.1   0.1 
num:   40    14     8   641 :     5  (    5    12)      69   (    0     0)     6 :  0.026    641    641 |   3.7   0.1 
num:   45    14     8   653 :     4  (    4    14)       3   (    0     0)     4 :  0.027    653    653 |   9.8   0.4 
num:   50    12     5   632 :     5  (    5     9)      17   (    0     0)     6 :  0.022    632    632 |   2.9   0.1 
num:   55    11     9   647 :     3  (    3    11)       8   (    0     0)     4 :  0.021    635    647 |   5.6   0.0 
num:   60    13     6   640 :     5  (    3     9)      23   (    0     0)     5 :  0.018    640    640 |   4.4   0.9 
num:   65    12     7   585 :   335  (    3     6)     195   (    0     0)   388 :  0.015    585    585 |   5.0   0.3 
num:   70    11     4   553 :    77  (    2     7)     284   (    0     0)   111 :  0.016    553    553 |   8.7   1.5 
num:   75     9     5   539 :     3  (    2     6)      22   (    0     0)     2 :  0.015    530    539 |  13.7   1.1 
num:   80    11     5   520 :     2  (    2    10)       8   (    0     0)     2 :  0.023    519    520 |  15.3   1.8 
num:   85    11     6   500 :     2  (    2     8)      21   (    0     0)     3 :  0.020    500    500 |  12.6   1.1 
num:   90    12     7   545 :     3  (    3    10)       5   (    0     0)     3 :  0.023    544    545 |  11.3   1.6 
num:   95    11     6   508 :   199  (    1    10)     134   (    0     0)   442 :  0.021    508    508 |   7.7   0.9 
num:  100     9     5   516 :     1  (    1     7)      13   (    0     0)     2 :  0.015    516    516 |   6.6   2.2 
num:  105    10     7   458 :     2  (    2     6)     267   (    0     0)     2 :  0.017    458    458 |  23.0   1.9 
num:  110     9     4   545 :     3  (    2     3)      52   (    0     0)     2 :  0.009    541    545 |  10.5   2.2 
num:  115     8     5   472 :     2  (    2     5)      37   (    0     0)     2 :  0.015    468    472 |  12.3   3.2 
num:  120    10     3   457 :     2  (    2     6)       2   (    0     0)   369 :  0.017    457    457 |  14.0   2.7 
num:  125    10     6   472 :    72  (    2     8)      61   (    0     0)   372 :  0.021    469    472 |  22.7   4.0 
num:    5     5     5   198 :     7  (    7     5)       5   (    0     0)     3 :  0.059     11     14 |  19.0   0.0 
num:   10    10    10   476 :     4  (    5    10)       5   (    0     0)     5 :  0.031    339    159 |  12.1   0.2 
num:   15    14     7   546 :     4  (    4    13)       9   (    0     0)     4 :  0.030    545    546 |   5.1   0.0 
num:   20    13    10   594 :     6  (    6    11)       7   (    0     0)     6 :  0.028    582    594 |  12.0   0.2 
num:   25    15    11   559 :    15  (    4    14)       6   (    0     0)   400 :  0.031    559    559 |  17.7   0.9 
num:   30    15     8   501 :     3  (    3    15)       4   (    0     0)     3 :  0.035    501    501 |  17.1   0.8 
num:   35    13     8   476 :     4  (    3    10)      28   (    0     0)     4 :  0.027    475    476 |  22.0   0.0 
num:   40    11     8   565 :   156  (    3     8)      18   (    0     0)   232 :  0.019    562    565 |  14.2   0.6 
num:   45    10     6   518 :     3  (    3     8)       6   (    0     0)     3 :  0.021    515    518 |  11.0   0.7 
num:   50    11     8   499 :     3  (    2    10)       5   (    0     0)     4 :  0.024    494    499 |  14.4   0.3 
num:   55    12     8   485 :    11  (    2    10)      35   (    0     0)    19 :  0.024    485    485 |  16.3   2.8 
num:   60    13     8   405 :     3  (    2    10)      11   (    0     0)     3 :  0.029    405    405 |  15.6   0.6 
num:   65    11     6   457 :     2  (    2     9)      27   (    0     0)    34 :  0.024    456    457 |  22.4   0.9 
num:   70    11     6   375 :     2  (    2     8)      58   (    0     0)     2 :  0.026    375    375 |  35.7   0.3 
num:   75    12     5   451 :   267  (    2     8)     205   (    0     0)   370 :  0.022    451    451 |   6.7   2.0 
num:   80    11     6   454 :     2  (    2     9)       2   (    0     0)     5 :  0.024    453    454 |  23.9   0.7 
num:   85    12     6   486 :     2  (    2    10)     157   (    0     0)     2 :  0.024    486    486 |  10.8   0.7 
num:   90    11     6   463 :     4  (    3     7)      34   (    0     0)     6 :  0.021    460    463 |   6.2   2.9 
num:   95    12     6   493 :     4  (    2     6)      26   (    0     0)   139 :  0.016    493    493 |   5.3   2.3 
num:  100    10     7   403 :     2  (    2     7)      38   (    0     0)     2 :  0.022    392    403 |  10.1   0.8 
num:  105    12     7   444 :   281  (    2     7)      24   (    0     0)   196 :  0.020    444    444 |   7.0   1.1 
num:  110    12     8   344 :    26  (    2     8)      33   (    0     0)    71 :  0.028    344    344 |  10.6   0.0 
num:  115    12     5   385 :    30  (    3     6)      70   (    0     0)   106 :  0.023    385    385 |  19.1   1.0 
num:  120    10     6   465 :     3  (    2     7)      14   (    0     0)     2 :  0.019    438    465 |   4.8   1.4 
num:  125    10     3   473 :     5  (    2     4)     149   (    0     0)   382 :  0.012    473    473 |   5.5   1.5 
num:    5     5     5    96 :     6  (    6     5)       7   (    0     0)     4 :  0.109      6      5 |  32.0   0.3 
num:   10    10     8   240 :     6  (    6    10)       7   (    0     0)     6 :  0.064    227    240 |  22.3   0.0 
num:   15    14    10   408 :     6  (    6    13)       6   (    0     0)     6 :  0.045    408    408 |  20.5   0.0 
num:   20    15    10   521 :     6  (    6    14)       8   (    0     0)     6 :  0.037    520    521 |  15.7   0.1 
num:   25    15    10   526 :   112  (    6    12)     191   (    0     0)   199 :  0.033    525    526 |   7.7   0.1 
num:   30    13     7   619 :    17  (    6    12)      33   (    0     0)   225 :  0.028    610    619 |   4.6   0.7 
num:   35    12     7   647 :     6  (    6    11)      18   (    0     0)     6 :  0.026    647    647 |   5.8   0.3 
num:   40    11     6   624 :    16  (    6     8)      15   (    0     0)   343 :  0.022    624    624 |  13.8   0.3 
num:   45    10     5   569 :     6  (    6     8)       7   (    0     0)     6 :  0.024    567    569 |   8.2   0.2 
num:   50    10     7   571 :     8  (    6     8)      24   (    0     0)     7 :  0.024    566    571 |   6.2   0.5 
num:   55    11     6   632 :     5  (    5    10)      12   (    0     0)     5 :  0.023    632    632 |   6.7   0.5 
num:   60    12     6   631 :     6  (    5     6)      21   (    0     0)     6 :  0.017    631    631 |   3.7   0.1 
num:   65     8     3   618 :    10  (    4     7)     201   (    0     0)     5 :  0.018    612    618 |   4.0   0.7 
num:   70     9     4   564 :     4  (    4     7)       9   (    0     0)     3 :  0.019    563    564 |   9.7   1.7 
num:   75    10     2   570 :     6  (    3     7)     132   (    0     0)     5 :  0.017    568    570 |  10.0   1.3 
num:   80     8     3   593 :     5  (    4     5)      15   (    0     0)   187 :  0.015    592    593 |   5.8   1.5 
num:   85     8     5   554 :     3  (    3     5)      16   (    0     0)     4 :  0.014    546    554 |   2.7   1.1 
num:   90    10     6   525 :     2  (    1     7)       7   (    0     0)     3 :  0.015    525    525 |   7.2   2.0 
num:   95    10     3   388 :     3  (    1     8)      79   (    0     0)     2 :  0.023    388    388 |   1.5   4.0 
num:  100    10     7   529 :    19  (    1     7)       9   (    0     0)   133 :  0.015    526    529 |   3.7   5.9 
num:  105    10     8   502 :     1  (    1     8)      18   (    0     0)     1 :  0.018    502    502 |   7.3   2.9 
num:  110    12     7   469 :    15  (    0     7)      85   (    0     0)    60 :  0.015    446    469 |   4.0   2.0 
num:  115    12     7   488 :     3  (    0     9)      10   (    0     0)    27 :  0.018    484    488 |  11.5   5.5 
num:  120    12     6   439 :     0  (    0     6)     131   (    0     0)     2 :  0.013    439    439 |  15.7   5.0 
num:  125     9     5   474 :     1  (    0     4)      91   (    0     0)     0 :  0.008    474    474 |   9.2  16.4 
num:    5     5     5   105 :     4  (    6     5)       7   (    0     1)     1 :  0.091      3      5 |  44.4   0.0 
num:   10    10     9   248 :     4  (    4    10)       4   (    0     0)     4 :  0.054    205    248 |  28.3   0.0 
num:   15    14    11   438 :     2  (    3    14)       3   (    0     0)     4 :  0.038    430    438 |  18.1   0.2 
num:   20    17    11   606 :     2  (    2    15)       4   (    0     0)     2 :  0.027    596    606 |   7.2   0.1 
num:   25    15     6   624 :     3  (    3    15)       3   (    0     0)     3 :  0.028    596    624 |  13.3   0.2 
num:   30    13     8   608 :     2  (    2    13)       2   (    0     0)     2 :  0.024    596    608 |  16.7   0.0 
num:   35    13     8   581 :     2  (    2    13)       3   (    0     0)     2 :  0.025    567    581 |  15.7   0.3 
num:   40    13     9   546 :     1  (    1    13)       3   (    0     0)     1 :  0.025    546    546 |  15.7   0.1 
num:   45    14     9   438 :     1  (    1    11)       5   (    0     0)     1 :  0.027    438    438 |  17.9   0.1 
num:   50    13     9   437 :    93  (    2    11)      95   (    0     0)   247 :  0.029    437    437 |  25.2   0.0 
num:   55    14     9   496 :     2  (    1    12)      70   (    0     0)     3 :  0.025    496    496 |  27.5   1.0 
num:   60    14    11   508 :     1  (    1    11)       7   (    0     0)     1 :  0.023    508    508 |  23.7   0.6 
num:   65    14    10   512 :     2  (    1    13)     390   (    0     0)     2 :  0.027    512    512 |  28.0   0.0 
num:   70    14    10   469 :     1  (    1    12)       3   (    0     0)     1 :  0.027    469    469 |  26.2   0.6 
num:   75    15     8   510 :    10  (    1    12)      78   (    0     0)   110 :  0.025    509    510 |  19.1   0.6 
num:   80    14     7   533 :     1  (    1    11)      10   (    0     0)    21 :  0.022    533    533 |  12.9   0.7 
num:   85    11     7   583 :     1  (    1    10)      22   (    0     0)     2 :  0.019    577    583 |  13.3   0.8 
num:   90    13     9   498 :   280  (    0    11)     144   (    0     0)   418 :  0.022    498    498 |  16.2   5.0 
num:   95    14    10   468 :     8  (    1     9)     464   (    0     0)     2 :  0.021    468    468 |  19.2   0.5 
num:  100    14     8   518 :     1  (    1     9)      23   (    0     0)     1 :  0.019    518    518 |  20.6   0.8 
num:  105    14     5   491 :   135  (    1     6)     202   (    0     0)   220 :  0.014    491    491 |   5.8   4.1 
num:  110    10     6   497 :     2  (    1     7)     126   (    0     0)    28 :  0.016    497    497 |   9.2   3.7 
num:  115    10     4   465 :     3  (    1     7)      18   (    0     0)     4 :  0.017    464    465 |   8.5   3.5 
num:  120    13     5   444 :   380  (    1     7)     375   (    0     0)   269 :  0.018    444    444 |  14.9   5.8 
num:  125     9     4   539 :     2  (    1     4)      59   (    0     0)   423 :  0.009    537    539 |  10.1  12.2 
num:    5     5     5    74 :     3  (    4     5)       2   (    0     0)     2 :  0.114      2      4 |  42.8   0.0 
num:   10    10    10   288 :     4  (    4    10)       4   (    0     0)     4 :  0.047     56     41 |  25.6   0.0 
num:   15    15    11   477 :     3  (    3    15)       3   (    0     0)     3 :  0.037    427    477 |  20.9   0.0 
num:   20    15    11   643 :     3  (    4    15)       3   (    0     0)     4 :  0.029    521    643 |   9.4   0.0 
num:   25    16    10   697 :     4  (    4    16)       4   (    0     0)     4 :  0.028    689    697 |   7.1   0.0 
num:   30    14     8   622 :     2  (    2    13)       2   (    0     0)     2 :  0.024    622    622 |  11.3   0.1 
num:   35    14     8   584 :     8  (    1    13)      47   (    0     0)    86 :  0.023    578    584 |  10.0   0.2 
num:   40    13     7   557 :     1  (    1    12)       7   (    0     0)     2 :  0.023    556    557 |  19.6   0.0 
num:   45    12     8   454 :     2  (    2     8)       3   (    0     0)     3 :  0.021    450    454 |  27.5   0.3 
num:   50    11     7   560 :    51  (    1     8)     105   (    0     0)   294 :  0.016    560    560 |  11.6   0.1 
num:   55    12     6   471 :     1  (    1    10)       3   (    0     0)     1 :  0.023    469    471 |  21.3   0.1 
num:   60    10     7   521 :     1  (    1     7)      19   (    0     0)     1 :  0.015    517    521 |  10.3   0.5 
num:   65    11     7   548 :   160  (    0     8)     199   (    0     0)   304 :  0.014    545    548 |  14.9   1.1 
num:   70    11     5   550 :     2  (    0     9)      34   (    0     0)     1 :  0.016    549    550 |  17.5   0.6 
num:   75    12     7   577 :     5  (    0    11)       2   (    0     0)     3 :  0.019    575    577 |  11.9   1.5 
num:   80    13     9   576 :     0  (    0    11)       6   (    0     0)     1 :  0.019    576    576 |  14.1   1.8 
num:   85    13     9   500 :     0  (    0    12)       7   (    0     0)     5 :  0.023    498    500 |  14.2   1.5 
num:   90    14    11   576 :     0  (    0     8)     141   (    0     0)     4 :  0.014    576    576 |   9.8   0.9 
num:   95    11     7   535 :     0  (    0     7)      37   (    0     0)     0 :  0.013    533    535 |  11.5   3.2 
num:  100    11     8   477 :     0  (    0     9)      12   (    0     0)     0 :  0.018    477    477 |  22.3   1.0 
num:  105    11     9   536 :     0  (    0     8)       4   (    0     0)     0 :  0.015    440    536 |  12.1   0.7 
num:  110    13     7   564 :    19  (    0     9)      13   (    0     0)   185 :  0.016    559    564 |  11.3   1.0 
num:  115    12     8   469 :     0  (    0     8)       5   (    0     0)     0 :  0.017    469    469 |  21.8   1.1 
num:  120    12     6   455 :    99  (    0     8)     166   (    0     0)   366 :  0.017    455    455 |  25.3   2.8 
num:  125    11     8   470 :     0  (    0     8)      79   (    0     0)     0 :  0.017    467    470 |  12.9   3.0 
num:    5     5     5   175 :     7  (    7     5)       5   (    0     0)     6 :  0.067      4      5 |  21.2   0.0 
num:   10    10    10   369 :     5  (    5    10)       5   (    0     0)     5 :  0.040    286    143 |  14.4   0.0 
num:   15    14    11   524 :     4  (    4    12)       8   (    0     0)     4 :  0.030    468    524 |  11.8   0.9 
num:   20    16    10   638 :    14  (    3    15)      32   (    0     0)    53 :  0.028    581    638 |   6.1   0.5 
num:   25    14    11   684 :     2  (    2    14)       3   (    0     0)     2 :  0.023    499    684 |   8.6   0.2 
num:   30    13     6   650 :     6  (    2    12)       3   (    0     0)   354 :  0.021    630    650 |   8.9   0.3 
num:   35    13     9   609 :    52  (    2    11)      33   (    0     0)    62 :  0.021    600    609 |   7.0   0.7 
num:   40    12     8   569 :     1  (    1    12)       1   (    0     0)     2 :  0.022    551    569 |  17.5   0.1 
num:   45    13     9   547 :    65  (    1    11)      90   (    0     0)   145 :  0.021    545    547 |  11.7   0.8 
num:   50    12     9   523 :     1  (    1    12)       0   (    0     0)     6 :  0.024    478    523 |  16.7   2.5 
num:   55    14     9   540 :     3  (    1    12)       5   (    0     0)    21 :  0.023    539    540 |  14.2   0.4 
num:   60    15     9   565 :   489  (    0    11)     304   (    0     0)   484 :  0.019    565    565 |  11.9   0.4 
num:   65    13    10   574 :     1  (    1    12)      21   (    0     0)     1 :  0.022    546    574 |  14.6   0.5 
num:   70    14     8   534 :     2  (    2    12)      54   (    0     0)     1 :  0.026    516    534 |  18.3   0.2 
num:   75    11     6   488 :     0  (    0     8)      33   (    0     0)     0 :  0.016    488    488 |  18.4   0.1 
num:   80    13     8   536 :   108  (    0    11)     466   (    0     0)    42 :  0.020    536    536 |  22.0   0.8 
num:   85    14     9   481 :    50  (    0    12)      97   (    0     0)   189 :  0.024    481    481 |  18.3   0.6 
num:   90    14     9   492 :    14  (    0    10)      21   (    0     0)    15 :  0.020    490    492 |  16.3   1.3 
num:   95    13     8   470 :     0  (    0    10)      50   (    0     0)     0 :  0.021    469    470 |  19.4   2.1 
num:  100    14     9   493 :   298  (    0    11)     233   (    0     0)   289 :  0.022    492    493 |  16.6   1.3 
num:  105    13     6   432 :     0  (    0     9)      69   (    0     0)     1 :  0.020    432    432 |  33.4   0.2 
num:  110    12     6   468 :     0  (    0    11)       2   (    0     0)     0 :  0.023    465    468 |  20.7   0.9 
num:  115    12     8   442 :     0  (    0    10)      55   (    0     0)     0 :  0.022    441    442 |  26.2   4.4 
num:  120    13     7   403 :     0  (    0     5)      65   (    0     0)     0 :  0.012    400    403 |  22.1   1.5 
num:  125    11     5   435 :   170  (    0     4)     143   (    0     0)   123 :  0.009    435    435 |  16.1   7.1 

                             N 64		//	Number of units in the network
                activationType THRESHOLD  	//	The activation type of the network
                            ON 1  
                           OFF -1
                     maxCycles 4*N
                    relaxation ASYNCRONOUS // SYNCRONOUS or ASYNCRONOUS
                  unitsInRatio 0.1 //	ie 0.1    10%
                          bias FALSE
                   learnTiming ONLINE //BATCH 
              symmetricWeights 0			//TRUE
             weightCappingType NOCAP	//NOCAP , HARDCAP, SOFTCAP
            weightCappingValue 2*N
                   weightDecay off // 
              weightDecayValue 0.1 //10% ie weight*(1-val)
       weightNormalisationType NONORMALISATION 
      weightNormalisationValue 50*N 			// the point at which to normalise
          calcHammingDistRelax on
         noiseDuringRelaxation off
             gaussianNoiseType RELATIVE
lenghtOfTimeStableInRelaxation 100
gaussianRelativeRangeForRelaxation 0.1 
gaussianAbsoluteRangeForRelaxation 0.25*N
                  sampleProbOn 0.5 		//This is the proability of a unit being on during sampling
                 gnuplotGraphs off			//TRUE
                    debugLevel 0
                     numTrials 10 
                 learningConst 1 			  //	(double)net->N // learning scalar
                      momentum 0.5
                maxLearntPatts 2*N
              patternsFromFile no
               patternFilename letters.txt  // the file containing 
                trainingEpochs 5000
                  learningType PSEUDODELTA //HEBBIAN
                      numCheck 1000
              maxSpuriousPatts 1000
                maxPseudoPatts 1000    
      maxSamplesForPseudoPatts 1000   
         pseudoRehearsalCutoff 0.2
      unlearningProtocolInital 10 //not implemented
      unlearningProtocolRepeat 10,50 //as above
          unlearningCutoffHigh 20  //To do normal unlearning make the high and low the same;
           unlearningCutoffLow 1
           unlearningCycleSize 1000
                unlearningType unlearningStandard
         unlearningSuperHeated FALSE
               unlearningConst 0.002
         uniqueUnlearningPatts FALSE  //This prevents the pseudo items from being repeated.  
                 errorCriteria 0.001
                     errorTail 0.99
                 errorCalcType DELTAERROR // SIGMOIDERROR , DELTAERROR the type of error.
            initialNumberPatts 5 // 0.05 N //16
                          step 5
                numLearntPatts 1*maxLearntPatts  // 16
             hebbianNoiseLevel 0.0 // This is the noise when training the network with hebbian learning
                 hebbianCycles 1  // Number of cycles to learn the set of patterns with hebbian learning
             uniquePseudoPatts TRUE  //This prevents the pseudo items from being repeated.  
   removeLearntFromPseudoPatts FALSE // true if you  want pure spurious patterns as the pseudo items.
   adjustLearningForPobability FALSE // this is the (Si - a)(Sj - a) rather than (Si)(Sj)
                  noiseOnInput yes 
                 noiseOnOutput FALSE //not implemented yet
         noiseHetroAssociative no 
               hetroNoiseLevel 0.1
          noiseHebbianNegative FALSE
                generateProbOn 0.5 //This is the proability of a unit being on in the generated patterns
  generateActivationExactLevel FALSE // this force the units to be apriori correlated as there
           reorderUnitsinPatts 1
            calcSpuriousBasins 0
              calcLearntBasins 1
        displaylearntpattunits on
        displayLearntPattInput off
     displayLearntPattNetInput off
      displayLearntPattSummary on
      displaySpuriousPattUnits off
      displaySpuriousPattInput off
   displaySpuriousPattNetInput off
    displaySpuriousPattSummary on
 displaySpuriousPatternDetails on
                    randomSeed 1053097241

