#..\..\..\Net100seed42.net EPdeltaInput0.5-Epoch4.train 42
#Top pat = 5
 -5.2000
 -1.2000
  2.0000
  3.6000
  4.6000
  7.6000
  9.2000
 10.6000
 10.6000
 10.6000
 12.0000
 12.2000
 12.8000
 13.6000
 14.6000
 14.6000
 14.8000
 15.8000
 16.0000
 16.2000
 16.2000
 16.2000
 16.2000
 16.2000
 16.2000
 16.8000
 16.8000
 16.8000
 17.6000
 17.8000
 17.8000
 17.8000
 17.8000
 17.8000
 17.8000
 18.4000
 18.4000
 18.6000
 18.6000
 18.6000
 19.2000
 19.4000
 19.4000
 19.4000
 19.4000
 19.4000
 19.4000
 19.4000
 19.4000
 19.4000
 20.2000
 20.2000
 20.2000
 20.2000
 20.2000
 20.2000
 20.2000
 20.2000
 20.2000
 20.8000
 20.8000
 21.2000
 21.6000
 21.8000
 21.8000
 21.8000
 22.2000
 23.4000
 23.4000
 23.4000
 23.4000
 23.4000
 23.4000
 23.6000
 23.8000
 24.0000
 24.4000
 24.8000
 25.0000
 25.0000
 25.0000
 25.0000
 25.8000
 25.8000
 25.8000
 26.0000
 26.8000
 26.8000
 26.8000
 27.4000
 27.4000
 27.4000
 27.4000
 27.4000
 27.4000
 29.2000
 30.0000
 33.4000
 33.6000
 39.0000


