#..\..\..\Net100seed42.net EPdeltaInput0.5-Epoch4.train 42
#Top pat = 5
  0.4000
  0.8000
  0.8000
  1.2000
  1.2000
  3.0000
  3.0000
  3.2000
  3.4000
  3.4000
  5.0000
  5.0000
  5.0000
  5.2000
  5.4000
  5.8000
  6.2000
  6.4000
  8.8000
  9.0000
  9.0000
  9.0000
  9.0000
  9.0000
  9.0000
  9.8000
  9.8000
  9.8000
  9.8000
  9.8000
  9.8000
 10.4000
 10.6000
 10.6000
 10.6000
 10.6000
 10.6000
 10.6000
 11.2000
 12.2000
 12.2000
 12.2000
 12.8000
 12.8000
 13.0000
 13.0000
 13.2000
 14.0000
 14.4000
 15.6000
 15.6000
 16.0000
 16.2000
 16.2000
 16.2000
 16.2000
 17.0000
 17.0000
 17.0000
 17.0000
 17.0000
 17.0000
 18.0000
 19.6000
 19.6000
 20.8000
 20.8000
 21.4000
 22.0000
 22.8000
 23.2000
 24.0000
 24.0000
 24.0000
 25.2000
 25.4000
 26.6000
 26.6000
 26.6000
 26.6000
 26.8000
 27.4000
 27.4000
 27.4000
 27.4000
 27.4000
 27.4000
 27.4000
 27.4000
 27.4000
 28.4000
 33.8000
 33.8000
 33.8000
 33.8000
 33.8000
 33.8000
 34.6000
 34.6000
 34.6000


