#..\..\..\Net100seed42.net EPdeltaInput0.5-Epoch4.train 42
#Top pat = 5
  0.4000
  0.4000
  0.6000
  0.8000
  2.8000
  2.8000
  3.0000
  3.2000
  5.8000
  5.8000
  5.8000
  5.8000
  5.8000
  5.8000
  5.8000
  5.8000
  5.8000
  6.4000
  6.6000
  6.6000
  6.6000
  6.6000
  6.6000
  6.6000
  6.6000
  6.6000
  6.6000
  6.6000
  6.6000
  6.6000
  7.2000
  8.2000
  8.2000
  8.2000
  8.2000
  8.2000
  8.2000
  8.2000
  8.2000
  8.2000
  8.2000
  8.4000
  8.8000
  9.0000
  9.0000
  9.0000
  9.0000
  9.2000
  9.2000
 10.2000
 10.4000
 10.6000
 10.6000
 10.8000
 12.0000
 12.0000
 12.0000
 12.6000
 13.0000
 13.0000
 13.0000
 13.0000
 13.0000
 13.0000
 13.0000
 13.0000
 13.0000
 16.8000
 17.2000
 18.0000
 18.2000
 19.2000
 19.2000
 19.2000
 19.6000
 19.6000
 22.4000
 27.2000
 27.2000
 27.4000
 27.4000
 27.4000
 27.4000
 27.4000
 28.8000
 29.8000
 29.8000
 29.8000
 29.8000
 29.8000
 29.8000
 29.8000
 29.8000
 29.8000
 29.8000
 30.0000
 30.8000
 35.8000
 38.0000
 40.4000


