#..\..\..\Net100seed42.net EPdeltaInput0.5-Epoch4.train 42
#Top pat = 5
  1.2000
  2.0000
  5.2000
  5.2000
  6.0000
  6.2000
  7.6000
  9.6000
  9.8000
  9.8000
  9.8000
 11.4000
 12.0000
 12.2000
 12.2000
 12.8000
 13.6000
 14.4000
 14.8000
 15.2000
 15.2000
 15.4000
 15.4000
 15.4000
 15.4000
 15.4000
 15.4000
 15.4000
 15.8000
 16.2000
 16.2000
 16.8000
 16.8000
 17.0000
 17.0000
 17.0000
 17.6000
 17.6000
 17.8000
 17.8000
 17.8000
 18.0000
 18.4000
 18.4000
 18.6000
 18.6000
 18.6000
 19.4000
 19.4000
 19.4000
 19.4000
 19.4000
 19.4000
 19.8000
 20.2000
 20.2000
 20.2000
 20.2000
 20.2000
 20.2000
 20.2000
 20.2000
 20.2000
 21.0000
 21.0000
 21.0000
 21.6000
 22.0000
 22.2000
 22.4000
 22.8000
 24.2000
 24.2000
 24.2000
 24.2000
 24.2000
 24.2000
 24.8000
 25.0000
 25.0000
 25.0000
 25.2000
 25.2000
 25.8000
 25.8000
 25.8000
 25.8000
 26.0000
 26.0000
 26.6000
 26.6000
 26.6000
 26.6000
 26.6000
 26.6000
 28.4000
 29.2000
 31.0000
 32.0000
 38.2000


