#..\..\..\Net100seed42.net EPdeltaInput0.5-Epoch4.train 42
#Top pat = 5
-39.6000
-35.6000
-22.4000
-22.4000
-22.2000
-22.2000
-22.2000
-21.2000
-20.6000
-20.6000
-20.6000
-20.6000
-20.6000
-20.0000
-19.8000
-19.8000
-19.8000
-19.8000
-19.8000
-19.8000
-19.6000
-19.4000
-19.2000
-18.2000
-18.2000
-18.2000
-18.2000
-18.2000
-18.2000
-18.2000
-18.2000
-18.2000
-18.2000
-18.0000
-18.0000
-17.6000
-16.6000
-16.6000
-16.6000
-16.6000
-16.4000
-16.0000
-16.0000
-15.8000
-15.8000
-14.2000
-14.2000
-14.2000
-12.0000
 -3.6000
 -3.2000
 -0.8000
  0.2000
  1.6000
  4.2000
 14.2000
 14.2000
 14.2000
 14.2000
 14.2000
 14.2000
 14.2000
 15.6000
 15.8000
 15.8000
 15.8000
 15.8000
 15.8000
 16.6000
 17.8000
 18.2000
 18.2000
 18.4000
 18.8000
 19.6000
 19.6000
 19.8000
 19.8000
 19.8000
 19.8000
 19.8000
 19.8000
 20.6000
 20.6000
 20.6000
 20.6000
 20.8000
 21.2000
 21.2000
 21.2000
 21.6000
 22.2000
 22.2000
 22.4000
 22.4000
 30.6000
 35.2000
 37.0000
 38.8000
 40.6000


