#..\..\..\Net100seed42.net EPdeltaInput0.5-Epoch4.train 42
#Top pat = 5
-33.2000
-27.0000
-26.8000
-26.6000
-25.8000
-25.8000
-25.8000
-24.6000
-22.8000
-22.6000
-22.6000
-22.6000
-22.6000
-22.6000
-21.8000
-21.8000
-21.2000
-20.8000
-20.4000
-19.4000
-19.2000
-18.8000
-18.8000
-18.6000
-18.6000
-18.6000
-18.6000
-18.6000
-18.6000
-17.8000
-17.8000
-17.4000
-16.6000
-16.0000
-15.4000
-15.4000
-15.4000
-15.2000
-14.8000
-14.6000
-14.6000
-14.6000
-14.0000
-12.8000
-12.8000
-11.4000
-10.6000
 -7.2000
 -7.2000
 -4.0000
 -3.2000
 -2.4000
 -2.4000
  4.4000
  7.0000
  9.6000
 10.6000
 11.2000
 12.2000
 12.8000
 14.6000
 14.6000
 14.6000
 14.8000
 15.2000
 16.8000
 18.2000
 18.6000
 18.6000
 18.6000
 18.6000
 18.6000
 18.6000
 19.4000
 19.4000
 19.6000
 21.8000
 21.8000
 22.0000
 22.6000
 22.6000
 22.6000
 22.6000
 23.4000
 23.4000
 23.4000
 23.4000
 23.4000
 23.4000
 25.8000
 25.8000
 25.8000
 25.8000
 25.8000
 25.8000
 26.6000
 26.6000
 27.6000
 38.0000
 38.8000


