#..\..\..\Net100seed42.net EPdeltaInput0.5-Epoch4.train 42
#Top pat = 5
-44.2000
-33.6000
-28.2000
-27.6000
-24.6000
-24.6000
-24.6000
-24.0000
-23.8000
-22.0000
-21.6000
-21.6000
-20.0000
-19.8000
-19.8000
-19.8000
-19.8000
-19.6000
-19.6000
-19.0000
-19.0000
-19.0000
-19.0000
-19.0000
-19.0000
-19.0000
-19.0000
-19.0000
-19.0000
-19.0000
-19.0000
-19.0000
-18.2000
-18.2000
-18.2000
-18.2000
-18.2000
-18.2000
-18.2000
-17.2000
-17.0000
-16.4000
-14.2000
-14.2000
-13.4000
-12.8000
-10.8000
 -4.8000
 -4.0000
 -3.8000
  4.8000
  8.4000
 11.4000
 13.4000
 13.4000
 14.2000
 14.4000
 15.2000
 15.4000
 16.0000
 16.8000
 16.8000
 17.2000
 17.2000
 17.2000
 17.6000
 18.2000
 18.2000
 19.0000
 19.0000
 19.0000
 19.0000
 19.0000
 19.0000
 19.0000
 19.0000
 19.0000
 19.6000
 19.8000
 19.8000
 19.8000
 19.8000
 19.8000
 21.2000
 22.0000
 23.2000
 23.2000
 23.6000
 23.8000
 23.8000
 23.8000
 23.8000
 23.8000
 24.2000
 24.4000
 24.6000
 24.6000
 24.6000
 24.6000
 24.6000


