#..\..\Net100seed42.net EPdeltaNoNoise5-Epoch1.train 42
#Top pat = 5
  0.0000
  0.0000
  0.0000
  0.6000
  0.6000
  0.6000
  1.0000
  1.0000
  1.0000
  1.0000
  1.4000
  1.4000
  1.6000
  1.6000
  1.6000
  1.6000
  2.0000
  2.0000
  2.0000
  2.6000
  2.6000
  2.6000
  2.6000
  2.6000
  2.6000
  2.8000
  3.8000
  3.8000
  3.8000
  3.8000
  4.0000
  4.0000
  4.0000
  4.0000
  4.0000
  4.0000
  4.4000
  4.4000
  4.4000
  4.4000
  4.8000
  4.8000
  4.8000
  5.2000
  5.4000
  5.4000
  5.4000
  5.4000
  5.4000
  5.4000
  5.8000
  5.8000
  5.8000
  5.8000
  5.8000
  5.8000
  6.4000
  6.4000
  6.8000
  6.8000
  7.2000
  7.2000
  8.6000
  8.6000
  8.6000
  8.6000
  9.6000
  9.8000
  9.8000
  9.8000
  9.8000
  9.8000
 11.6000
 12.2000
 12.2000
 12.6000
 12.6000
 13.0000
 13.0000
 13.0000
 13.2000
 13.2000
 13.2000
 13.2000
 14.2000
 14.2000
 14.2000
 15.4000
 15.4000
 15.4000
 15.4000
 15.4000
 19.8000
 19.8000
 19.8000
 19.8000
 19.8000
 20.8000
 20.8000
 20.8000


