#..\..\Net100seed42.net EPdeltaNoNoise5-Epoch1.train 42
#Top pat = 5
  0.0000
  0.0000
  0.0000
  0.4000
  0.4000
  0.4000
  0.4000
  0.6000
  0.6000
  0.6000
  0.6000
  1.4000
  1.4000
  1.4000
  1.4000
  1.4000
  1.4000
  1.4000
  1.4000
  1.4000
  1.4000
  2.6000
  2.6000
  3.0000
  3.0000
  3.0000
  3.2000
  3.6000
  3.6000
  3.6000
  3.6000
  3.6000
  4.2000
  4.2000
  4.2000
  4.2000
  5.6000
  5.6000
  5.8000
  5.8000
  5.8000
  6.2000
  6.2000
  6.8000
  6.8000
  6.8000
  6.8000
  6.8000
  6.8000
  7.8000
  7.8000
  7.8000
  8.0000
  8.0000
  8.0000
  8.2000
  8.2000
  8.2000
  8.2000
  8.2000
  9.0000
  9.0000
  9.0000
  9.0000
  9.0000
  9.0000
 10.4000
 11.4000
 11.4000
 11.4000
 11.4000
 11.8000
 11.8000
 11.8000
 11.8000
 11.8000
 13.6000
 13.6000
 13.6000
 14.0000
 14.6000
 14.6000
 14.6000
 14.6000
 14.6000
 16.0000
 16.0000
 16.0000
 16.8000
 16.8000
 17.0000
 17.0000
 18.2000
 18.2000
 19.2000
 19.2000
 19.2000
 19.2000
 19.2000
 19.2000


