#..\..\Net100seed42.net EPdeltaNoNoise5-Epoch1.train 42
#Top pat = 5
-17.0000
-17.0000
-17.0000
-16.6000
-16.6000
-16.6000
-16.6000
-16.6000
-15.2000
-15.2000
-15.2000
-14.6000
-14.6000
-14.6000
-14.6000
-14.6000
-14.4000
-14.4000
-14.4000
-14.0000
-12.6000
-12.6000
-12.0000
-12.0000
 -2.8000
 -2.8000
 -2.8000
 -2.8000
 -2.2000
 -2.2000
 -2.2000
 -1.4000
 -1.4000
 -1.4000
 -1.2000
 -1.2000
 -1.2000
 -1.0000
 -1.0000
 -1.0000
 -1.0000
 -0.6000
 -0.6000
 -0.6000
 -0.6000
 -0.6000
 -0.6000
  0.0000
  0.0000
  0.0000
  0.8000
  0.8000
  1.0000
  1.0000
  1.0000
  1.0000
  1.0000
  2.0000
  2.0000
  2.0000
  2.0000
  3.2000
  3.4000
  3.4000
  3.4000
  3.4000
  3.4000
  3.4000
  4.2000
  4.2000
  4.2000
  4.2000
  4.2000
  4.2000
  5.6000
  5.6000
  5.6000
  5.6000
  5.6000
  5.6000
  5.6000
  5.6000
  5.6000
 14.8000
 16.4000
 16.4000
 17.2000
 17.4000
 17.4000
 17.4000
 17.4000
 17.8000
 17.8000
 18.4000
 19.8000
 19.8000
 19.8000
 19.8000
 19.8000
 19.8000


