#..\..\Net100seed42.net EPdeltaNoNoise5-Epoch1.train 42
#Top pat = 5
-18.4000
-18.4000
-18.4000
-18.4000
-18.4000
-18.4000
-16.0000
-16.0000
-16.0000
-16.0000
-14.6000
-14.6000
-14.6000
-14.6000
-14.6000
-14.6000
-14.2000
-14.2000
-13.2000
-13.0000
-13.0000
-12.8000
-12.8000
-10.6000
-10.6000
-10.6000
-10.6000
-10.6000
-10.6000
-10.6000
-10.6000
-10.6000
-10.4000
-10.4000
-10.4000
 -9.2000
 -9.2000
 -9.2000
 -9.2000
 -8.8000
 -8.8000
 -8.8000
 -7.8000
 -7.8000
 -7.8000
 -7.8000
 -7.8000
 -7.4000
 -7.4000
 -7.4000
 -7.4000
 -7.4000
 -6.2000
 -6.2000
 -5.0000
 -5.0000
 -5.0000
 -3.8000
 -3.8000
 -3.8000
 -3.8000
 -3.8000
 -3.8000
 -3.8000
 -3.8000
 -2.4000
 -2.4000
 -2.4000
 -1.4000
 -1.4000
 -1.4000
 -1.4000
 -1.4000
 -1.4000
 -0.4000
  0.0000
  0.0000
  0.0000
  0.4000
  1.0000
  1.0000
  1.0000
  1.0000
  2.2000
  2.2000
  2.2000
  2.6000
  2.6000
  3.6000
  3.6000
  3.6000
  3.6000
  3.6000
  3.6000
  6.8000
  6.8000
  6.8000
  7.8000
  7.8000
  7.8000


