#..\..\Net100seed42.net EPdeltaNoNoise5-Epoch1.train 42
#Top pat = 5
-18.2000
-18.2000
-18.2000
-17.2000
-17.2000
-12.4000
-12.4000
-12.4000
-11.4000
-11.4000
 -5.8000
 -5.8000
 -5.8000
 -5.8000
 -4.8000
 -3.4000
 -3.4000
 -3.4000
 -3.2000
 -3.2000
 -3.2000
 -2.8000
 -2.8000
 -2.8000
 -2.8000
 -2.6000
 -2.6000
 -2.6000
 -2.6000
 -2.6000
 -2.6000
  0.0000
  0.0000
  0.0000
  0.6000
  0.6000
  0.6000
  0.6000
  2.4000
  2.4000
  2.4000
  2.6000
  2.6000
  2.6000
  2.6000
  6.8000
  7.0000
  7.0000
  7.0000
  7.0000
  7.2000
  7.2000
  7.4000
  7.4000
  7.4000
  7.4000
  7.4000
  8.8000
  9.0000
  9.0000
  9.0000
  9.0000
  9.0000
 12.4000
 12.4000
 12.4000
 12.4000
 12.6000
 12.6000
 12.6000
 12.6000
 12.6000
 12.6000
 14.0000
 14.2000
 14.2000
 14.2000
 14.2000
 14.2000
 18.2000
 18.2000
 18.2000
 18.4000
 18.4000
 18.8000
 19.0000
 19.0000
 19.8000
 19.8000
 20.0000
 20.0000
 20.0000
 20.8000
 20.8000
 20.8000
 20.8000
 20.8000
 20.8000
 21.0000
 21.0000


