#..\..\Net100seed42.net EPdeltaNoNoise5-Epoch1.train 42
#Top pat = 5
 -1.0000
 -1.0000
 -1.0000
 -1.0000
 -1.0000
 -1.0000
 -0.6000
 -0.6000
 -0.6000
 -0.6000
  0.0000
  0.0000
  0.0000
  0.0000
  0.0000
  2.0000
  2.0000
  2.0000
  2.0000
  2.2000
  2.2000
  2.2000
  2.2000
  3.0000
  3.0000
  3.0000
  3.2000
  3.8000
  3.8000
  3.8000
  3.8000
  3.8000
  3.8000
  3.8000
  3.8000
  3.8000
  4.4000
  4.4000
  4.4000
  5.2000
  6.8000
  7.6000
  7.6000
  8.2000
  8.2000
 11.6000
 12.0000
 12.0000
 12.0000
 12.2000
 12.2000
 13.6000
 13.6000
 14.4000
 14.6000
 14.6000
 14.6000
 14.6000
 14.6000
 15.0000
 15.0000
 15.0000
 15.2000
 15.2000
 15.2000
 15.8000
 15.8000
 15.8000
 15.8000
 15.8000
 15.8000
 16.0000
 16.0000
 16.0000
 16.0000
 16.0000
 16.0000
 16.6000
 16.6000
 16.6000
 16.6000
 16.6000
 16.8000
 16.8000
 16.8000
 17.4000
 17.4000
 17.4000
 17.4000
 17.4000
 18.8000
 18.8000
 18.8000
 18.8000
 19.0000
 19.0000
 19.8000
 19.8000
 19.8000
 19.8000


