#..\..\Net100seed42.net EPdeltaNoNoise5-Epoch1.train 42
#Top pat = 5
-16.8000
-16.8000
-16.8000
-16.8000
-16.8000
-16.8000
-16.8000
-16.8000
-16.8000
-16.2000
-16.2000
-16.2000
-16.2000
-16.2000
-16.2000
-16.0000
-14.4000
-14.4000
-14.2000
-14.2000
-14.0000
-13.6000
-13.6000
-13.6000
 -2.2000
 -2.2000
 -2.2000
 -2.2000
 -2.2000
 -2.2000
 -1.6000
 -1.4000
 -1.4000
 -1.4000
 -1.4000
  0.0000
  0.0000
  0.0000
  0.0000
  0.0000
  0.2000
  0.2000
  0.2000
  0.2000
  0.2000
  0.2000
  0.6000
  0.6000
  0.6000
  0.6000
  1.8000
  1.8000
  2.6000
  2.6000
  2.6000
  2.6000
  2.6000
  2.6000
  2.6000
  2.6000
  2.6000
  2.8000
  2.8000
  2.8000
  2.8000
  4.0000
  4.0000
  4.0000
  4.2000
  4.2000
  4.2000
  4.2000
  4.2000
  4.6000
  4.6000
  4.6000
  4.6000
  4.6000
  5.0000
  5.0000
  5.0000
 16.4000
 17.0000
 17.0000
 17.2000
 17.2000
 17.2000
 19.0000
 19.0000
 19.0000
 19.6000
 19.6000
 19.6000
 19.6000
 19.6000
 19.6000
 19.6000
 19.8000
 19.8000
 19.8000


