#..\..\Net100seed42.net EPdeltaNoNoise5-Epoch1.train 42
#Top pat = 5
-14.4000
-14.4000
-14.4000
-14.4000
-14.4000
-14.4000
-13.6000
-12.6000
-12.6000
-12.4000
-12.2000
-12.2000
-11.4000
-11.4000
-11.4000
-11.4000
-11.4000
-10.4000
-10.4000
-10.4000
-10.2000
-10.2000
-10.2000
-10.2000
-10.2000
 -9.6000
 -9.6000
 -9.6000
 -9.0000
 -9.0000
 -9.0000
 -9.0000
 -9.0000
 -9.0000
 -8.0000
 -8.0000
 -7.4000
 -7.4000
 -7.4000
 -7.4000
 -7.2000
 -7.2000
 -7.2000
 -6.8000
 -6.8000
 -6.8000
 -6.8000
 -6.2000
 -6.2000
 -5.8000
 -5.8000
 -5.8000
 -5.8000
 -5.8000
 -5.4000
 -5.4000
 -5.4000
 -5.4000
 -5.0000
 -5.0000
 -5.0000
 -4.8000
 -4.8000
 -4.6000
 -4.6000
 -4.6000
 -4.6000
 -4.6000
 -4.6000
 -3.6000
 -2.8000
 -2.2000
 -2.2000
 -2.2000
 -2.0000
 -2.0000
 -2.0000
 -2.0000
 -1.4000
 -1.4000
 -1.4000
 -1.4000
 -0.8000
  0.0000
  0.0000
  0.0000
  0.2000
  0.2000
  0.2000
  0.2000
  5.0000
  5.0000
  5.2000
  5.2000
  6.8000
  6.8000
  6.8000
  7.0000
  7.0000
  7.0000


