#Top pat = 5
  0.0000
  0.0000
  0.0000
  0.2000
  0.2000
  0.2000
  0.2000
  0.2000
  0.2000
  0.2000
  0.2000
  0.2000
  0.2000
  0.2000
  0.4000
  0.4000
  0.4000
  0.4000
  1.0000
  1.0000
  1.0000
  1.0000
  1.0000
  1.6000
  1.6000
  1.6000
  1.6000
  1.6000
  1.6000
  1.6000
  1.6000
  1.6000
  1.8000
  1.8000
  1.8000
  1.8000
  2.8000
  2.8000
  2.8000
  2.8000
  3.4000
  3.4000
  3.4000
 15.2000
 15.2000
 15.2000
 15.2000
 15.2000
 16.6000
 16.6000
 16.6000
 16.6000
 16.8000
 16.8000
 16.8000
 16.8000
 16.8000
 16.8000
 16.8000
 16.8000
 16.8000
 16.8000
 16.8000
 17.0000
 17.0000
 17.2000
 17.2000
 17.2000
 17.2000
 17.2000
 17.2000
 17.2000
 17.2000
 17.4000
 17.4000
 17.4000
 18.4000
 18.4000
 18.4000
 18.4000
 18.4000
 18.4000
 18.4000
 18.4000
 18.4000
 18.4000
 18.6000
 18.6000
 18.6000
 18.6000
 19.2000
 19.2000
 19.2000
 19.4000
 19.4000
 19.4000
 19.8000
 20.2000
 20.2000
 20.2000


