#Top pat = 5
  0.0000
  0.0000
  0.0000
  1.0000
  1.8000
  1.8000
  1.8000
  2.4000
  2.4000
  2.4000
  2.4000
  2.4000
  3.0000
  3.0000
  3.0000
  3.2000
  3.2000
  3.2000
  3.2000
  3.2000
  3.2000
  3.2000
  3.2000
  3.2000
  3.8000
  3.8000
  3.8000
  3.8000
  5.6000
  5.6000
  5.6000
  5.6000
 13.2000
 13.2000
 13.2000
 13.2000
 13.2000
 13.2000
 13.2000
 13.2000
 13.6000
 13.6000
 13.6000
 13.6000
 13.6000
 13.6000
 13.6000
 14.0000
 14.0000
 14.0000
 14.0000
 14.2000
 14.2000
 14.2000
 14.2000
 15.0000
 15.0000
 15.0000
 15.0000
 15.6000
 15.6000
 15.6000
 15.6000
 15.8000
 15.8000
 15.8000
 16.8000
 16.8000
 16.8000
 16.8000
 16.8000
 16.8000
 16.8000
 17.4000
 17.4000
 17.8000
 17.8000
 17.8000
 17.8000
 18.2000
 18.2000
 18.2000
 18.4000
 18.4000
 18.4000
 18.4000
 18.4000
 18.4000
 19.0000
 19.0000
 19.0000
 19.0000
 19.0000
 19.0000
 19.0000
 19.8000
 19.8000
 19.8000
 19.8000
 19.8000


