#Top pat = 5
  0.0000
  0.0000
  0.0000
  2.6000
  2.6000
  2.6000
  2.6000
  2.6000
  3.2000
  3.2000
  3.2000
  3.2000
  3.2000
  3.2000
  3.8000
  3.8000
  3.8000
  3.8000
  3.8000
  5.6000
  5.6000
  5.6000
  5.6000
  5.6000
  6.2000
  6.2000
  6.2000
  6.2000
  6.2000
  7.0000
  7.0000
  7.0000
  7.0000
  7.0000
  7.0000
  7.0000
 11.0000
 11.0000
 11.0000
 12.4000
 12.4000
 12.4000
 12.4000
 12.4000
 12.4000
 12.4000
 12.4000
 12.4000
 12.4000
 12.4000
 12.4000
 14.4000
 14.4000
 15.2000
 15.2000
 15.8000
 15.8000
 15.8000
 15.8000
 15.8000
 15.8000
 15.8000
 15.8000
 15.8000
 15.8000
 15.8000
 15.8000
 15.8000
 15.8000
 16.0000
 16.0000
 16.0000
 16.0000
 16.0000
 16.0000
 16.0000
 16.8000
 16.8000
 16.8000
 16.8000
 18.6000
 18.6000
 18.6000
 18.8000
 18.8000
 18.8000
 18.8000
 19.2000
 19.2000
 19.2000
 19.2000
 19.2000
 19.2000
 19.2000
 19.2000
 19.2000
 19.2000
 19.2000
 19.2000
 19.8000


