#Top pat = 5
  0.0000
  0.0000
  0.0000
  0.2000
  0.2000
  0.2000
  0.2000
  0.2000
  0.2000
  0.4000
  0.4000
  0.4000
  0.4000
  0.4000
  0.4000
  0.4000
  0.4000
  1.0000
  1.0000
  1.0000
  1.0000
  1.0000
  1.0000
  1.6000
  1.6000
  1.6000
  1.6000
  1.6000
  1.6000
  1.6000
  1.6000
  1.6000
  1.8000
  1.8000
  1.8000
 16.8000
 16.8000
 17.0000
 17.0000
 17.0000
 17.4000
 17.4000
 17.4000
 17.4000
 17.4000
 17.4000
 17.4000
 17.6000
 17.6000
 17.6000
 17.6000
 17.6000
 17.6000
 17.6000
 17.6000
 17.6000
 17.6000
 17.6000
 17.6000
 17.6000
 17.6000
 18.4000
 18.4000
 18.4000
 18.4000
 18.6000
 18.6000
 18.6000
 18.8000
 18.8000
 18.8000
 18.8000
 19.2000
 19.2000
 19.2000
 19.2000
 19.2000
 19.2000
 19.2000
 19.2000
 19.2000
 19.4000
 19.4000
 19.4000
 19.4000
 19.4000
 19.4000
 19.4000
 19.4000
 19.4000
 19.4000
 19.4000
 19.4000
 19.4000
 19.4000
 19.6000
 19.6000
 19.6000
 19.6000
 20.6000


