#..\..\..\Net100seed42.net EPdeltaInput0.5-Epoch2.train 42
#Top pat = 5
 -3.0000
 -2.6000
 -2.6000
 -2.4000
 -2.4000
 -2.4000
 -1.6000
 -0.8000
 -0.6000
  0.0000
  0.2000
  0.2000
  0.2000
  0.4000
  0.8000
  1.0000
  1.4000
  1.4000
  1.8000
  1.8000
  2.4000
  2.4000
 15.8000
 15.8000
 15.8000
 15.8000
 16.8000
 17.2000
 17.2000
 17.2000
 17.2000
 17.2000
 17.2000
 17.4000
 17.4000
 17.4000
 18.0000
 18.2000
 18.2000
 18.2000
 18.2000
 18.2000
 18.2000
 18.2000
 18.4000
 18.4000
 18.6000
 18.8000
 18.8000
 18.8000
 19.0000
 19.0000
 19.0000
 19.2000
 19.2000
 19.2000
 19.4000
 19.6000
 19.6000
 19.6000
 19.6000
 19.6000
 19.6000
 19.6000
 19.6000
 19.6000
 19.8000
 19.8000
 19.8000
 19.8000
 19.8000
 19.8000
 19.8000
 19.8000
 20.0000
 20.0000
 20.2000
 20.2000
 20.4000
 20.6000
 20.6000
 20.6000
 20.6000
 20.8000
 20.8000
 20.8000
 21.2000
 21.2000
 21.2000
 21.2000
 21.4000
 21.4000
 21.6000
 21.6000
 21.6000
 21.6000
 21.8000
 21.8000
 38.6000
 40.6000


