#..\..\..\Net100seed42.net EPdeltaInput0.5-Epoch2.train 42
#Top pat = 5
 -2.6000
 -2.6000
 -2.6000
 -1.6000
 -1.4000
 -1.4000
 -1.0000
 -0.8000
 -0.8000
 -0.0000
  1.4000
  1.6000
  1.8000
  1.8000
  2.2000
  2.2000
  2.4000
  2.6000
  3.8000
  4.0000
  4.2000
  4.6000
  4.6000
  4.8000
  4.8000
  5.0000
  8.4000
 11.6000
 13.4000
 13.4000
 13.6000
 14.2000
 14.2000
 14.4000
 16.0000
 16.4000
 16.4000
 16.4000
 16.4000
 16.6000
 16.8000
 16.8000
 16.8000
 17.0000
 17.0000
 17.0000
 17.0000
 17.0000
 17.2000
 17.2000
 17.2000
 17.2000
 17.2000
 17.2000
 17.2000
 17.2000
 18.2000
 18.2000
 18.4000
 18.8000
 18.8000
 19.0000
 19.0000
 19.0000
 19.0000
 19.0000
 19.0000
 19.0000
 19.2000
 19.2000
 19.6000
 19.6000
 19.6000
 19.6000
 19.8000
 19.8000
 19.8000
 21.2000
 21.6000
 21.6000
 21.8000
 22.0000
 22.0000
 22.0000
 22.2000
 22.4000
 22.4000
 22.6000
 23.2000
 23.8000
 23.8000
 23.8000
 24.0000
 24.2000
 24.4000
 24.6000
 24.6000
 24.6000
 24.6000
 30.2000


