#..\..\..\Net100seed42.net EPdeltaInput0.5-Epoch2.train 42
#Top pat = 5
  0.0000
  0.0000
  0.2000
  0.8000
  1.4000
  1.4000
  1.4000
  1.6000
  1.8000
  1.8000
  2.0000
  2.2000
  2.4000
  2.6000
  3.0000
  3.2000
  3.8000
  4.0000
  4.8000
  5.4000
  5.4000
  5.6000
  6.8000
  8.4000
  8.8000
  9.2000
  9.8000
  9.8000
  9.8000
 10.0000
 10.4000
 10.6000
 10.6000
 11.0000
 11.2000
 11.4000
 11.4000
 11.6000
 12.2000
 12.2000
 12.8000
 12.8000
 13.0000
 13.2000
 13.2000
 13.2000
 13.4000
 13.4000
 13.8000
 13.8000
 13.8000
 14.0000
 14.4000
 14.6000
 14.6000
 14.8000
 15.6000
 15.6000
 16.2000
 16.2000
 16.2000
 16.2000
 16.2000
 16.2000
 16.2000
 16.4000
 16.4000
 16.4000
 16.6000
 16.8000
 16.8000
 17.0000
 17.2000
 17.2000
 17.4000
 17.4000
 17.6000
 17.6000
 17.8000
 18.0000
 18.4000
 18.4000
 18.6000
 19.2000
 19.4000
 19.4000
 19.6000
 19.6000
 19.6000
 19.6000
 19.6000
 19.6000
 20.2000
 20.2000
 20.8000
 21.0000
 21.0000
 22.4000
 28.6000
 34.6000


