#..\..\..\Net100seed42.net EPdeltaInput0.5-Epoch2.train 42
#Top pat = 5
 -8.2000
 -6.8000
 -6.2000
 -5.2000
 -4.6000
 -3.8000
 -3.0000
 -2.2000
 -2.2000
 -0.4000
  0.4000
  0.4000
  1.0000
  1.2000
  1.6000
  1.8000
  2.0000
  2.4000
  3.4000
  3.6000
  3.6000
  3.6000
  3.6000
  3.6000
  3.6000
  4.6000
  5.0000
  5.2000
  6.0000
  7.0000
  7.6000
  7.6000
  8.4000
 10.6000
 12.0000
 12.2000
 13.0000
 13.6000
 13.6000
 14.6000
 15.0000
 15.8000
 16.0000
 16.0000
 16.2000
 16.2000
 16.2000
 16.6000
 16.8000
 16.8000
 17.0000
 17.0000
 17.2000
 17.4000
 17.4000
 17.6000
 17.8000
 17.8000
 17.8000
 17.8000
 18.4000
 18.6000
 18.6000
 18.8000
 19.2000
 19.2000
 19.4000
 19.4000
 19.8000
 20.0000
 20.2000
 20.2000
 20.2000
 20.8000
 20.8000
 20.8000
 21.2000
 21.4000
 21.4000
 21.4000
 21.8000
 22.2000
 22.2000
 22.4000
 23.0000
 23.2000
 23.2000
 24.0000
 24.0000
 24.4000
 24.4000
 25.0000
 25.0000
 25.8000
 25.8000
 26.4000
 26.4000
 29.2000
 29.8000
 30.0000


