#..\..\..\Net100seed42.net EPdeltaInput0.5-Epoch2.train 42
#Top pat = 5
  0.0000
  1.2000
  1.6000
  1.8000
  1.8000
  2.4000
  2.4000
  2.6000
  2.6000
  2.6000
  2.6000
  2.6000
  4.6000
  4.6000
  5.4000
  5.4000
  5.6000
  6.0000
  6.4000
  6.4000
  6.6000
  6.6000
  6.6000
  7.2000
  7.2000
  7.4000
  7.4000
  7.8000
  7.8000
  7.8000
  8.0000
  8.0000
  8.8000
  9.0000
  9.4000
  9.4000
  9.6000
  9.6000
  9.6000
  9.8000
 11.4000
 11.4000
 11.4000
 11.4000
 11.6000
 11.6000
 11.6000
 12.0000
 12.2000
 12.2000
 12.2000
 12.2000
 12.4000
 12.4000
 12.4000
 12.4000
 12.4000
 12.4000
 12.4000
 12.4000
 12.4000
 12.4000
 12.6000
 14.2000
 14.6000
 14.8000
 16.2000
 17.0000
 17.0000
 17.0000
 17.0000
 17.2000
 17.2000
 17.6000
 17.8000
 17.8000
 17.8000
 18.0000
 18.0000
 18.0000
 18.0000
 18.0000
 18.0000
 18.2000
 18.2000
 20.0000
 20.6000
 20.6000
 20.8000
 20.8000
 21.0000
 21.0000
 22.4000
 22.6000
 22.6000
 22.6000
 23.2000
 23.2000
 23.2000
 23.6000


