#..\..\..\Net100seed42.net EPdeltaInput0.5-Epoch2.train 42
#Top pat = 5
-37.4000
-33.0000
-24.0000
-22.8000
-22.6000
-21.4000
-20.8000
-20.6000
-20.0000
-19.8000
-19.6000
-19.6000
-19.6000
-19.6000
-19.6000
-19.6000
-19.6000
-19.2000
-18.4000
-18.2000
-18.0000
-17.4000
-17.4000
-16.8000
-16.4000
-16.2000
-14.2000
-13.6000
-12.6000
-12.4000
-11.8000
-11.0000
-10.8000
 -9.4000
 -9.4000
 -9.2000
 -7.4000
 -6.2000
 -5.6000
 -5.6000
 -4.2000
 -4.0000
 -2.2000
 -2.2000
  0.0000
  0.2000
  0.2000
  1.6000
  1.6000
  1.8000
  1.8000
  2.4000
  2.8000
  4.0000
  4.2000
  5.4000
  5.6000
  6.2000
  6.2000
  7.4000
  8.0000
  9.4000
 10.0000
 11.8000
 12.4000
 12.4000
 13.2000
 13.2000
 13.4000
 13.4000
 13.6000
 14.2000
 14.2000
 14.2000
 14.8000
 15.0000
 15.2000
 15.4000
 15.6000
 16.2000
 16.2000
 16.4000
 16.6000
 16.8000
 18.2000
 18.4000
 19.0000
 19.0000
 19.0000
 19.6000
 19.6000
 19.8000
 19.8000
 20.8000
 20.8000
 21.4000
 22.0000
 22.2000
 22.4000
 22.6000


