#..\..\..\Net100seed42.net EPdeltaInput0.5-Epoch2.train 42
#Top pat = 5
-27.6000
-24.0000
-23.0000
-23.0000
-22.4000
-22.2000
-22.2000
-21.2000
-21.2000
-21.2000
-19.8000
-19.6000
-19.6000
-19.2000
-19.0000
-19.0000
-18.0000
-17.8000
-16.2000
-15.2000
-14.4000
-14.2000
-14.2000
-14.0000
-13.0000
-12.8000
-12.6000
-12.6000
-12.4000
-10.2000
-10.2000
 -9.6000
 -8.8000
 -8.6000
 -8.6000
 -8.6000
 -7.4000
 -7.2000
 -7.2000
 -7.0000
 -6.6000
 -6.4000
 -5.6000
 -5.6000
 -5.4000
 -3.2000
 -3.2000
 -2.6000
 -2.4000
 -1.6000
 -0.6000
 -0.4000
  0.4000
  0.6000
  0.6000
  3.4000
  4.8000
  6.6000
  6.6000
  7.2000
  7.4000
  7.8000
  9.6000
  9.8000
 11.0000
 11.0000
 13.6000
 13.8000
 14.0000
 14.0000
 14.0000
 14.0000
 14.0000
 14.2000
 14.2000
 14.2000
 14.2000
 15.6000
 15.6000
 15.8000
 15.8000
 17.2000
 17.8000
 18.0000
 18.0000
 19.0000
 19.6000
 19.8000
 20.0000
 20.2000
 20.2000
 20.8000
 21.4000
 22.2000
 22.8000
 22.8000
 23.0000
 23.0000
 24.0000
 38.0000


