#..\..\..\Net100seed42.net EPdeltaInput0.5-Epoch2.train 42
#Top pat = 5
-30.6000
-23.0000
-20.2000
-20.2000
-19.6000
-19.4000
-18.8000
-18.6000
-18.0000
-18.0000
-18.0000
-18.0000
-18.0000
-18.0000
-17.0000
-17.0000
-13.8000
-13.6000
-13.2000
-13.0000
-12.0000
-12.0000
-12.0000
-11.8000
-11.4000
-11.2000
-11.2000
 -9.8000
 -9.6000
 -9.2000
 -9.0000
 -9.0000
 -8.6000
 -8.4000
 -8.2000
 -7.6000
 -6.6000
 -6.4000
 -6.2000
 -6.2000
 -5.6000
 -5.2000
 -5.0000
 -4.4000
 -3.0000
 -3.0000
 -2.4000
 -2.4000
 -1.6000
 -1.4000
 -0.6000
  0.6000
  1.2000
  1.4000
  3.2000
  4.8000
  5.6000
  5.8000
  5.8000
  6.0000
  6.4000
  6.4000
  7.6000
  8.2000
  8.2000
  8.2000
  8.4000
  8.4000
  8.6000
  9.0000
  9.0000
  9.8000
 11.8000
 11.8000
 12.0000
 13.0000
 13.8000
 14.0000
 14.4000
 15.2000
 16.2000
 16.2000
 16.8000
 16.8000
 16.8000
 17.0000
 17.0000
 17.0000
 18.0000
 18.0000
 18.2000
 18.6000
 19.4000
 19.6000
 19.6000
 20.0000
 20.2000
 20.2000
 20.2000
 20.4000


