#..\..\..\Net100seed42.net EPdeltaInput0.5-Epoch1.train 42
#Top pat = 5
  0.0000
  0.0000
  0.0000
  0.2000
  0.2000
  0.2000
  0.4000
  0.8000
  0.8000
  0.8000
  1.0000
  1.2000
  1.2000
  1.4000
  1.4000
  1.4000
  1.6000
  1.6000
  1.6000
  1.8000
  1.8000
  1.8000
  2.2000
  3.2000
  3.2000
  3.2000
  3.2000
  3.4000
  3.4000
  3.4000
  3.4000
  3.4000
  3.4000
  3.4000
  3.8000
  3.8000
  4.0000
  4.4000
  4.4000
  4.6000
  4.6000
  4.8000
  4.8000
  5.0000
  5.0000
  5.6000
  5.6000
  5.6000
  5.8000
  5.8000
  5.8000
  5.8000
  5.8000
  5.8000
  6.0000
  6.4000
  6.4000
  6.6000
  6.6000
  6.6000
  6.6000
  7.0000
  7.4000
  8.4000
  8.8000
  9.2000
  9.4000
  9.4000
  9.4000
  9.6000
  9.6000
  9.6000
  9.8000
  9.8000
 10.6000
 10.8000
 10.8000
 10.8000
 10.8000
 10.8000
 11.0000
 11.4000
 12.2000
 12.4000
 12.4000
 12.8000
 12.8000
 14.2000
 14.6000
 15.6000
 16.0000
 16.4000
 17.8000
 17.8000
 18.6000
 20.0000
 20.2000
 20.2000
 23.6000
 25.0000


