#..\..\..\Net100seed42.net EPdeltaInput0.5-Epoch1.train 42
#Top pat = 5
  0.0000
  0.0000
  0.0000
  0.0000
  0.2000
  0.6000
  0.8000
  0.8000
  0.8000
  1.0000
  1.0000
  1.0000
  1.0000
  1.2000
  1.2000
  1.2000
  1.4000
  1.4000
  1.6000
  1.6000
  2.0000
  2.2000
  2.2000
  2.6000
  2.6000
  2.6000
  3.0000
  3.0000
  3.2000
  3.2000
  3.2000
  3.2000
  3.2000
  3.6000
  3.8000
  4.4000
  4.6000
  4.6000
  4.6000
  4.6000
  4.6000
  4.6000
  4.8000
  4.8000
  5.4000
  5.4000
  5.4000
  5.4000
  5.4000
  5.6000
  5.6000
  5.6000
  5.6000
  5.6000
  6.4000
  6.6000
  6.8000
  6.8000
  7.0000
  7.2000
  7.4000
  7.4000
  7.8000
  7.8000
  7.8000
  8.0000
  8.2000
  8.4000
  8.6000
  9.2000
  9.4000
  9.4000
  9.4000
  9.4000
  9.4000
  9.4000
  9.4000
  9.4000
  9.6000
 10.2000
 10.2000
 10.4000
 11.4000
 11.6000
 11.6000
 12.0000
 12.0000
 12.6000
 13.2000
 14.0000
 14.2000
 14.2000
 14.8000
 15.2000
 16.2000
 16.6000
 17.2000
 17.2000
 17.4000
 18.8000


