#..\..\..\Net100seed42.net EPdeltaInput0.5-Epoch1.train 42
#Top pat = 5
  0.0000
  0.0000
  0.0000
  0.4000
  0.4000
  0.4000
  0.4000
  0.6000
  1.4000
  1.4000
  1.4000
  1.6000
  2.2000
  2.2000
  2.2000
  2.2000
  2.2000
  2.2000
  2.2000
  2.2000
  2.4000
  2.4000
  3.0000
  3.0000
  3.2000
  3.2000
  3.2000
  3.2000
  3.6000
  3.6000
  3.8000
  3.8000
  3.8000
  4.0000
  4.8000
  5.0000
  5.0000
  5.0000
  5.2000
  5.8000
  5.8000
  5.8000
  6.2000
  6.4000
  6.4000
  6.4000
  7.0000
  7.0000
  7.2000
  7.2000
  7.2000
  7.8000
  8.0000
  8.0000
  8.0000
  8.2000
  8.4000
  8.6000
  8.6000
  8.8000
  9.0000
  9.2000
  9.2000
  9.4000
  9.4000
  9.6000
  9.8000
  9.8000
  9.8000
 11.0000
 11.0000
 11.0000
 11.0000
 11.0000
 11.0000
 11.2000
 11.4000
 12.0000
 12.0000
 12.4000
 12.4000
 12.4000
 13.0000
 13.2000
 13.4000
 13.6000
 14.2000
 14.2000
 14.4000
 14.6000
 15.0000
 15.6000
 18.2000
 18.2000
 19.0000
 19.2000
 19.6000
 19.6000
 20.4000
 20.6000


