#..\..\..\Net100seed42.net EPdeltaInput0.5-Epoch1.train 42
#Top pat = 5
-26.4000
-24.4000
-21.8000
-21.0000
-20.8000
-20.8000
-20.4000
-19.8000
-19.8000
-19.8000
-17.8000
-17.8000
-17.4000
-17.0000
-16.8000
-16.2000
-16.0000
-16.0000
-15.0000
-14.0000
-13.6000
-13.6000
 -6.8000
 -6.8000
 -6.6000
 -4.4000
 -4.2000
 -3.8000
 -3.8000
 -3.6000
 -3.4000
 -3.4000
 -3.0000
 -3.0000
 -3.0000
 -2.6000
 -2.6000
 -2.4000
 -2.2000
 -1.6000
 -1.6000
 -1.4000
 -1.4000
 -1.2000
 -1.2000
 -1.0000
 -0.6000
 -0.6000
  0.0000
  0.0000
  0.0000
  0.0000
 -0.0000
  1.0000
  1.0000
  2.0000
  2.2000
  2.2000
  2.4000
  2.4000
  2.4000
  2.6000
  2.6000
  2.6000
  3.0000
  3.4000
  3.4000
  3.6000
  4.0000
  4.2000
  4.6000
  4.8000
  5.2000
  5.4000
  7.0000
 11.6000
 12.0000
 13.6000
 16.0000
 16.0000
 17.2000
 17.4000
 17.6000
 18.6000
 19.2000
 19.6000
 19.8000
 20.2000
 20.2000
 20.2000
 20.4000
 20.4000
 21.0000
 21.2000
 21.8000
 22.2000
 23.2000
 23.2000
 25.0000
 25.8000


