#..\..\..\Net100seed42.net EPdeltaInput0.5-Epoch1.train 42
#Top pat = 5
-23.0000
-22.6000
-22.2000
-21.6000
-20.8000
-19.8000
-19.8000
-19.8000
-19.8000
-19.8000
-19.6000
-19.2000
-18.8000
-18.2000
-18.2000
-17.4000
-17.2000
-17.2000
-17.2000
-16.8000
-16.0000
-15.8000
-14.8000
-14.4000
-14.0000
-12.0000
 -6.6000
 -6.2000
 -5.6000
 -5.6000
 -5.2000
 -4.0000
 -3.4000
 -3.4000
 -3.4000
 -2.6000
 -2.4000
 -2.4000
 -2.4000
 -2.2000
 -2.2000
 -1.4000
 -1.0000
 -1.0000
 -0.8000
 -0.6000
  0.0000
  0.0000
  0.0000
  0.2000
  0.2000
  0.2000
  0.8000
  1.0000
  1.0000
  1.2000
  1.4000
  1.4000
  2.2000
  2.2000
  2.2000
  2.2000
  2.8000
  3.6000
  3.8000
  4.4000
  4.4000
  5.6000
  7.8000
 12.0000
 12.4000
 14.8000
 15.0000
 16.0000
 16.2000
 17.0000
 17.4000
 17.6000
 17.8000
 18.4000
 18.4000
 18.4000
 18.8000
 19.8000
 19.8000
 19.8000
 20.4000
 20.6000
 20.6000
 20.6000
 20.8000
 20.8000
 21.8000
 22.2000
 22.4000
 23.0000
 23.2000
 25.4000
 25.4000
 26.0000


