#..\..\..\Net100seed42.net EPdeltaInput0.5-Epoch1.train 42
#Top pat = 5
-24.6000
-22.2000
-22.2000
-21.4000
-19.8000
-19.8000
-19.8000
-19.8000
-19.6000
-19.6000
-19.6000
-19.6000
-19.2000
-19.0000
-19.0000
-19.0000
-18.8000
-17.2000
-17.2000
-17.0000
-16.8000
-16.6000
-16.4000
-14.4000
-14.0000
-13.6000
 -6.4000
 -5.0000
 -4.8000
 -4.6000
 -3.2000
 -2.8000
 -2.6000
 -2.6000
 -2.6000
 -2.6000
 -2.6000
 -2.4000
 -2.4000
 -2.4000
 -2.4000
 -2.2000
 -2.0000
 -2.0000
 -1.6000
 -1.0000
 -0.8000
 -0.6000
 -0.2000
  0.0000
  0.0000
 -0.0000
  0.0000
  0.0000
  0.0000
 -0.0000
  0.2000
  0.2000
  0.2000
  0.8000
  0.8000
  1.0000
  1.4000
  1.4000
  1.6000
  2.0000
  2.0000
  2.2000
  2.2000
  2.2000
  2.6000
  2.6000
  3.4000
  4.8000
 14.0000
 14.4000
 16.6000
 16.8000
 16.8000
 17.0000
 17.0000
 17.0000
 17.2000
 18.2000
 19.0000
 19.0000
 19.0000
 19.0000
 19.8000
 19.8000
 19.8000
 19.8000
 21.8000
 22.2000
 23.8000
 24.0000
 24.4000
 24.4000
 24.6000
 24.8000


