#..\..\..\Net100seed42.net EPdeltaInput0.5-Epoch1.train 42
#Top pat = 5
-21.4000
-20.8000
-17.4000
-17.4000
-15.6000
-15.0000
-14.4000
-14.2000
-14.2000
-13.6000
-13.6000
-13.4000
-13.0000
-11.6000
-11.4000
-10.8000
-10.8000
-10.8000
-10.6000
-10.6000
 -9.8000
 -8.4000
 -8.4000
 -8.0000
 -7.8000
 -6.4000
 -4.6000
 -4.4000
 -3.8000
 -3.8000
 -3.8000
 -3.6000
 -3.2000
 -3.2000
 -3.0000
 -3.0000
 -2.4000
 -2.4000
 -2.2000
 -1.4000
 -0.6000
 -0.6000
 -0.6000
 -0.6000
 -0.0000
  0.0000
  0.0000
  0.0000
  0.2000
  0.2000
  0.2000
  0.6000
  0.6000
  0.8000
  1.8000
  2.0000
  2.4000
  2.4000
  3.0000
  3.0000
  3.0000
  3.0000
  3.0000
  3.0000
  3.2000
  3.8000
  4.4000
  4.4000
  4.6000
  5.0000
  5.2000
  5.4000
  6.2000
  6.6000
  6.8000
  7.2000
  7.2000
  7.2000
  7.8000
  7.8000
  7.8000
  8.0000
  8.0000
  8.6000
  9.2000
 10.6000
 10.8000
 10.8000
 11.4000
 11.4000
 12.0000
 12.6000
 12.8000
 13.6000
 15.0000
 15.6000
 17.4000
 18.4000
 18.4000
 18.4000


