#..\..\..\Net100seed42.net EPdeltaInput0.5-Epoch1.train 42
#Top pat = 5
-20.8000
-17.0000
-16.8000
-16.6000
-15.4000
-14.8000
-13.6000
-13.2000
-13.0000
-12.6000
-11.4000
-11.4000
-11.4000
-11.4000
-10.8000
-10.6000
-10.4000
 -9.6000
 -9.6000
 -9.6000
 -9.6000
 -9.2000
 -9.0000
 -7.8000
 -7.6000
 -7.6000
 -6.8000
 -6.6000
 -5.8000
 -5.8000
 -5.6000
 -4.8000
 -4.8000
 -3.8000
 -3.4000
 -3.4000
 -3.4000
 -3.2000
 -2.6000
 -2.4000
 -1.8000
 -1.8000
 -1.4000
 -1.4000
 -1.4000
 -1.2000
 -1.0000
 -0.8000
  0.0000
  0.0000
  0.0000
  0.8000
  1.0000
  1.2000
  1.2000
  1.8000
  3.2000
  3.2000
  3.2000
  3.4000
  3.4000
  3.4000
  3.4000
  3.4000
  3.6000
  4.6000
  5.2000
  5.2000
  5.4000
  5.6000
  5.8000
  5.8000
  6.4000
  6.6000
  7.4000
  7.8000
  7.8000
  9.0000
  9.2000
  9.2000
  9.2000
  9.4000
  9.6000
 10.4000
 10.6000
 11.4000
 11.4000
 12.6000
 12.8000
 13.2000
 14.6000
 16.2000
 16.2000
 17.4000
 18.0000
 19.2000
 19.2000
 19.2000
 22.6000
 22.6000


