#..\..\..\Net100seed42.net EPdeltaInput0.5-Epoch20.train 42
#Top pat = 5
  0.2000
  1.0000
  1.0000
  1.6000
  1.6000
  1.8000
  2.0000
  2.0000
  2.2000
  2.8000
  3.2000
  4.2000
  4.2000
  4.6000
  4.8000
  5.0000
  6.8000
  6.8000
  7.0000
  7.6000
  8.2000
  8.4000
  9.8000
 10.0000
 10.0000
 10.6000
 10.6000
 11.0000
 12.2000
 13.2000
 13.2000
 13.4000
 13.6000
 14.2000
 14.4000
 14.4000
 14.6000
 14.6000
 14.6000
 15.0000
 15.0000
 15.4000
 15.6000
 15.6000
 17.2000
 17.8000
 18.4000
 19.6000
 20.0000
 20.0000
 20.4000
 20.4000
 21.2000
 21.2000
 21.8000
 22.6000
 22.6000
 22.6000
 23.0000
 23.2000
 23.4000
 23.4000
 24.4000
 24.4000
 27.6000
 27.8000
 29.2000
 29.6000
 29.6000
 29.6000
 30.0000
 30.6000
 33.0000
 33.0000
 34.4000
 34.4000
 34.4000
 35.2000
 35.6000
 35.6000
 35.6000
 36.0000
 36.0000
 37.2000
 37.4000
 38.4000
 40.0000
 40.0000
 40.0000
 40.4000
 40.4000
 40.4000
 40.6000
 40.6000
 41.0000
 41.8000
 46.8000
 51.2000
 54.6000
 58.0000


