#..\..\..\Net100seed42.net EPdeltaInput0.5-Epoch20.train 42
#Top pat = 5
  0.6000
  0.8000
  1.4000
  1.4000
  1.6000
  1.6000
  4.2000
  4.6000
  5.6000
  5.6000
  5.6000
  6.0000
  6.2000
  7.0000
  7.6000
  8.4000
  9.4000
 10.2000
 10.4000
 10.8000
 10.8000
 11.0000
 11.0000
 11.4000
 11.4000
 11.4000
 11.4000
 11.8000
 12.0000
 12.0000
 12.0000
 12.0000
 12.2000
 12.2000
 12.4000
 12.4000
 12.4000
 15.0000
 15.0000
 15.6000
 15.8000
 15.8000
 16.6000
 16.6000
 17.4000
 18.4000
 18.4000
 19.0000
 19.6000
 19.6000
 19.6000
 20.4000
 21.2000
 22.2000
 22.4000
 22.4000
 22.8000
 23.6000
 23.8000
 24.2000
 25.2000
 25.6000
 26.0000
 26.0000
 26.8000
 27.2000
 27.2000
 27.2000
 29.0000
 29.2000
 29.2000
 30.0000
 30.8000
 30.8000
 31.4000
 31.6000
 31.8000
 32.4000
 32.8000
 33.4000
 33.6000
 33.6000
 34.0000
 35.2000
 35.8000
 35.8000
 35.8000
 38.0000
 38.0000
 39.4000
 39.6000
 41.0000
 42.2000
 42.2000
 46.8000
 48.2000
 48.4000
 49.4000
 52.0000
 52.0000


