#..\..\..\Net100seed42.net EPdeltaInput0.5-Epoch20.train 42
#Top pat = 5
 13.8000
 13.8000
 14.2000
 14.8000
 15.0000
 15.0000
 15.6000
 15.8000
 15.8000
 16.2000
 16.2000
 17.2000
 17.2000
 17.2000
 17.2000
 17.4000
 17.4000
 18.0000
 18.4000
 18.4000
 18.4000
 18.6000
 18.8000
 18.8000
 18.8000
 18.8000
 19.0000
 19.4000
 19.6000
 19.6000
 19.6000
 19.6000
 20.0000
 20.0000
 20.0000
 20.2000
 20.4000
 20.6000
 20.6000
 20.6000
 21.0000
 21.0000
 21.0000
 21.0000
 21.2000
 21.8000
 21.8000
 22.0000
 22.0000
 22.2000
 22.6000
 22.8000
 22.8000
 23.4000
 23.8000
 33.2000
 33.6000
 33.6000
 33.6000
 33.8000
 34.6000
 34.6000
 34.6000
 34.6000
 34.6000
 34.8000
 35.4000
 35.6000
 36.0000
 36.0000
 37.0000
 37.2000
 37.2000
 37.6000
 37.8000
 37.8000
 37.8000
 38.0000
 38.4000
 38.4000
 38.4000
 38.4000
 38.8000
 38.8000
 39.2000
 39.2000
 39.2000
 39.2000
 39.4000
 40.4000
 40.8000
 41.6000
 41.6000
 42.0000
 42.0000
 42.0000
 42.6000
 43.2000
 43.4000
 52.0000


