#..\..\..\Net100seed42.net EPdeltaInput0.5-Epoch20.train 42
#Top pat = 5
  0.2000
  1.0000
  2.0000
  2.2000
  2.4000
  3.4000
  3.6000
  4.2000
  4.2000
  4.4000
  4.6000
  5.2000
  5.4000
  5.4000
  5.4000
  6.6000
  6.6000
  7.0000
  7.6000
  9.2000
  9.6000
  9.6000
  9.6000
 10.0000
 10.8000
 11.4000
 11.4000
 11.4000
 11.6000
 11.6000
 12.0000
 12.0000
 12.0000
 12.8000
 14.0000
 14.8000
 14.8000
 16.2000
 16.6000
 17.2000
 18.2000
 18.4000
 19.2000
 20.2000
 20.6000
 21.0000
 21.2000
 21.2000
 21.2000
 21.4000
 22.6000
 22.6000
 23.6000
 24.2000
 24.2000
 25.0000
 25.2000
 26.0000
 27.4000
 27.4000
 28.0000
 28.4000
 28.8000
 30.4000
 30.4000
 31.0000
 31.2000
 31.2000
 31.2000
 31.2000
 31.4000
 32.0000
 32.0000
 32.2000
 33.4000
 33.6000
 33.6000
 34.0000
 34.0000
 34.0000
 34.6000
 35.4000
 35.4000
 35.4000
 35.6000
 35.6000
 35.6000
 39.6000
 39.6000
 39.6000
 40.4000
 41.0000
 41.0000
 44.0000
 44.0000
 44.6000
 48.4000
 50.8000
 51.2000
 54.6000


