#..\..\..\Net100seed42.net EPdeltaInput0.5-Epoch20.train 42
#Top pat = 5
 14.4000
 15.2000
 15.8000
 16.2000
 17.6000
 17.6000
 18.0000
 18.0000
 18.0000
 18.0000
 18.2000
 18.2000
 18.2000
 18.4000
 18.4000
 18.8000
 19.0000
 19.0000
 19.2000
 19.2000
 19.2000
 19.2000
 19.2000
 19.2000
 19.6000
 19.6000
 19.8000
 20.2000
 20.4000
 20.6000
 20.6000
 21.6000
 21.6000
 21.6000
 22.0000
 22.0000
 22.2000
 22.2000
 22.2000
 22.6000
 22.8000
 23.0000
 23.0000
 23.2000
 23.2000
 23.6000
 23.6000
 23.6000
 24.0000
 32.8000
 32.8000
 33.0000
 33.2000
 34.0000
 34.0000
 34.0000
 34.2000
 34.2000
 34.2000
 35.0000
 35.0000
 35.4000
 35.4000
 35.6000
 35.6000
 36.2000
 36.4000
 36.4000
 36.4000
 36.6000
 36.8000
 36.8000
 36.8000
 37.2000
 37.6000
 37.8000
 38.0000
 38.0000
 38.2000
 38.2000
 38.2000
 38.2000
 38.2000
 38.2000
 38.6000
 38.6000
 38.6000
 38.8000
 38.8000
 38.8000
 39.0000
 39.2000
 39.4000
 40.4000
 40.4000
 40.4000
 40.6000
 41.2000
 41.8000
 43.0000


