#..\..\..\Net100seed42.net EPdeltaInput0.5-Epoch20.train 42
#Top pat = 5
-40.0000
-38.6000
-38.4000
-37.8000
-37.2000
-36.0000
-36.0000
-36.0000
-35.6000
-34.8000
-34.6000
-34.4000
-34.0000
-34.0000
-34.0000
-33.6000
-33.6000
-33.2000
-31.8000
-30.8000
-30.8000
-28.4000
-28.0000
-28.0000
-27.6000
-27.4000
-27.4000
-26.8000
-26.2000
-26.0000
-25.8000
-24.2000
-22.4000
-22.2000
-22.2000
-22.2000
-21.8000
-21.2000
-20.8000
-19.4000
-18.8000
-17.2000
-16.4000
-12.4000
-10.8000
 14.8000
 15.6000
 16.2000
 16.2000
 16.4000
 17.0000
 17.4000
 18.0000
 18.0000
 18.4000
 19.4000
 19.8000
 20.2000
 20.8000
 22.4000
 22.4000
 23.4000
 23.8000
 24.2000
 25.8000
 26.0000
 26.0000
 27.0000
 27.4000
 27.6000
 28.0000
 28.0000
 28.2000
 29.2000
 30.0000
 30.8000
 30.8000
 32.2000
 32.4000
 33.0000
 33.4000
 34.6000
 34.6000
 34.6000
 36.0000
 36.0000
 36.0000
 36.8000
 37.0000
 37.2000
 38.2000
 38.4000
 39.2000
 39.4000
 39.8000
 41.0000
 43.8000
 44.2000
 44.8000
 46.6000


