#..\..\..\Net100seed42.net EPdeltaInput0.5-Epoch20.train 42
#Top pat = 5
-47.2000
-44.2000
-38.8000
-38.6000
-38.6000
-38.0000
-38.0000
-37.8000
-37.4000
-37.4000
-37.2000
-37.0000
-36.8000
-36.0000
-35.6000
-35.6000
-35.6000
-35.0000
-34.4000
-34.4000
-29.2000
-29.2000
-28.4000
-28.4000
-28.4000
-28.2000
-28.0000
-27.4000
-27.2000
-27.2000
-27.0000
-26.8000
-26.0000
-23.8000
-23.6000
-23.2000
-22.6000
-20.0000
-19.8000
-19.0000
-19.0000
-19.0000
-18.8000
-18.8000
-18.4000
-18.2000
-17.4000
-16.4000
-16.0000
-15.6000
  8.6000
 11.6000
 15.8000
 16.0000
 17.4000
 18.2000
 18.4000
 19.0000
 19.0000
 19.8000
 19.8000
 20.0000
 20.0000
 21.6000
 22.2000
 23.2000
 23.6000
 25.4000
 25.8000
 27.0000
 27.0000
 27.0000
 27.2000
 27.4000
 27.4000
 27.6000
 27.8000
 28.0000
 28.4000
 28.4000
 29.2000
 29.4000
 29.4000
 33.6000
 34.4000
 34.4000
 34.8000
 35.6000
 35.8000
 36.2000
 36.8000
 37.2000
 37.2000
 37.2000
 38.8000
 38.8000
 39.0000
 39.6000
 46.4000
 48.2000


