#..\..\..\Net100seed42.net EPdeltaInput0.5-Epoch20.train 42
#Top pat = 5
-42.6000
-42.0000
-40.4000
-40.4000
-40.4000
-40.4000
-39.2000
-37.0000
-36.4000
-35.8000
-34.6000
-34.4000
-34.2000
-34.2000
-34.0000
-34.0000
-32.6000
-32.6000
-30.8000
-30.4000
-30.2000
-30.0000
-29.2000
-28.8000
-28.8000
-28.0000
-27.8000
-27.6000
-27.2000
-27.0000
-26.8000
-26.6000
-26.2000
-26.0000
-25.8000
-24.4000
-23.2000
-22.8000
-22.2000
-22.0000
-20.6000
-19.4000
-19.0000
-18.0000
-18.0000
-17.0000
-16.8000
-16.6000
-16.6000
-16.0000
-14.4000
-13.4000
 14.4000
 14.8000
 15.6000
 16.0000
 16.6000
 16.8000
 16.8000
 17.6000
 17.6000
 19.6000
 19.8000
 20.6000
 22.2000
 23.2000
 23.4000
 23.8000
 23.8000
 24.0000
 24.4000
 24.4000
 25.2000
 25.4000
 25.4000
 25.4000
 26.8000
 27.6000
 27.8000
 28.6000
 28.8000
 28.8000
 28.8000
 29.0000
 29.0000
 29.8000
 30.2000
 30.8000
 30.8000
 32.0000
 33.2000
 33.6000
 34.4000
 35.6000
 35.6000
 36.4000
 38.2000
 39.0000
 39.4000
 49.8000


