#..\..\..\Net100seed42.net EPdeltaInput0.5-Epoch20.train 42
#Top pat = 5
-56.0000
-49.8000
-46.0000
-40.8000
-36.4000
-33.4000
-30.8000
-30.0000
-29.6000
-28.4000
-27.2000
-25.8000
-23.6000
-23.4000
-23.4000
-22.8000
-22.8000
-22.8000
-22.0000
-21.8000
-20.2000
-18.8000
-18.8000
-18.6000
-18.6000
-17.4000
-17.0000
-16.2000
-16.0000
-16.0000
-16.0000
-15.6000
-15.4000
-14.8000
-13.6000
-13.6000
-13.4000
-13.4000
-13.2000
-13.0000
-10.6000
 -9.2000
 -8.8000
 -8.0000
 -7.6000
 -4.2000
 -4.0000
 -2.6000
 -2.0000
  3.4000
  3.6000
  3.6000
  7.8000
  7.8000
  8.6000
  8.8000
  9.2000
  9.2000
  9.8000
 11.4000
 11.8000
 13.6000
 14.4000
 14.6000
 15.0000
 15.4000
 15.4000
 16.0000
 16.0000
 16.2000
 16.8000
 17.0000
 17.2000
 18.8000
 19.6000
 21.4000
 21.8000
 22.0000
 22.6000
 22.8000
 23.4000
 24.0000
 24.4000
 24.8000
 25.8000
 27.2000
 28.0000
 28.4000
 29.6000
 35.8000
 36.6000
 37.2000
 40.8000
 44.4000
 46.0000
 47.4000
 48.4000
 51.8000
 55.4000
 56.8000


