#..\..\..\Net100seed42.net EPdeltaInput0.5-Epoch20.train 42
#Top pat = 5
-57.6000
-54.8000
-49.8000
-47.6000
-42.2000
-40.6000
-40.0000
-37.4000
-34.8000
-34.8000
-31.8000
-31.6000
-30.4000
-28.4000
-25.8000
-23.6000
-23.2000
-22.6000
-22.4000
-19.2000
-19.2000
-17.2000
-17.2000
-15.6000
-14.6000
-12.8000
-12.2000
-12.0000
-11.6000
-11.6000
-11.6000
-10.8000
-10.8000
-10.8000
-10.0000
-10.0000
 -9.8000
 -8.6000
 -7.4000
 -6.0000
 -5.2000
 -4.8000
 -4.2000
 -2.4000
 -0.0000
  2.2000
  2.4000
  2.6000
  3.2000
  3.6000
  4.8000
  5.6000
  5.8000
  7.4000
  7.8000
  8.2000
  8.2000
  9.6000
  9.8000
  9.8000
 10.8000
 11.6000
 12.0000
 12.0000
 12.2000
 12.8000
 13.8000
 15.0000
 15.4000
 16.4000
 18.0000
 18.2000
 18.2000
 19.2000
 20.2000
 21.4000
 22.0000
 22.4000
 22.4000
 22.6000
 22.8000
 23.6000
 23.6000
 24.4000
 24.6000
 27.4000
 28.2000
 28.4000
 30.6000
 31.4000
 36.2000
 38.6000
 39.0000
 39.4000
 40.0000
 41.2000
 44.2000
 46.6000
 50.0000
 54.4000


