#Net100seed1180032182.net EP025delta0.1Hetero005.train 1180032182
#Top pat = 1


#Top pat = 2


#Top pat = 3
  0.0000
  0.0000
  0.0000
  0.0000
  0.0000
  0.0000
  0.0000
  0.0000
  0.0000
  0.0000
  0.0000
  0.0000
  2.2000
  2.2000
  2.2000
  2.2000
  2.2000
  2.2000
  2.2000
  2.2000
  6.8000
  6.8000
  6.8000
  6.8000
  6.8000
  6.8000
  6.8000
  6.8000
  6.8000
  6.8000
  6.8000
 11.0000
 11.0000
 11.0000
 11.0000
 11.0000
 11.0000
 11.0000
 11.0000
 11.0000
 11.0000
 11.0000
 15.0000
 15.0000
 15.0000
 15.0000
 15.0000
 15.0000
 15.0000
 15.0000
 15.0000
 15.0000
 15.0000
 15.0000
 15.0000
 15.0000
 15.0000
 18.2000
 18.2000
 18.2000
 18.2000
 18.2000
 18.2000
 18.2000
 18.2000
 18.2000
 18.2000
 22.8000
 22.8000
 22.8000
 22.8000
 22.8000
 22.8000
 22.8000
 22.8000
 22.8000
 22.8000
 22.8000
 22.8000
 22.8000
 22.8000
 22.8000
 22.8000
 22.8000
 22.8000
 22.8000
 22.8000
 22.8000
 27.0000
 27.0000
 27.0000
 27.0000
 27.0000
 27.0000
 27.0000
 27.0000
 27.0000
 27.0000
 27.0000
 27.0000


#Top pat = 4
  0.0000
  0.0000
  0.0000
  0.0000
  0.0000
  0.0000
  0.0000
  0.0000
  0.6000
  0.6000
  0.6000
  0.6000
  4.4000
  4.4000
  4.4000
  5.2000
  5.2000
  5.2000
  5.2000
  5.2000
  5.2000
  5.2000
  5.2000
  6.0000
  6.0000
  6.0000
  6.0000
  6.0000
  6.8000
  6.8000
  6.8000
  6.8000
  6.8000
  6.8000
  6.8000
  9.0000
  9.0000
  9.0000
  9.0000
  9.0000
  9.0000
 10.6000
 10.6000
 10.6000
 10.6000
 10.6000
 13.2000
 13.2000
 13.2000
 13.2000
 13.2000
 14.8000
 14.8000
 14.8000
 14.8000
 14.8000
 14.8000
 17.2000
 17.2000
 17.2000
 17.2000
 17.2000
 17.2000
 17.2000
 17.2000
 18.8000
 18.8000
 18.8000
 18.8000
 21.8000
 21.8000
 21.8000
 21.8000
 21.8000
 21.8000
 21.8000
 21.8000
 21.8000
 21.8000
 21.8000
 21.8000
 23.4000
 23.4000
 23.4000
 23.4000
 23.4000
 23.4000
 23.4000
 23.4000
 23.4000
 26.0000
 26.0000
 26.0000
 26.0000
 26.0000
 26.0000
 27.6000
 27.6000
 27.6000
 27.6000


#Top pat = 5
  0.0000
  0.0000
  0.0000
  0.0000
  0.0000
  2.6000
  2.6000
  2.6000
 10.2000
 11.2000
 11.2000
 11.2000
 11.2000
 11.2000
 11.8000
 12.6000
 12.6000
 12.6000
 12.6000
 12.6000
 12.6000
 13.6000
 13.6000
 13.6000
 13.6000
 13.6000
 14.2000
 14.2000
 14.2000
 15.6000
 15.6000
 15.8000
 15.8000
 15.8000
 15.8000
 15.8000
 15.8000
 16.8000
 16.8000
 16.8000
 16.8000
 16.8000
 16.8000
 16.8000
 17.4000
 17.4000
 17.4000
 17.4000
 18.2000
 18.2000
 18.2000
 18.2000
 18.2000
 18.2000
 18.2000
 18.2000
 18.2000
 19.2000
 19.2000
 19.2000
 19.2000
 19.2000
 19.2000
 19.2000
 19.8000
 19.8000
 19.8000
 19.8000
 21.2000
 21.2000
 21.4000
 21.4000
 21.4000
 22.4000
 22.4000
 23.0000
 23.0000
 23.0000
 23.0000
 23.8000
 23.8000
 23.8000
 23.8000
 23.8000
 23.8000
 23.8000
 23.8000
 23.8000
 23.8000
 23.8000
 24.8000
 24.8000
 24.8000
 24.8000
 24.8000
 24.8000
 25.4000
 25.4000
 25.4000
 25.4000


#Top pat = 6
  0.0000
  0.0000
  0.0000
  3.8000
  3.8000
  4.8000
  5.2000
  5.2000
  5.2000
  7.0000
  7.0000
  7.0000
  8.0000
  8.8000
  8.8000
 10.2000
 10.4000
 11.2000
 11.2000
 11.2000
 11.2000
 11.2000
 11.4000
 11.4000
 12.0000
 12.0000
 12.0000
 12.0000
 12.2000
 12.2000
 12.2000
 12.8000
 12.8000
 12.8000
 12.8000
 14.4000
 14.4000
 14.6000
 15.0000
 15.0000
 15.0000
 15.0000
 15.0000
 15.0000
 15.2000
 15.2000
 15.2000
 15.2000
 15.2000
 15.2000
 16.0000
 16.0000
 16.0000
 16.0000
 16.0000
 16.0000
 16.8000
 16.8000
 16.8000
 18.2000
 18.2000
 18.2000
 18.2000
 18.2000
 18.2000
 18.4000
 18.4000
 18.4000
 18.4000
 20.0000
 20.0000
 20.0000
 20.0000
 20.8000
 20.8000
 20.8000
 22.6000
 23.0000
 23.0000
 23.0000
 23.0000
 23.0000
 23.2000
 24.0000
 24.0000
 24.0000
 24.8000
 24.8000
 26.2000
 26.2000
 26.2000
 26.2000
 26.4000
 26.4000
 26.4000
 28.0000
 28.0000
 28.0000
 28.0000
 28.0000


#Top pat = 7
  0.0000
  0.0000
  0.0000
  2.4000
  2.4000
  9.8000
 11.2000
 11.2000
 11.2000
 11.4000
 11.4000
 12.2000
 12.2000
 12.8000
 13.0000
 13.0000
 13.6000
 13.8000
 14.4000
 14.4000
 14.4000
 14.6000
 14.6000
 14.6000
 14.8000
 15.2000
 15.4000
 15.4000
 15.6000
 15.6000
 15.6000
 15.8000
 16.0000
 16.2000
 16.4000
 16.8000
 16.8000
 17.0000
 17.0000
 17.0000
 17.0000
 17.0000
 17.2000
 17.8000
 17.8000
 17.8000
 17.8000
 17.8000
 18.2000
 18.2000
 18.6000
 18.6000
 18.6000
 19.2000
 19.4000
 19.4000
 19.4000
 19.4000
 19.4000
 19.4000
 19.6000
 20.0000
 20.0000
 20.0000
 20.2000
 20.2000
 20.2000
 21.0000
 21.0000
 21.0000
 21.0000
 21.6000
 21.6000
 21.6000
 21.8000
 21.8000
 21.8000
 21.8000
 21.8000
 22.4000
 22.4000
 22.6000
 22.6000
 22.6000
 23.2000
 23.2000
 23.4000
 23.4000
 23.4000
 23.4000
 23.4000
 23.4000
 23.4000
 24.2000
 24.8000
 24.8000
 25.0000
 25.0000
 25.8000
 25.8000


#Top pat = 8
  0.0000
  0.0000
  0.8000
  1.6000
  1.6000
  1.6000
  1.8000
  2.4000
  3.2000
  3.2000
  3.2000
  3.4000
  3.4000
  4.0000
  4.8000
  5.0000
  5.6000
  5.8000
  6.4000
  6.4000
  7.2000
  7.2000
  7.2000
  8.0000
  8.0000
  8.0000
  8.6000
  8.8000
  8.8000
  9.0000
  9.0000
  9.0000
  9.6000
  9.6000
  9.8000
 10.4000
 12.0000
 12.2000
 12.2000
 13.4000
 13.4000
 13.6000
 13.6000
 13.6000
 13.8000
 14.2000
 14.4000
 14.4000
 14.6000
 14.6000
 14.8000
 14.8000
 15.0000
 15.2000
 17.0000
 17.8000
 18.4000
 18.4000
 18.6000
 19.2000
 19.4000
 19.4000
 19.4000
 20.0000
 20.2000
 20.8000
 21.2000
 21.6000
 22.4000
 23.2000
 24.0000
 24.0000
 24.6000
 24.6000
 24.8000
 25.6000
 25.6000
 25.8000
 25.8000
 26.4000
 26.6000
 27.0000
 27.0000
 27.2000
 27.2000
 27.2000
 27.8000
 28.0000
 32.0000
 32.8000
 32.8000
 33.0000
 33.0000
 33.8000
 37.6000
 37.6000
 40.0000
 40.2000
 40.8000
 40.8000


#Top pat = 9
  0.0000
  1.2000
  1.2000
  8.0000
  9.2000
  9.2000
  9.4000
 10.2000
 11.0000
 11.4000
 11.8000
 12.4000
 12.6000
 12.6000
 12.8000
 13.4000
 13.4000
 13.6000
 14.0000
 14.0000
 14.0000
 14.6000
 15.0000
 15.0000
 15.0000
 15.0000
 15.0000
 15.0000
 15.0000
 15.0000
 15.0000
 15.2000
 15.6000
 15.8000
 16.0000
 16.4000
 17.0000
 17.0000
 17.2000
 17.4000
 17.4000
 18.0000
 18.0000
 18.2000
 18.2000
 18.6000
 18.8000
 19.0000
 19.0000
 19.0000
 19.0000
 19.2000
 19.6000
 19.8000
 19.8000
 19.8000
 19.8000
 20.4000
 20.4000
 20.4000
 20.4000
 20.6000
 20.6000
 20.6000
 21.0000
 21.4000
 21.4000
 21.4000
 21.4000
 21.4000
 21.4000
 21.4000
 21.4000
 21.6000
 22.0000
 22.0000
 22.0000
 22.2000
 22.2000
 22.2000
 22.6000
 23.0000
 23.0000
 23.2000
 23.2000
 23.6000
 24.0000
 24.0000
 24.6000
 24.6000
 24.6000
 25.4000
 25.6000
 26.2000
 26.2000
 26.4000
 26.4000
 26.8000
 26.8000
 27.8000


#Top pat = 10
  0.2000
  0.4000
  0.6000
  1.2000
  1.4000
  1.6000
  1.6000
  1.8000
  2.2000
  2.2000
  2.6000
  2.6000
  3.4000
  4.0000
  4.0000
  4.8000
  4.8000
  5.0000
  5.0000
  5.4000
  5.8000
  6.6000
  6.8000
  7.4000
  7.4000
  8.0000
  8.0000
  8.6000
  8.8000
  8.8000
  9.0000
  9.4000
  9.6000
  9.6000
  9.6000
  9.6000
  9.6000
  9.8000
  9.8000
  9.8000
 10.2000
 10.2000
 11.0000
 11.2000
 11.4000
 12.0000
 12.0000
 12.2000
 12.8000
 12.8000
 13.4000
 13.6000
 13.6000
 15.0000
 15.0000
 15.0000
 15.6000
 16.0000
 16.0000
 16.8000
 16.8000
 17.0000
 17.6000
 17.6000
 18.2000
 18.4000
 18.8000
 19.0000
 19.2000
 19.2000
 19.2000
 19.4000
 19.8000
 20.0000
 20.0000
 20.0000
 20.2000
 20.2000
 20.8000
 21.6000
 21.6000
 21.6000
 21.6000
 22.0000
 22.6000
 23.2000
 25.6000
 26.4000
 28.6000
 28.8000
 30.4000
 30.6000
 30.6000
 32.2000
 33.4000
 36.0000
 36.0000
 38.4000
 40.0000
 40.8000


#Top pat = 11
  0.6000
  1.2000
  2.2000
  3.0000
  4.4000
  4.6000
  4.8000
  5.6000
  5.6000
  6.4000
  6.4000
  7.8000
  8.8000
  9.2000
  9.2000
  9.2000
  9.4000
  9.4000
  9.4000
  9.4000
 10.0000
 10.4000
 11.0000
 11.0000
 11.2000
 11.8000
 11.8000
 12.4000
 12.6000
 13.0000
 13.0000
 13.2000
 13.4000
 13.6000
 14.0000
 14.2000
 14.4000
 14.8000
 15.0000
 15.0000
 15.2000
 15.4000
 15.8000
 15.8000
 15.8000
 15.8000
 15.8000
 16.2000
 16.4000
 16.4000
 16.6000
 16.6000
 17.2000
 17.4000
 17.6000
 18.0000
 18.2000
 18.2000
 18.2000
 18.4000
 18.8000
 18.8000
 19.0000
 19.0000
 19.2000
 19.4000
 19.6000
 19.6000
 19.8000
 19.8000
 20.6000
 20.8000
 21.4000
 21.4000
 21.4000
 21.6000
 21.8000
 22.2000
 22.2000
 22.2000
 22.4000
 22.4000
 23.0000
 23.2000
 23.6000
 23.8000
 23.8000
 23.8000
 24.8000
 24.8000
 25.4000
 25.4000
 25.6000
 26.4000
 26.8000
 27.0000
 27.0000
 27.2000
 28.6000
 33.4000


#Top pat = 12
  0.6000
  0.8000
  1.4000
  1.6000
  1.6000
  3.0000
  3.0000
  3.2000
  3.6000
  4.0000
  4.0000
  4.2000
  4.8000
  4.8000
  4.8000
  4.8000
  5.6000
  5.6000
  5.6000
  6.2000
  6.2000
  6.2000
  6.6000
  6.6000
  6.8000
  7.0000
  8.2000
  8.6000
  8.8000
  8.8000
  9.0000
  9.0000
  9.8000
 10.0000
 10.4000
 11.0000
 11.2000
 11.4000
 12.0000
 12.2000
 12.2000
 12.2000
 12.6000
 14.2000
 14.4000
 14.4000
 16.0000
 16.0000
 16.6000
 16.8000
 16.8000
 17.0000
 17.0000
 17.0000
 17.6000
 18.4000
 18.4000
 18.6000
 18.8000
 19.0000
 19.0000
 19.2000
 20.0000
 20.0000
 20.0000
 20.0000
 20.2000
 20.4000
 20.6000
 20.6000
 20.6000
 20.8000
 21.4000
 21.6000
 21.6000
 22.4000
 23.0000
 23.2000
 24.2000
 24.6000
 24.8000
 24.8000
 25.6000
 26.4000
 27.8000
 27.8000
 28.6000
 28.6000
 28.8000
 29.0000
 29.4000
 29.4000
 30.4000
 31.2000
 31.6000
 32.8000
 34.4000
 36.2000
 40.2000
 43.2000


#Top pat = 13
  0.2000
  0.4000
  0.4000
  0.8000
  4.4000
  4.8000
  5.6000
  6.6000
  8.2000
  8.4000
  9.0000
  9.2000
  9.6000
 10.4000
 10.6000
 10.8000
 11.4000
 11.4000
 11.4000
 11.6000
 12.0000
 12.0000
 12.2000
 12.4000
 12.4000
 12.8000
 13.0000
 13.0000
 13.2000
 13.4000
 13.6000
 13.8000
 13.8000
 13.8000
 14.2000
 15.2000
 15.2000
 15.4000
 15.6000
 15.6000
 16.2000
 16.8000
 16.8000
 17.0000
 17.8000
 17.8000
 18.0000
 18.4000
 18.4000
 18.6000
 18.8000
 18.8000
 18.8000
 18.8000
 18.8000
 19.2000
 19.2000
 19.4000
 19.4000
 19.6000
 19.8000
 19.8000
 20.0000
 21.0000
 21.2000
 21.2000
 21.2000
 21.6000
 21.6000
 21.6000
 21.8000
 21.8000
 21.8000
 21.8000
 21.8000
 22.2000
 22.6000
 22.8000
 23.4000
 23.6000
 24.0000
 24.2000
 25.2000
 25.2000
 25.4000
 26.0000
 26.2000
 27.2000
 27.4000
 28.2000
 28.8000
 29.0000
 29.8000
 30.0000
 30.2000
 30.6000
 30.6000
 34.6000
 34.6000
 38.0000


#Top pat = 14
  0.2000
  0.2000
  0.8000
  2.2000
  4.6000
  5.8000
  6.2000
  7.4000
  8.0000
  8.0000
  8.6000
  8.6000
  8.8000
  9.0000
  9.4000
  9.6000
 10.0000
 10.4000
 10.4000
 10.6000
 11.2000
 11.2000
 11.4000
 11.8000
 12.0000
 12.2000
 12.2000
 12.6000
 12.8000
 13.6000
 14.0000
 14.2000
 14.4000
 14.4000
 14.6000
 14.8000
 15.0000
 15.0000
 15.0000
 15.4000
 15.8000
 16.2000
 16.6000
 16.6000
 16.6000
 16.8000
 17.4000
 17.6000
 17.8000
 18.0000
 18.0000
 18.4000
 18.6000
 19.0000
 19.2000
 19.2000
 19.2000
 19.4000
 19.4000
 19.4000
 19.8000
 19.8000
 19.8000
 19.8000
 20.2000
 21.0000
 21.0000
 21.2000
 21.4000
 21.4000
 22.0000
 22.2000
 22.4000
 22.4000
 22.6000
 23.2000
 23.2000
 23.8000
 23.8000
 24.0000
 24.2000
 24.2000
 24.8000
 25.6000
 25.8000
 25.8000
 26.0000
 26.2000
 26.4000
 28.0000
 28.6000
 28.8000
 28.8000
 29.0000
 29.2000
 29.6000
 30.4000
 32.8000
 34.4000
 38.6000


#Top pat = 15
  0.0000
  0.6000
  0.8000
  2.0000
  2.4000
  2.4000
  2.6000
  3.0000
  3.0000
  3.2000
  3.6000
  3.6000
  4.4000
  4.6000
  5.2000
  5.2000
  5.4000
  6.2000
  6.2000
  6.6000
  6.8000
  7.2000
  8.0000
  8.6000
  8.6000
  8.6000
  8.8000
  8.8000
  9.2000
 10.4000
 10.4000
 10.6000
 10.8000
 10.8000
 11.0000
 11.0000
 11.6000
 11.6000
 11.6000
 12.4000
 12.6000
 13.2000
 13.4000
 13.4000
 13.6000
 13.8000
 14.0000
 14.0000
 14.6000
 15.0000
 15.8000
 16.6000
 16.6000
 17.0000
 17.2000
 17.6000
 18.0000
 19.0000
 20.0000
 20.0000
 21.0000
 21.2000
 21.4000
 22.0000
 22.2000
 22.8000
 23.2000
 23.2000
 23.6000
 23.6000
 23.8000
 24.0000
 24.4000
 24.4000
 24.6000
 24.8000
 24.8000
 25.4000
 25.4000
 25.4000
 26.2000
 26.2000
 26.2000
 26.4000
 26.4000
 27.4000
 27.8000
 27.8000
 28.0000
 30.8000
 31.0000
 31.8000
 31.8000
 33.2000
 33.2000
 33.8000
 38.2000
 39.6000
 50.2000
 53.6000


#Top pat = 16
  0.2000
  0.6000
  0.6000
  1.4000
  1.4000
  1.6000
  1.8000
  2.4000
  2.6000
  2.8000
  3.6000
  4.2000
  4.6000
  4.6000
  5.4000
  5.8000
  5.8000
  6.0000
  6.6000
  6.8000
  7.6000
  7.6000
  8.6000
  9.4000
  9.4000
  9.4000
  9.6000
  9.8000
 10.0000
 10.0000
 10.6000
 10.8000
 11.4000
 11.4000
 11.4000
 11.6000
 12.2000
 12.2000
 12.4000
 12.8000
 13.2000
 13.2000
 13.2000
 14.0000
 14.0000
 14.8000
 15.0000
 15.6000
 15.8000
 16.0000
 16.4000
 16.6000
 16.8000
 17.0000
 17.2000
 17.2000
 17.4000
 17.8000
 18.2000
 18.4000
 18.8000
 19.8000
 20.4000
 20.6000
 21.2000
 22.0000
 22.2000
 22.8000
 24.2000
 24.6000
 24.8000
 25.2000
 25.2000
 25.8000
 26.0000
 26.2000
 26.2000
 26.4000
 27.0000
 27.8000
 27.8000
 27.8000
 28.2000
 29.0000
 29.2000
 29.2000
 29.6000
 30.8000
 30.8000
 32.2000
 32.2000
 32.4000
 32.6000
 35.6000
 35.8000
 36.4000
 36.6000
 38.8000
 45.8000
 46.4000


#Top pat = 17
  0.8000
  1.0000
  1.2000
  1.8000
  2.0000
  2.4000
  2.8000
  3.6000
  4.6000
  5.0000
  5.0000
  5.2000
  6.0000
  6.2000
  6.4000
  6.6000
  6.8000
  7.0000
  7.2000
  7.4000
  7.4000
  7.8000
  7.8000
  8.0000
  8.2000
  8.2000
  8.2000
  8.8000
  8.8000
  9.2000
  9.8000
 10.0000
 10.4000
 10.4000
 11.0000
 11.0000
 11.4000
 11.4000
 11.6000
 12.4000
 13.4000
 13.4000
 13.8000
 13.8000
 13.8000
 14.0000
 14.4000
 14.6000
 14.8000
 15.2000
 15.4000
 16.0000
 16.4000
 17.0000
 17.4000
 17.6000
 18.0000
 19.4000
 19.4000
 19.8000
 20.0000
 20.4000
 21.0000
 21.0000
 21.2000
 21.2000
 21.6000
 22.0000
 22.0000
 23.0000
 24.4000
 25.0000
 26.0000
 26.0000
 26.0000
 27.2000
 27.4000
 28.0000
 28.8000
 28.8000
 29.0000
 29.0000
 29.0000
 29.6000
 29.8000
 30.6000
 31.6000
 32.0000
 32.0000
 32.2000
 32.4000
 33.0000
 34.2000
 35.8000
 40.0000
 40.4000
 41.8000
 42.0000
 42.6000
 43.4000


#Top pat = 18
  0.0000
  0.4000
  0.6000
  1.6000
  1.8000
  1.8000
  2.0000
  2.0000
  3.8000
  3.8000
  4.2000
  4.8000
  4.8000
  7.0000
  7.0000
  7.2000
  7.6000
  8.4000
  8.6000
  9.0000
  9.0000
  9.0000
  9.0000
  9.4000
 10.4000
 10.4000
 10.4000
 10.4000
 11.2000
 11.2000
 11.8000
 12.6000
 12.8000
 13.4000
 13.4000
 13.8000
 14.2000
 14.4000
 14.4000
 14.6000
 14.6000
 14.8000
 14.8000
 15.0000
 15.8000
 16.2000
 16.6000
 16.8000
 16.8000
 17.2000
 17.6000
 17.6000
 17.8000
 17.8000
 18.6000
 19.0000
 19.4000
 20.0000
 20.2000
 20.4000
 21.4000
 21.6000
 21.6000
 21.8000
 22.0000
 22.0000
 22.6000
 24.0000
 24.2000
 24.6000
 24.8000
 25.0000
 25.6000
 25.6000
 26.0000
 26.2000
 26.6000
 27.0000
 27.4000
 27.8000
 28.6000
 28.8000
 29.0000
 29.6000
 31.0000
 31.2000
 31.2000
 31.2000
 31.4000
 31.4000
 31.4000
 32.2000
 32.6000
 32.6000
 33.0000
 36.2000
 37.8000
 39.0000
 42.4000
 44.0000


#Top pat = 19
  0.8000
  1.4000
  2.2000
  4.2000
  4.4000
  5.0000
  6.4000
  6.6000
  6.6000
  7.0000
  8.4000
  8.4000
  8.4000
  8.8000
  9.0000
  9.2000
  9.4000
  9.4000
  9.4000
  9.6000
  9.8000
 10.2000
 10.2000
 10.4000
 10.8000
 11.0000
 11.2000
 11.6000
 11.8000
 11.8000
 11.8000
 12.0000
 12.2000
 12.2000
 12.4000
 12.8000
 12.8000
 13.0000
 13.0000
 13.2000
 13.2000
 13.8000
 13.8000
 13.8000
 14.0000
 14.6000
 15.2000
 15.2000
 15.2000
 15.4000
 15.6000
 16.0000
 16.4000
 16.6000
 17.0000
 17.6000
 17.6000
 17.6000
 17.8000
 17.8000
 18.0000
 18.2000
 18.4000
 18.8000
 19.4000
 19.6000
 19.6000
 19.8000
 20.6000
 20.6000
 20.6000
 20.6000
 20.8000
 21.2000
 21.2000
 21.8000
 22.0000
 22.4000
 22.4000
 23.0000
 23.2000
 23.8000
 25.4000
 25.4000
 25.6000
 25.6000
 25.8000
 26.4000
 27.0000
 27.6000
 28.2000
 28.2000
 32.4000
 33.6000
 33.6000
 33.6000
 37.4000
 38.2000
 41.2000
 43.0000


#Top pat = 20
  0.4000
  0.6000
  0.8000
  1.2000
  1.4000
  2.0000
  2.2000
  2.2000
  2.6000
  2.8000
  4.0000
  4.0000
  4.2000
  4.2000
  4.2000
  4.4000
  4.6000
  5.2000
  5.8000
  6.2000
  6.6000
  7.2000
  7.4000
  7.4000
  7.4000
  7.8000
  8.0000
  8.6000
  9.0000
 10.2000
 10.2000
 10.4000
 10.8000
 11.0000
 11.0000
 11.2000
 11.6000
 12.0000
 12.2000
 12.6000
 13.2000
 13.4000
 13.4000
 13.6000
 14.0000
 14.6000
 14.8000
 15.2000
 15.6000
 16.0000
 16.2000
 16.8000
 17.0000
 17.2000
 17.2000
 17.2000
 18.2000
 18.4000
 19.0000
 19.6000
 20.4000
 20.4000
 21.2000
 21.4000
 21.4000
 21.6000
 21.8000
 22.0000
 22.2000
 23.0000
 23.0000
 23.0000
 23.0000
 23.2000
 24.4000
 24.6000
 24.8000
 25.0000
 25.2000
 25.6000
 26.0000
 26.4000
 26.8000
 27.2000
 27.2000
 28.2000
 28.2000
 29.4000
 29.6000
 30.4000
 31.0000
 32.2000
 33.8000
 34.2000
 34.8000
 35.0000
 38.2000
 38.8000
 41.2000
 42.8000


#Top pat = 21
  0.4000
  0.8000
  0.8000
  1.6000
  1.6000
  2.2000
  2.2000
  2.4000
  2.6000
  3.4000
  3.6000
  4.4000
  4.8000
  4.8000
  5.2000
  6.0000
  6.4000
  6.4000
  6.6000
  6.8000
  6.8000
  6.8000
  7.0000
  8.4000
  8.6000
  8.6000
  8.6000
  8.8000
  9.0000
  9.2000
  9.8000
  9.8000
 10.6000
 11.0000
 11.8000
 12.4000
 12.4000
 12.6000
 12.8000
 12.8000
 13.0000
 13.6000
 13.6000
 14.2000
 14.4000
 14.4000
 14.6000
 15.0000
 15.0000
 15.2000
 15.2000
 15.4000
 15.6000
 16.0000
 16.2000
 16.8000
 17.2000
 17.6000
 17.6000
 18.0000
 18.4000
 18.4000
 18.8000
 19.4000
 20.6000
 20.8000
 21.0000
 21.6000
 21.8000
 22.0000
 22.6000
 22.8000
 23.4000
 23.6000
 24.6000
 24.8000
 25.2000
 25.6000
 25.8000
 26.0000
 26.0000
 27.0000
 27.4000
 28.6000
 29.0000
 29.2000
 30.0000
 30.2000
 31.2000
 33.0000
 34.4000
 34.8000
 35.0000
 35.0000
 36.8000
 36.8000
 37.6000
 41.6000
 49.6000
 53.4000


#Top pat = 22
  0.0000
  2.6000
  2.6000
  2.8000
  3.0000
  3.0000
  3.2000
  3.8000
  4.0000
  4.6000
  5.2000
  5.4000
  5.4000
  5.4000
  5.6000
  6.2000
  6.6000
  7.0000
  7.6000
  8.6000
  8.8000
  8.8000
  9.4000
 10.2000
 10.6000
 11.4000
 11.4000
 12.2000
 12.4000
 12.6000
 12.8000
 13.0000
 13.0000
 13.2000
 13.2000
 13.8000
 13.8000
 14.0000
 14.0000
 15.4000
 15.4000
 15.8000
 16.2000
 16.2000
 16.4000
 16.4000
 16.6000
 16.8000
 16.8000
 17.0000
 17.0000
 17.4000
 17.4000
 17.8000
 18.0000
 18.2000
 18.2000
 18.8000
 18.8000
 18.8000
 19.0000
 19.0000
 19.0000
 19.2000
 19.2000
 19.4000
 19.4000
 19.8000
 20.2000
 20.2000
 21.8000
 22.0000
 22.8000
 22.8000
 24.0000
 24.4000
 24.8000
 25.0000
 26.2000
 26.4000
 27.6000
 30.2000
 31.0000
 32.6000
 32.8000
 33.0000
 34.4000
 35.4000
 35.6000
 35.6000
 36.4000
 37.0000
 39.4000
 40.6000
 42.4000
 43.8000
 44.4000
 45.2000
 46.8000
 47.2000


#Top pat = 23
  0.0000
  0.6000
  0.6000
  2.8000
  3.0000
  3.0000
  4.2000
  4.8000
  5.2000
  5.6000
  5.6000
  6.2000
  6.2000
  6.8000
  8.4000
  8.8000
 10.2000
 10.8000
 11.4000
 11.8000
 12.0000
 12.0000
 12.2000
 12.6000
 12.8000
 13.2000
 14.4000
 15.0000
 15.2000
 15.4000
 15.6000
 16.0000
 16.2000
 16.4000
 16.8000
 17.0000
 17.4000
 17.6000
 17.8000
 17.8000
 18.0000
 18.0000
 18.4000
 18.4000
 19.2000
 19.6000
 20.2000
 20.2000
 20.8000
 20.8000
 21.2000
 21.2000
 21.2000
 21.6000
 22.2000
 22.4000
 22.6000
 23.0000
 23.6000
 23.8000
 24.4000
 25.0000
 25.2000
 25.6000
 25.6000
 25.6000
 25.8000
 25.8000
 26.4000
 26.6000
 26.8000
 27.2000
 28.0000
 28.4000
 28.6000
 28.6000
 28.8000
 29.2000
 29.8000
 30.4000
 31.0000
 31.4000
 31.6000
 32.4000
 32.8000
 33.2000
 33.2000
 33.8000
 34.6000
 36.0000
 36.0000
 36.0000
 36.2000
 37.0000
 38.6000
 39.8000
 41.8000
 44.0000
 44.4000
 52.6000


#Top pat = 24
  0.2000
  0.4000
  0.6000
  0.8000
  1.0000
  1.2000
  2.8000
  3.2000
  3.4000
  3.8000
  4.0000
  5.2000
  5.2000
  5.8000
  5.8000
  6.4000
  6.8000
  7.0000
  7.0000
  7.0000
  7.8000
  8.0000
  8.0000
  8.4000
  9.4000
 10.0000
 10.2000
 10.2000
 10.4000
 10.6000
 11.2000
 11.6000
 11.8000
 12.4000
 13.0000
 13.2000
 13.2000
 13.8000
 14.0000
 14.8000
 14.8000
 15.6000
 15.6000
 15.8000
 16.0000
 16.8000
 17.0000
 17.0000
 17.4000
 17.6000
 18.2000
 18.6000
 18.6000
 18.8000
 19.6000
 19.8000
 20.4000
 20.6000
 22.0000
 22.6000
 22.8000
 23.0000
 23.0000
 23.2000
 23.6000
 23.6000
 24.0000
 24.0000
 24.8000
 25.8000
 26.2000
 26.4000
 27.4000
 27.8000
 28.0000
 28.2000
 29.0000
 29.0000
 29.2000
 31.0000
 31.6000
 33.2000
 33.8000
 34.0000
 34.0000
 34.6000
 36.6000
 37.0000
 37.0000
 38.0000
 38.4000
 38.6000
 39.6000
 41.0000
 43.2000
 43.2000
 44.2000
 46.2000
 50.2000
 53.0000


#Top pat = 25
  0.2000
  0.8000
  0.8000
  1.8000
  2.8000
  3.4000
  4.4000
  8.0000
  8.8000
  9.0000
  9.2000
 10.0000
 10.2000
 10.4000
 11.6000
 11.8000
 11.8000
 12.0000
 12.2000
 12.6000
 12.8000
 12.8000
 13.0000
 13.4000
 13.8000
 14.0000
 14.0000
 14.2000
 14.4000
 14.6000
 14.8000
 14.8000
 14.8000
 15.0000
 15.0000
 15.0000
 15.4000
 15.8000
 16.2000
 16.4000
 16.6000
 16.8000
 17.6000
 18.4000
 18.8000
 19.0000
 19.4000
 19.8000
 19.8000
 20.2000
 20.6000
 20.8000
 21.0000
 21.2000
 21.4000
 21.8000
 22.2000
 22.6000
 22.6000
 23.6000
 24.0000
 24.0000
 24.0000
 24.2000
 25.2000
 25.6000
 26.8000
 28.2000
 29.2000
 30.8000
 30.8000
 32.6000
 32.8000
 33.4000
 33.4000
 34.2000
 34.6000
 34.8000
 36.8000
 37.6000
 38.2000
 38.4000
 39.0000
 39.8000
 40.0000
 40.2000
 41.0000
 41.2000
 41.4000
 44.6000
 45.6000
 46.4000
 47.0000
 49.0000
 53.6000
 53.8000
 55.0000
 56.4000
 57.6000
 66.4000


#Top pat = 26
  0.2000
  1.4000
  2.6000
  3.2000
  3.4000
  3.6000
  3.8000
  5.0000
  5.0000
  5.6000
  6.6000
  6.8000
  7.2000
  7.4000
  7.6000
  8.6000
  8.6000
  8.8000
  8.8000
  9.0000
  9.2000
  9.4000
  9.4000
  9.6000
 10.0000
 10.6000
 11.0000
 12.4000
 13.0000
 13.4000
 15.0000
 15.2000
 15.4000
 16.0000
 16.0000
 16.4000
 16.8000
 16.8000
 17.2000
 17.6000
 17.6000
 17.8000
 18.2000
 18.8000
 19.0000
 19.0000
 19.4000
 19.6000
 19.6000
 19.6000
 19.8000
 20.4000
 20.6000
 21.0000
 21.2000
 21.4000
 21.4000
 21.8000
 22.0000
 22.6000
 22.8000
 23.4000
 23.8000
 24.0000
 24.2000
 25.8000
 25.8000
 26.2000
 26.2000
 26.2000
 26.4000
 26.8000
 27.0000
 27.8000
 28.0000
 28.2000
 28.6000
 29.0000
 29.2000
 30.4000
 31.2000
 31.6000
 31.8000
 32.0000
 32.2000
 32.8000
 36.2000
 36.4000
 38.0000
 38.8000
 39.0000
 39.4000
 40.2000
 45.8000
 49.2000
 51.0000
 51.6000
 53.6000
 54.0000
 58.4000


#Top pat = 27
  1.0000
  1.6000
  1.8000
  2.6000
  2.8000
  3.0000
  3.0000
  3.2000
  3.8000
  4.0000
  5.4000
  6.6000
  8.0000
  8.0000
  8.2000
  8.4000
  9.6000
  9.6000
 10.2000
 11.2000
 11.2000
 11.4000
 11.4000
 11.8000
 11.8000
 12.0000
 13.0000
 13.0000
 13.2000
 13.4000
 14.2000
 15.0000
 15.0000
 15.8000
 16.0000
 16.2000
 16.2000
 16.4000
 16.6000
 17.4000
 18.0000
 18.2000
 18.2000
 18.4000
 19.2000
 19.4000
 19.6000
 20.0000
 20.2000
 21.2000
 21.8000
 22.2000
 22.6000
 22.8000
 23.2000
 23.4000
 24.0000
 24.2000
 24.2000
 24.8000
 26.0000
 26.2000
 26.8000
 28.2000
 29.2000
 29.4000
 29.8000
 30.4000
 30.6000
 30.8000
 31.0000
 31.0000
 31.2000
 31.6000
 31.6000
 32.4000
 33.0000
 33.0000
 33.2000
 34.0000
 35.8000
 36.4000
 38.2000
 40.0000
 40.0000
 40.2000
 40.6000
 42.0000
 43.0000
 43.2000
 43.6000
 44.6000
 46.2000
 46.6000
 50.2000
 50.6000
 51.4000
 53.0000
 56.8000
 56.8000


#Top pat = 28
  1.6000
  1.8000
  2.0000
  2.0000
  2.4000
  3.0000
  3.0000
  4.0000
  4.4000
  4.4000
  4.6000
  4.6000
  5.6000
  6.6000
  6.8000
  7.6000
  8.0000
  8.8000
  9.0000
 10.0000
 10.4000
 10.6000
 10.6000
 10.8000
 11.2000
 11.4000
 12.2000
 13.2000
 13.6000
 13.6000
 13.6000
 14.4000
 14.6000
 14.8000
 16.0000
 16.0000
 16.2000
 17.0000
 17.2000
 17.4000
 17.6000
 17.8000
 18.0000
 18.4000
 18.4000
 18.6000
 18.8000
 19.0000
 19.2000
 20.2000
 20.2000
 20.4000
 20.4000
 21.0000
 21.0000
 21.4000
 22.4000
 22.4000
 22.4000
 22.8000
 23.2000
 23.6000
 24.2000
 25.2000
 25.4000
 25.6000
 26.2000
 26.2000
 26.4000
 26.6000
 26.8000
 27.2000
 27.6000
 27.8000
 28.6000
 28.8000
 29.0000
 29.6000
 29.8000
 30.0000
 30.8000
 31.0000
 32.0000
 33.8000
 36.6000
 39.0000
 40.6000
 40.8000
 41.0000
 41.0000
 44.8000
 45.2000
 45.4000
 45.8000
 46.2000
 46.4000
 52.4000
 52.8000
 54.8000
 62.6000


#Top pat = 29
  0.0000
  1.2000
  1.2000
  1.4000
  1.8000
  2.4000
  2.8000
  2.8000
  3.0000
  3.2000
  3.2000
  3.6000
  4.6000
  4.6000
  5.0000
  5.4000
  5.4000
  5.6000
  5.8000
  6.6000
  6.8000
  7.0000
  7.6000
  7.6000
  9.0000
  9.4000
  9.4000
  9.6000
  9.6000
  9.8000
 10.2000
 10.6000
 11.0000
 11.0000
 11.2000
 11.4000
 11.6000
 11.8000
 11.8000
 12.4000
 12.8000
 13.0000
 13.4000
 14.0000
 14.6000
 15.2000
 15.6000
 17.2000
 17.6000
 18.4000
 18.8000
 19.0000
 20.0000
 20.0000
 20.4000
 20.8000
 22.2000
 22.2000
 22.2000
 23.0000
 23.4000
 23.6000
 23.6000
 24.0000
 24.6000
 24.8000
 25.0000
 25.2000
 25.6000
 25.6000
 25.8000
 27.4000
 27.8000
 28.8000
 29.2000
 29.4000
 30.0000
 30.6000
 30.8000
 31.4000
 31.8000
 32.0000
 33.2000
 34.6000
 35.6000
 36.0000
 36.6000
 36.6000
 37.2000
 37.6000
 37.8000
 38.2000
 38.6000
 39.8000
 44.0000
 44.2000
 46.4000
 50.4000
 53.0000
 56.4000


#Top pat = 30
  0.0000
  1.6000
  2.6000
  3.8000
  4.2000
  4.6000
  5.0000
  6.0000
  6.2000
  6.4000
  7.0000
  7.6000
  8.0000
  8.2000
  8.4000
  8.4000
  8.8000
  8.8000
  8.8000
  9.4000
  9.8000
 10.2000
 11.4000
 11.4000
 12.0000
 12.6000
 13.0000
 13.6000
 13.6000
 13.8000
 14.0000
 14.6000
 15.2000
 15.2000
 15.2000
 17.0000
 17.6000
 18.4000
 18.6000
 19.0000
 19.2000
 19.8000
 20.0000
 20.2000
 21.4000
 21.6000
 22.4000
 22.4000
 22.8000
 23.0000
 23.2000
 23.4000
 24.2000
 24.4000
 24.6000
 24.6000
 25.2000
 25.6000
 26.8000
 27.0000
 27.4000
 27.8000
 28.0000
 28.0000
 28.4000
 29.0000
 29.2000
 30.0000
 30.0000
 30.4000
 30.6000
 31.0000
 31.0000
 31.6000
 32.6000
 33.2000
 33.6000
 34.6000
 34.8000
 35.0000
 36.0000
 36.0000
 36.0000
 36.4000
 36.6000
 36.8000
 37.8000
 38.6000
 38.6000
 38.8000
 41.8000
 42.2000
 42.4000
 43.6000
 44.2000
 45.6000
 46.6000
 48.8000
 51.4000
 64.2000


#Top pat = 31
  1.4000
  2.2000
  3.0000
  3.4000
  3.8000
  4.0000
  4.0000
  4.4000
  4.4000
  4.4000
  5.6000
  6.0000
  6.4000
  6.6000
  7.2000
  7.6000
  7.6000
  7.8000
  8.4000
  8.8000
  8.8000
  8.8000
  8.8000
  9.0000
  9.2000
  9.4000
  9.4000
  9.8000
 10.0000
 10.8000
 12.8000
 14.6000
 14.6000
 15.2000
 16.4000
 16.8000
 17.0000
 17.4000
 17.6000
 17.6000
 18.0000
 18.4000
 18.8000
 19.6000
 20.0000
 20.2000
 20.6000
 21.8000
 22.4000
 23.2000
 23.6000
 23.8000
 24.2000
 24.2000
 24.6000
 25.0000
 25.4000
 25.4000
 26.0000
 26.6000
 27.0000
 27.4000
 27.6000
 27.6000
 28.0000
 28.0000
 28.4000
 28.8000
 29.2000
 29.4000
 30.2000
 30.2000
 30.6000
 31.4000
 32.4000
 32.6000
 33.2000
 35.4000
 35.8000
 37.8000
 38.0000
 38.6000
 38.8000
 40.6000
 42.2000
 42.4000
 42.4000
 42.8000
 43.6000
 45.4000
 45.4000
 46.4000
 46.8000
 47.0000
 47.2000
 48.6000
 49.0000
 53.0000
 60.0000
 68.8000


#Top pat = 32
  0.2000
  0.2000
  1.2000
  1.4000
  2.0000
  2.4000
  2.6000
  2.8000
  3.0000
  3.4000
  6.2000
  6.6000
  6.8000
  7.4000
  8.2000
  8.8000
  9.2000
  9.4000
  9.4000
  9.4000
 10.2000
 10.4000
 10.4000
 10.6000
 11.4000
 11.8000
 12.2000
 13.0000
 13.0000
 13.2000
 13.2000
 13.4000
 13.8000
 13.8000
 14.6000
 16.0000
 16.2000
 16.6000
 16.8000
 17.0000
 17.2000
 17.4000
 17.6000
 18.0000
 18.4000
 18.6000
 19.2000
 19.8000
 19.8000
 20.4000
 21.0000
 21.0000
 21.4000
 21.4000
 21.4000
 23.4000
 23.6000
 25.0000
 26.0000
 26.8000
 27.0000
 27.0000
 27.2000
 27.4000
 27.8000
 27.8000
 28.8000
 28.8000
 29.2000
 29.4000
 30.0000
 30.2000
 30.4000
 30.6000
 30.8000
 30.8000
 31.0000
 32.6000
 35.6000
 36.6000
 37.0000
 37.0000
 39.2000
 39.2000
 41.8000
 42.0000
 43.6000
 46.0000
 47.2000
 47.8000
 48.4000
 48.4000
 50.2000
 51.4000
 52.2000
 54.8000
 55.2000
 55.4000
 61.4000
 70.6000


#Top pat = 33
  2.0000
  2.0000
  2.0000
  2.6000
  4.2000
  4.8000
  4.8000
  5.0000
  5.2000
  5.4000
  6.0000
  6.6000
  6.6000
  7.2000
  7.4000
  7.8000
  8.0000
  8.2000
  8.6000
  8.8000
  9.0000
  9.0000
  9.4000
 11.0000
 11.2000
 11.4000
 11.8000
 12.4000
 12.6000
 12.8000
 13.0000
 13.8000
 14.4000
 16.0000
 16.4000
 17.0000
 17.0000
 17.2000
 17.4000
 17.4000
 18.0000
 18.6000
 18.6000
 19.4000
 19.8000
 20.2000
 21.4000
 21.8000
 22.4000
 22.8000
 22.8000
 23.8000
 23.8000
 24.0000
 24.6000
 24.6000
 25.0000
 25.0000
 25.2000
 25.4000
 25.8000
 26.8000
 27.8000
 28.0000
 29.4000
 30.0000
 30.8000
 31.2000
 31.8000
 32.0000
 32.4000
 32.6000
 32.6000
 32.8000
 34.4000
 34.6000
 34.8000
 35.4000
 36.0000
 36.2000
 36.8000
 37.6000
 37.6000
 38.6000
 38.8000
 39.2000
 39.8000
 43.0000
 43.2000
 44.8000
 46.6000
 47.0000
 47.2000
 47.4000
 53.0000
 53.4000
 53.6000
 54.0000
 55.2000
 66.0000


#Top pat = 34
  0.4000
  0.8000
  0.8000
  1.8000
  2.0000
  3.6000
  3.8000
  4.0000
  4.0000
  4.2000
  4.6000
  4.6000
  4.8000
  5.2000
  5.8000
  6.0000
  6.2000
  6.4000
  6.6000
  8.0000
  9.0000
  9.2000
  9.6000
  9.8000
 10.2000
 11.2000
 11.6000
 11.8000
 12.8000
 13.2000
 13.4000
 14.0000
 14.8000
 14.8000
 15.0000
 15.0000
 15.0000
 15.4000
 16.0000
 16.8000
 16.8000
 16.8000
 17.4000
 17.6000
 17.8000
 18.0000
 18.8000
 19.2000
 19.8000
 21.2000
 21.2000
 21.4000
 21.4000
 22.0000
 22.2000
 23.4000
 25.0000
 25.4000
 25.8000
 26.8000
 27.2000
 28.2000
 28.6000
 28.8000
 29.0000
 29.0000
 29.6000
 29.8000
 30.6000
 30.8000
 31.0000
 31.4000
 32.0000
 32.8000
 33.2000
 34.0000
 34.0000
 35.6000
 36.4000
 36.8000
 37.2000
 37.6000
 39.0000
 39.4000
 39.6000
 41.2000
 42.2000
 45.0000
 45.0000
 45.2000
 46.4000
 46.4000
 46.6000
 46.8000
 48.0000
 49.4000
 50.8000
 53.2000
 54.0000
 68.2000


#Top pat = 35
  0.8000
  2.0000
  3.0000
  3.2000
  3.6000
  4.0000
  4.4000
  4.4000
  6.2000
  6.2000
  6.4000
  6.6000
  7.6000
  7.6000
  8.2000
  8.2000
  8.4000
  8.6000
  8.8000
  9.6000
 10.4000
 11.4000
 11.4000
 12.0000
 14.0000
 15.0000
 15.0000
 15.0000
 15.2000
 15.2000
 15.8000
 16.6000
 17.6000
 18.2000
 18.6000
 18.8000
 18.8000
 19.0000
 19.2000
 19.6000
 21.0000
 21.0000
 21.0000
 21.2000
 21.8000
 22.0000
 22.0000
 22.4000
 22.4000
 22.6000
 22.8000
 22.8000
 23.0000
 23.6000
 23.6000
 25.2000
 25.4000
 25.4000
 25.4000
 25.8000
 28.0000
 28.2000
 28.6000
 29.0000
 29.2000
 29.2000
 29.4000
 30.2000
 30.2000
 30.4000
 30.6000
 31.4000
 33.2000
 33.4000
 34.2000
 36.4000
 38.4000
 38.6000
 39.4000
 39.6000
 40.6000
 41.8000
 42.2000
 42.8000
 43.2000
 43.2000
 43.4000
 43.8000
 44.2000
 46.0000
 46.8000
 47.2000
 48.6000
 49.2000
 52.0000
 52.8000
 58.6000
 61.4000
 72.8000
 74.8000


#Top pat = 36
  0.6000
  1.8000
  2.6000
  3.2000
  3.8000
  4.4000
  4.8000
  4.8000
  5.2000
  7.2000
  9.4000
  9.6000
 10.0000
 11.4000
 11.8000
 11.8000
 12.2000
 12.6000
 12.8000
 13.0000
 13.0000
 13.4000
 13.6000
 13.6000
 14.2000
 14.4000
 14.6000
 14.8000
 14.8000
 15.2000
 15.4000
 15.8000
 16.6000
 16.8000
 17.2000
 17.2000
 17.6000
 18.0000
 18.0000
 18.2000
 18.2000
 18.4000
 18.4000
 18.8000
 18.8000
 20.0000
 20.0000
 20.8000
 21.2000
 21.8000
 23.6000
 24.2000
 24.6000
 24.6000
 24.8000
 25.4000
 26.2000
 26.4000
 26.6000
 26.6000
 27.6000
 27.6000
 28.4000
 28.6000
 28.8000
 29.0000
 30.6000
 31.2000
 31.4000
 33.2000
 33.6000
 35.2000
 35.8000
 36.2000
 36.8000
 37.4000
 37.6000
 37.8000
 38.6000
 39.2000
 39.6000
 39.8000
 41.2000
 42.8000
 43.0000
 43.2000
 44.8000
 45.0000
 46.0000
 46.2000
 46.4000
 48.8000
 49.0000
 50.0000
 53.8000
 54.6000
 55.6000
 56.0000
 57.0000
 58.8000


#Top pat = 37
  0.8000
  1.6000
  1.8000
  2.8000
  3.6000
  3.6000
  4.8000
  5.2000
  5.4000
  6.0000
  6.4000
  6.6000
  6.8000
  6.8000
  7.0000
  7.2000
  8.0000
  8.2000
  8.8000
 10.8000
 10.8000
 11.0000
 11.6000
 11.6000
 11.8000
 11.8000
 12.0000
 13.0000
 13.2000
 13.2000
 13.4000
 14.6000
 14.6000
 14.8000
 16.0000
 16.8000
 17.4000
 17.8000
 17.8000
 19.8000
 20.2000
 20.8000
 21.0000
 21.0000
 21.2000
 22.0000
 23.4000
 23.4000
 23.8000
 23.8000
 24.0000
 25.4000
 25.8000
 26.4000
 26.4000
 26.8000
 26.8000
 28.8000
 29.0000
 29.4000
 29.4000
 29.4000
 29.6000
 30.0000
 30.0000
 30.4000
 30.6000
 31.2000
 32.0000
 32.6000
 33.4000
 34.4000
 35.2000
 37.4000
 37.8000
 37.8000
 39.2000
 41.0000
 41.4000
 41.6000
 42.2000
 45.4000
 46.2000
 48.4000
 48.6000
 49.6000
 49.8000
 50.6000
 51.0000
 51.8000
 52.2000
 52.4000
 54.0000
 54.8000
 58.4000
 58.8000
 61.2000
 63.4000
 66.4000
 73.4000


#Top pat = 38
  2.6000
  2.6000
  4.8000
  5.0000
  5.2000
  5.6000
  6.8000
  7.0000
  7.2000
  7.4000
  7.6000
  7.8000
  8.4000
  8.8000
  9.0000
  9.2000
  9.2000
 10.0000
 10.2000
 10.4000
 10.6000
 11.6000
 11.8000
 12.2000
 12.4000
 12.4000
 12.6000
 13.0000
 13.2000
 13.6000
 14.4000
 14.8000
 15.4000
 15.4000
 15.4000
 15.6000
 15.8000
 16.0000
 16.2000
 16.6000
 17.0000
 17.4000
 17.8000
 18.2000
 18.4000
 19.4000
 19.4000
 19.6000
 19.8000
 20.4000
 20.4000
 20.6000
 20.8000
 22.0000
 22.6000
 23.0000
 24.2000
 25.6000
 26.4000
 26.6000
 26.6000
 27.6000
 28.4000
 28.4000
 28.6000
 29.6000
 30.0000
 30.0000
 30.6000
 30.8000
 31.2000
 31.2000
 31.6000
 33.0000
 33.2000
 33.4000
 34.2000
 34.4000
 35.0000
 35.4000
 36.0000
 37.6000
 37.6000
 38.6000
 39.2000
 39.6000
 40.4000
 43.8000
 45.4000
 45.6000
 45.6000
 46.0000
 49.6000
 50.6000
 52.2000
 55.6000
 62.8000
 63.8000
 70.6000
 73.6000


#Top pat = 39
  0.2000
  0.2000
  2.6000
  3.8000
  4.4000
  5.4000
  6.0000
  6.6000
  7.0000
  7.0000
  7.4000
  7.4000
  8.6000
  8.8000
  9.0000
  9.4000
  9.8000
 10.8000
 11.0000
 11.0000
 11.2000
 11.6000
 12.0000
 12.6000
 13.6000
 14.0000
 14.2000
 14.2000
 14.4000
 14.6000
 14.8000
 15.8000
 16.6000
 17.0000
 17.2000
 17.4000
 20.2000
 20.6000
 20.6000
 21.0000
 22.2000
 22.6000
 23.0000
 23.6000
 23.8000
 23.8000
 24.2000
 24.8000
 25.2000
 25.4000
 25.6000
 26.2000
 26.4000
 26.6000
 27.0000
 27.2000
 28.0000
 28.4000
 28.6000
 30.2000
 30.6000
 33.6000
 34.2000
 34.6000
 35.4000
 37.2000
 37.4000
 37.8000
 40.4000
 40.8000
 41.4000
 41.6000
 41.6000
 43.2000
 43.2000
 44.2000
 45.0000
 45.2000
 45.2000
 46.0000
 46.2000
 46.4000
 47.0000
 47.2000
 47.6000
 47.8000
 48.0000
 49.8000
 50.0000
 51.6000
 51.8000
 52.8000
 55.0000
 55.2000
 56.0000
 57.2000
 59.8000
 63.4000
 66.4000
 66.6000


#Top pat = 40
  1.2000
  1.4000
  1.8000
  3.6000
  4.4000
  5.0000
  5.2000
  5.8000
  5.8000
  6.0000
  7.4000
  7.4000
  7.6000
  8.8000
  9.2000
  9.2000
 10.6000
 11.0000
 11.2000
 12.2000
 13.4000
 13.4000
 14.4000
 14.4000
 15.2000
 15.4000
 16.4000
 16.8000
 16.8000
 17.2000
 17.4000
 17.8000
 18.0000
 18.0000
 19.4000
 19.6000
 20.0000
 20.4000
 22.2000
 22.8000
 23.2000
 24.0000
 24.4000
 24.8000
 25.2000
 25.8000
 27.0000
 27.0000
 27.4000
 28.6000
 29.2000
 29.2000
 29.6000
 30.4000
 31.2000
 31.6000
 31.6000
 32.2000
 32.2000
 32.6000
 33.2000
 33.2000
 33.2000
 34.2000
 35.6000
 35.6000
 36.0000
 36.0000
 36.8000
 39.2000
 39.6000
 39.8000
 40.8000
 41.0000
 41.4000
 42.2000
 42.6000
 42.6000
 47.4000
 48.6000
 48.6000
 49.6000
 50.4000
 50.6000
 50.8000
 51.0000
 52.6000
 53.8000
 54.4000
 55.6000
 56.2000
 56.8000
 57.2000
 62.2000
 63.4000
 65.6000
 66.6000
 68.4000
 75.4000
 76.4000


#Top pat = 41
  0.8000
  1.2000
  1.4000
  3.8000
  4.0000
  4.4000
  5.0000
  5.2000
  5.6000
  6.0000
  7.4000
  8.0000
  8.4000
  8.6000
  8.8000
  9.8000
  9.8000
 10.4000
 10.6000
 10.6000
 10.8000
 12.2000
 13.0000
 13.2000
 13.6000
 14.0000
 14.2000
 14.4000
 15.0000
 15.2000
 15.8000
 17.4000
 18.4000
 18.6000
 18.8000
 19.6000
 19.8000
 20.0000
 20.2000
 21.2000
 21.8000
 22.2000
 24.4000
 25.2000
 26.8000
 27.0000
 27.2000
 27.4000
 27.8000
 28.4000
 28.4000
 29.2000
 29.4000
 29.6000
 30.0000
 30.6000
 30.8000
 31.0000
 31.0000
 31.6000
 31.8000
 31.8000
 33.0000
 33.2000
 33.4000
 34.6000
 35.2000
 35.8000
 36.2000
 36.2000
 37.4000
 37.6000
 38.0000
 38.2000
 38.4000
 39.6000
 41.2000
 42.8000
 44.2000
 44.4000
 45.6000
 46.2000
 47.2000
 48.2000
 49.2000
 49.2000
 50.6000
 50.8000
 51.4000
 52.2000
 52.4000
 53.8000
 54.4000
 55.6000
 57.6000
 58.8000
 62.2000
 67.4000
 69.4000
 95.2000


#Top pat = 42
  0.6000
  1.6000
  1.6000
  4.4000
  4.6000
  5.0000
  6.2000
  7.0000
  7.2000
  7.2000
  7.8000
  8.4000
  8.6000
  9.2000
  9.4000
  9.6000
 11.8000
 12.0000
 12.2000
 13.0000
 13.2000
 14.4000
 15.0000
 15.2000
 15.2000
 16.6000
 16.8000
 18.2000
 19.6000
 19.6000
 20.2000
 20.4000
 20.6000
 20.8000
 21.4000
 21.6000
 21.6000
 22.6000
 23.4000
 23.8000
 23.8000
 24.0000
 24.0000
 24.2000
 25.2000
 25.4000
 25.4000
 25.4000
 25.6000
 25.6000
 26.6000
 27.4000
 28.4000
 28.8000
 29.0000
 29.2000
 29.2000
 29.6000
 29.8000
 31.6000
 31.8000
 32.8000
 33.8000
 34.4000
 34.6000
 34.6000
 34.8000
 35.2000
 35.2000
 35.4000
 35.6000
 35.6000
 36.0000
 38.2000
 38.4000
 39.2000
 39.6000
 39.8000
 40.4000
 40.4000
 41.2000
 43.2000
 44.8000
 45.6000
 48.2000
 48.8000
 49.6000
 50.6000
 53.6000
 54.4000
 55.0000
 55.8000
 55.8000
 56.8000
 59.4000
 62.8000
 66.4000
 67.2000
 67.8000
 86.0000


#Top pat = 43
  0.4000
  1.4000
  2.4000
  2.8000
  2.8000
  4.4000
  4.4000
  4.8000
  5.0000
  5.4000
  6.0000
  6.4000
  6.6000
  6.8000
  7.4000
  7.8000
  8.2000
  8.4000
  8.6000
  9.2000
  9.4000
  9.4000
 10.6000
 10.6000
 11.2000
 11.2000
 11.8000
 12.0000
 12.2000
 12.2000
 13.6000
 14.2000
 14.6000
 15.8000
 16.0000
 16.6000
 18.4000
 18.6000
 19.4000
 20.0000
 20.2000
 21.2000
 21.4000
 21.8000
 22.0000
 23.8000
 24.2000
 24.8000
 27.0000
 27.2000
 27.6000
 27.8000
 28.2000
 30.2000
 30.6000
 30.8000
 31.0000
 31.4000
 31.6000
 31.6000
 31.6000
 32.8000
 33.2000
 33.8000
 34.0000
 35.4000
 36.0000
 37.4000
 40.0000
 40.6000
 41.0000
 41.2000
 42.4000
 42.4000
 42.8000
 43.0000
 43.0000
 44.8000
 45.2000
 45.2000
 47.4000
 47.6000
 47.6000
 51.2000
 52.2000
 53.0000
 53.2000
 54.6000
 57.0000
 57.4000
 58.0000
 58.2000
 58.6000
 58.8000
 60.8000
 62.6000
 63.4000
 65.0000
 75.2000
 91.0000


#Top pat = 44
  1.2000
  2.0000
  2.6000
  2.8000
  3.0000
  3.4000
  4.4000
  5.4000
  5.8000
  6.0000
  6.2000
  6.6000
  7.4000
  7.8000
  8.6000
  8.6000
  9.4000
  9.8000
  9.8000
 10.6000
 12.4000
 13.2000
 13.6000
 13.8000
 14.2000
 14.4000
 15.8000
 15.8000
 16.6000
 17.0000
 17.2000
 17.4000
 17.8000
 18.4000
 18.6000
 19.0000
 19.8000
 20.4000
 21.0000
 22.2000
 22.4000
 22.8000
 23.0000
 23.8000
 23.8000
 24.0000
 24.2000
 24.2000
 24.4000
 24.8000
 24.8000
 25.2000
 25.4000
 27.0000
 27.0000
 28.2000
 28.4000
 28.8000
 29.0000
 29.4000
 30.4000
 30.4000
 30.6000
 31.8000
 32.6000
 33.6000
 33.8000
 36.2000
 37.4000
 37.8000
 38.8000
 39.0000
 39.2000
 40.4000
 40.8000
 41.4000
 42.0000
 42.6000
 42.6000
 43.4000
 49.2000
 49.6000
 51.4000
 52.0000
 52.4000
 52.4000
 52.8000
 55.4000
 56.8000
 57.4000
 58.4000
 58.6000
 60.4000
 63.8000
 67.2000
 70.0000
 70.0000
 70.4000
 73.6000
 74.2000


#Top pat = 45
  0.4000
  1.4000
  1.8000
  2.2000
  2.8000
  3.0000
  3.6000
  3.8000
  4.2000
  5.6000
  6.2000
  7.0000
  7.2000
  7.6000
  8.2000
 10.2000
 10.4000
 10.8000
 10.8000
 10.8000
 11.2000
 11.4000
 11.8000
 12.4000
 12.6000
 12.8000
 13.4000
 14.0000
 16.4000
 17.0000
 17.2000
 17.4000
 17.4000
 17.6000
 18.4000
 18.4000
 18.8000
 18.8000
 19.6000
 21.0000
 21.6000
 22.0000
 22.0000
 22.2000
 24.8000
 25.4000
 25.8000
 27.2000
 28.4000
 29.0000
 29.0000
 29.4000
 29.8000
 29.8000
 30.0000
 30.2000
 30.6000
 31.4000
 31.6000
 31.8000
 32.0000
 32.4000
 34.6000
 34.8000
 36.0000
 36.4000
 37.2000
 38.6000
 38.8000
 39.4000
 40.0000
 41.4000
 41.4000
 41.6000
 43.0000
 44.8000
 45.0000
 45.2000
 45.4000
 45.6000
 48.0000
 49.2000
 50.2000
 50.4000
 51.6000
 52.4000
 53.0000
 55.6000
 57.0000
 57.0000
 58.6000
 58.8000
 59.0000
 59.0000
 59.4000
 62.0000
 62.2000
 62.4000
 64.4000
 78.8000


#Top pat = 46
  0.4000
  1.8000
  3.2000
  3.4000
  5.0000
  5.8000
  6.4000
  6.6000
  7.2000
  7.4000
  8.0000
  9.0000
  9.2000
  9.6000
 10.8000
 10.8000
 11.4000
 11.4000
 12.6000
 13.6000
 14.0000
 14.0000
 14.2000
 14.4000
 14.4000
 14.8000
 15.2000
 15.8000
 16.6000
 16.8000
 17.6000
 17.8000
 17.8000
 18.6000
 19.0000
 19.0000
 22.2000
 22.2000
 22.4000
 22.6000
 23.2000
 23.8000
 25.0000
 25.2000
 25.4000
 25.4000
 26.8000
 27.4000
 28.6000
 28.6000
 28.6000
 29.4000
 31.2000
 31.6000
 32.0000
 32.0000
 32.6000
 35.6000
 36.0000
 36.4000
 37.0000
 37.2000
 37.4000
 37.4000
 37.8000
 38.0000
 39.2000
 39.4000
 39.8000
 40.0000
 41.0000
 41.6000
 42.0000
 43.0000
 43.2000
 43.4000
 45.2000
 45.4000
 46.0000
 48.2000
 48.2000
 49.2000
 49.6000
 50.0000
 50.4000
 51.8000
 52.4000
 53.4000
 55.0000
 55.8000
 56.2000
 56.8000
 57.2000
 58.6000
 59.0000
 59.4000
 60.8000
 62.4000
 68.6000
 72.2000


#Top pat = 47
  1.2000
  1.6000
  1.6000
  2.4000
  2.8000
  3.8000
  3.8000
  4.0000
  4.6000
  6.4000
  7.4000
  8.4000
  8.4000
 10.0000
 10.2000
 10.4000
 10.6000
 11.8000
 13.0000
 13.8000
 13.8000
 14.2000
 14.4000
 14.4000
 14.6000
 15.8000
 15.8000
 16.2000
 16.8000
 17.2000
 17.8000
 18.0000
 18.8000
 19.0000
 19.8000
 21.2000
 21.6000
 21.8000
 22.4000
 24.0000
 24.0000
 24.4000
 24.4000
 24.8000
 25.8000
 26.6000
 26.6000
 27.2000
 27.2000
 28.6000
 28.8000
 29.0000
 29.2000
 29.2000
 30.8000
 31.0000
 31.4000
 32.0000
 32.2000
 33.2000
 33.6000
 34.4000
 35.0000
 36.2000
 36.6000
 37.2000
 37.8000
 38.6000
 39.0000
 39.4000
 39.4000
 40.0000
 40.2000
 41.0000
 42.2000
 42.8000
 43.2000
 44.2000
 44.4000
 44.6000
 45.4000
 45.4000
 46.0000
 46.4000
 47.0000
 47.4000
 49.0000
 50.8000
 52.4000
 54.6000
 56.4000
 58.4000
 59.8000
 61.6000
 69.6000
 69.8000
 76.0000
 78.2000
 82.0000
 84.0000


#Top pat = 48
  0.6000
  0.8000
  4.4000
  4.6000
  5.4000
  6.6000
  7.0000
  7.2000
  8.2000
  8.6000
  9.6000
 10.4000
 12.0000
 12.2000
 14.0000
 14.2000
 14.4000
 14.4000
 14.8000
 16.0000
 16.6000
 17.0000
 17.8000
 18.2000
 19.2000
 19.8000
 20.0000
 20.0000
 20.4000
 20.6000
 20.6000
 20.8000
 20.8000
 21.2000
 21.4000
 21.8000
 22.0000
 22.2000
 23.2000
 24.4000
 24.6000
 24.8000
 25.2000
 26.2000
 26.6000
 29.2000
 29.4000
 30.0000
 30.4000
 30.6000
 30.8000
 31.0000
 31.6000
 31.8000
 32.6000
 33.8000
 34.2000
 34.2000
 34.4000
 34.8000
 34.8000
 35.0000
 35.2000
 35.4000
 35.6000
 35.8000
 36.0000
 36.8000
 37.6000
 37.8000
 39.0000
 39.2000
 40.0000
 41.0000
 41.4000
 42.2000
 43.0000
 43.2000
 44.0000
 44.2000
 44.2000
 45.8000
 46.0000
 46.4000
 46.4000
 46.6000
 48.6000
 50.2000
 50.8000
 53.2000
 54.0000
 56.4000
 56.6000
 56.8000
 58.8000
 63.0000
 69.0000
 69.0000
 69.6000
 74.4000


#Top pat = 49
  1.8000
  2.2000
  3.6000
  5.2000
  5.2000
  6.2000
  6.6000
  6.8000
  7.0000
  8.6000
  9.0000
  9.6000
 10.2000
 11.0000
 11.2000
 11.4000
 11.6000
 11.8000
 13.0000
 13.2000
 13.4000
 14.0000
 14.4000
 14.4000
 14.4000
 15.4000
 15.4000
 15.4000
 16.6000
 18.2000
 18.6000
 19.2000
 20.0000
 20.2000
 21.2000
 21.8000
 22.0000
 22.4000
 22.4000
 22.6000
 23.2000
 23.2000
 24.6000
 25.4000
 25.4000
 26.0000
 26.2000
 26.2000
 26.2000
 26.4000
 26.4000
 26.8000
 27.8000
 28.0000
 28.6000
 28.6000
 28.8000
 31.8000
 31.8000
 32.6000
 32.6000
 33.6000
 34.2000
 35.0000
 35.2000
 36.6000
 37.6000
 37.8000
 39.0000
 39.6000
 40.0000
 40.2000
 41.6000
 42.8000
 43.0000
 44.2000
 44.2000
 46.0000
 47.6000
 48.0000
 48.0000
 50.0000
 50.8000
 51.2000
 52.0000
 52.0000
 52.2000
 52.4000
 52.4000
 53.8000
 54.2000
 54.4000
 57.0000
 58.4000
 63.8000
 64.4000
 64.4000
 65.4000
 65.4000
 68.2000


#Top pat = 50
  1.8000
  2.4000
  3.0000
  4.4000
  4.4000
  4.6000
  5.6000
  5.8000
  6.2000
  6.8000
  8.0000
  8.4000
  9.2000
  9.2000
  9.8000
 10.4000
 11.4000
 11.6000
 11.6000
 12.2000
 12.4000
 13.4000
 13.8000
 14.4000
 15.2000
 15.4000
 16.4000
 16.6000
 17.0000
 17.2000
 18.4000
 20.4000
 21.2000
 21.8000
 21.8000
 22.0000
 22.6000
 23.0000
 23.8000
 24.4000
 24.6000
 24.8000
 25.2000
 25.4000
 25.4000
 26.2000
 27.4000
 27.4000
 27.8000
 28.4000
 29.0000
 29.8000
 30.0000
 30.4000
 31.6000
 32.4000
 32.6000
 32.8000
 33.0000
 33.0000
 33.8000
 34.0000
 34.2000
 34.4000
 34.6000
 35.0000
 35.2000
 36.2000
 36.8000
 37.4000
 37.6000
 38.0000
 39.8000
 40.4000
 42.2000
 42.2000
 43.2000
 44.8000
 45.2000
 47.2000
 47.2000
 47.6000
 48.8000
 49.6000
 49.8000
 50.8000
 53.0000
 56.2000
 56.6000
 57.6000
 57.8000
 59.6000
 61.6000
 63.2000
 66.2000
 70.0000
 70.4000
 71.4000
 77.8000
100.2000


