num :     1    1.00 0.00000    1.00    0.49 :    0.00  (   0.00    0.00)      0.24   (   0.00    0.00)    0.00 :  0.000     0.00     0.00 | 89.50 -99.00 vals :     1 (0.000 > 0.000) (0.000 < 5100.451) (    0 >     0) (   10 >     0) compare:  209.99    0.451  0.0000  0.5100  1790.0   10.017  0.0000  0.0000 
num :     2    1.51 0.49990    1.51    1.61 :    0.25  (   0.00    0.00)      0.42   (   0.00    0.00)    0.15 :  0.000     0.00     0.26 | 76.05 -99.00 vals :     2 (0.000 > 0.000) (0.000 < 2300.716) (    0 >     0) (   12 >     6) compare:  331.31    6.026  0.0000  0.2300   968.5   12.013  0.0000  0.0000 
num :     3    1.64 0.57480    1.64    7.27 :    1.18  (   0.00    0.02)      1.31   (   0.00    0.00)    0.22 :  0.000     0.55     1.17 | 50.14 -99.00 vals :     3 (0.004 > 0.010) (0.000 < 0.573) (    0 >     0) (   15 >    13) compare:  424.21   12.999  0.0103  0.0000   503.3   14.527  0.0040  0.0000 
num :     4    1.61 0.58129    1.61   23.10 :    6.08  (   0.31    0.51)      1.48   (   0.03    0.06)    0.62 :  0.000     0.91     1.80 | 36.94 -98.96 vals :     4 (0.098 > 0.160) (0.000 < 0.377) (    0 >     0) (   16 >    16) compare:  394.74   16.113  0.1599  0.0000   384.1   16.492  0.0980  0.0000 
num :     5    1.74 0.57654    1.74   41.17 :    5.35  (   1.16    1.09)      1.20   (   0.13    0.26)    2.21 :  0.000     1.14     1.95 | 33.13 -98.96 vals :     5 (0.209 > 0.296) (0.000 < 0.295) (    0 >     0) (   18 >    17) compare:  353.46   17.460  0.2960  0.0000   320.4   17.514  0.2093  0.0000 
num :     6    1.74 0.62642    1.74   54.30 :    2.09  (   2.16    1.47)      1.20   (   0.23    0.37)    3.35 :  0.001     0.72     1.35 | 32.11 -98.97 vals :     6 (0.320 > 0.364) (0.000 < 0.263) (    1 >     1) (   18 >    18) compare:  333.68   18.009  0.3638  0.0000   325.1   18.096  0.3203  0.0000 
num :     7    2.27 0.74639    2.26   58.42 :    2.40  (   2.33    1.99)      1.90   (   0.17    0.46)    5.30 :  0.001     1.86     1.81 | 40.24 -98.90 vals :     7 (0.278 > 0.354) (0.000 < 0.268) (    1 >     1) (   18 >    18) compare:  310.18   18.113  0.3542  0.0000   271.7   17.822  0.2777  0.0000 
num :     8    2.74 1.06414    2.73   58.68 :    2.05  (   2.11    2.51)      1.71   (   0.09    0.43)    5.53 :  0.001     2.21     1.94 | 48.26 -98.95 vals :     8 (0.283 > 0.321) (0.000 < 0.287) (    2 >     2) (   18 >    18) compare:  275.80   18.131  0.3210  0.0000   265.9   17.946  0.2828  0.0000 
num :     9    3.50 1.00499    3.50   64.93 :    1.61  (   1.87    3.25)      1.47   (   0.03    0.32)    8.97 :  0.001     2.27     1.80 | 57.08 -98.95 vals :     9 (0.266 > 0.289) (0.000 < 0.310) (    2 >     2) (   18 >    18) compare:  218.04   18.099  0.2893  0.0000   187.5   17.986  0.2664  0.0000 
num :    10    4.12 1.12499    4.12   74.08 :    1.29  (   1.74    3.84)      1.49   (   0.00    0.29)    5.75 :  0.001     2.24     1.74 | 59.31 -98.90 vals :    10 (0.256 > 0.276) (0.000 < 0.320) (    2 >     2) (   18 >    18) compare:  182.45   18.162  0.2759  0.0000   148.4   18.054  0.2555  0.0000 
num :    11    4.73 1.27165    4.72   85.42 :    1.24  (   1.44    4.34)      1.35   (   0.01    0.16)   11.26 :  0.001     3.44     3.66 | 62.27 -98.82 vals :    11 (0.236 > 0.257) (0.000 < 0.337) (    2 >     2) (   18 >    18) compare:  153.20   18.248  0.2569  0.0000   106.6   18.017  0.2364  0.0000 
num :    12    5.35 1.39553    5.35  104.43 :    1.01  (   1.15    4.86)      1.14   (   0.00    0.08)   14.44 :  0.001     3.92     4.56 | 63.13 -98.78 vals :    12 (0.223 > 0.237) (0.000 < 0.350) (    2 >     2) (   18 >    18) compare:  131.25   18.383  0.2367  0.0000    71.1   18.044  0.2229  0.0000 
num :    13    6.02 1.34893    6.01  115.30 :    0.85  (   0.80    5.39)      1.01   (   0.00    0.05)   18.43 :  0.001     3.83     8.91 | 66.97 -98.84 vals :    13 (0.205 > 0.219) (0.000 < 0.368) (    2 >     2) (   18 >    18) compare:  104.73   18.480  0.2192  0.0000    40.8   18.045  0.2051  0.0000 
num :    14    6.53 1.29194    6.49  130.10 :    0.77  (   0.54    5.74)      0.78   (   0.00    0.00)   19.27 :  0.000     7.13    15.67 | 69.00 -98.95 vals :    14 (0.195 > 0.195) (0.000 < 0.393) (    2 >     2) (   18 >    19) compare:   87.96   18.623  0.1947  0.0000    27.9   17.984  0.1952  0.0000 
num :    15    6.97 1.33008    6.87  148.91 :    0.70  (   0.36    6.15)      0.57   (   0.00    0.00)   25.94 :  0.000    11.23    31.43 | 70.10 -98.78 vals :    15 (0.188 > 0.175) (0.000 < 0.410) (    2 >     2) (   18 >    19) compare:   67.71   18.796  0.1754  0.0000    15.9   17.928  0.1883  0.0000 
num :    16    7.34 1.40157    7.20  158.92 :    0.53  (   0.23    6.34)      0.42   (   0.00    0.00)   26.28 :  0.000    13.81    41.11 | 72.01 -98.92 vals :    16 (0.188 > 0.163) (0.000 < 0.425) (    2 >     2) (   18 >    19) compare:   66.60   19.016  0.1634  0.0000    11.7   18.020  0.1879  0.0000 
num :    17    7.61 1.24816    7.24  169.95 :    0.57  (   0.19    6.44)      0.39   (   0.00    0.00)   34.22 :  0.000    26.68    75.83 | 73.42 -98.96 vals :    17 (0.174 > 0.150) (0.000 < 0.448) (    1 >     2) (   18 >    19) compare:   60.84   19.255  0.1495  0.0000     5.4   17.916  0.1742  0.0000 
num :    18    7.55 1.39553    7.10  165.52 :    0.79  (   0.15    6.34)      0.29   (   0.00    0.00)   34.97 :  0.000    36.88    75.22 | 76.12 -98.96 vals :    18 (0.180 > 0.145) (0.000 < 0.454) (    1 >     2) (   18 >    20) compare:   51.47   19.784  0.1446  0.0000    10.2   18.172  0.1795  0.0000 
num :    19    7.65 1.38834    7.07  161.75 :    0.55  (   0.05    6.21)      0.41   (   0.00    0.00)   39.61 :  0.000    46.97    89.97 | 78.44 -98.87 vals :    19 (0.172 > 0.135) (0.000 < 0.462) (    1 >     2) (   18 >    20) compare:   44.16   20.210  0.1352  0.0000     8.7   18.296  0.1719  0.0000 
num :    20    7.89 1.33338    7.21  159.85 :    1.24  (   0.05    6.31)      0.43   (   0.00    0.00)   40.95 :  0.000    58.78    88.15 | 79.42 -98.95 vals :    20 (0.161 > 0.135) (0.000 < 0.464) (    1 >     2) (   18 >    21) compare:   42.13   20.698  0.1349  0.0000     6.0   18.366  0.1614  0.0000 
num :    21    8.07 1.15113    7.17  156.98 :    1.79  (   0.03    6.30)      0.57   (   0.00    0.00)   44.25 :  0.000    63.70   102.60 | 80.02 -98.96 vals :    21 (0.156 > 0.135) (0.000 < 0.464) (    1 >     2) (   19 >    21) compare:   43.54   21.268  0.1353  0.0000     4.6   18.597  0.1558  0.0000 
num :    22    7.93 1.21041    7.16  153.71 :    2.22  (   0.04    6.11)      0.55   (   0.00    0.00)   43.46 :  0.000    67.14   100.75 | 80.46 -98.97 vals :    22 (0.152 > 0.132) (0.000 < 0.466) (    1 >     2) (   19 >    22) compare:   44.91   21.661  0.1319  0.0000     3.5   18.862  0.1521  0.0000 
num :    23    7.95 1.21963    7.13  154.33 :    0.81  (   0.04    6.21)      0.37   (   0.00    0.00)   47.50 :  0.000    71.30   100.65 | 81.06 -98.95 vals :    23 (0.157 > 0.129) (0.000 < 0.471) (    1 >     2) (   19 >    22) compare:   39.15   22.179  0.1294  0.0000     2.6   19.227  0.1571  0.0000 
num :    24    8.00 1.28841    7.09  154.12 :    0.84  (   0.05    6.22)      0.41   (   0.00    0.00)   41.43 :  0.000    74.45   108.48 | 80.89 -98.96 vals :    24 (0.154 > 0.129) (0.000 < 0.467) (    1 >     2) (   20 >    23) compare:   43.12   22.733  0.1294  0.0000     3.7   19.568  0.1543  0.0000 
num :    25    8.09 1.29688    7.16  159.81 :    0.73  (   0.08    6.27)      0.42   (   0.00    0.00)   46.46 :  0.000    80.64   112.65 | 80.37 -98.94 vals :    25 (0.155 > 0.133) (0.000 < 0.466) (    1 >     3) (   20 >    23) compare:   42.73   23.213  0.1326  0.0000     3.4   19.860  0.1546  0.0000 
num :    26    8.14 1.34179    7.19  158.52 :    2.09  (   0.07    6.41)      0.43   (   0.00    0.00)   52.95 :  0.000    71.44   106.80 | 81.65 -98.92 vals :    26 (0.154 > 0.130) (0.000 < 0.473) (    1 >     3) (   21 >    24) compare:   35.21   23.584  0.1298  0.0000     3.7   20.621  0.1542  0.0000 
num :    27    8.07 1.15113    7.47  160.97 :    1.88  (   0.06    6.52)      0.37   (   0.00    0.01)   43.85 :  0.000    59.28    88.35 | 81.96 -98.97 vals :    27 (0.159 > 0.134) (0.000 < 0.468) (    1 >     3) (   21 >    24) compare:   33.18   24.093  0.1335  0.0000     4.6   21.299  0.1589  0.0000 
num :    28    8.14 1.11373    7.48  164.50 :    1.81  (   0.07    6.70)      0.28   (   0.00    0.02)   41.48 :  0.000    59.01    97.75 | 81.16 -98.96 vals :    28 (0.166 > 0.138) (0.000 < 0.465) (    2 >     3) (   22 >    25) compare:   40.15   24.641  0.1379  0.0000     3.7   21.854  0.1661  0.0000 
num :    29    8.27 1.21536    7.43  170.25 :    1.46  (   0.04    6.83)      0.46   (   0.00    0.02)   38.78 :  0.000    63.42   103.46 | 81.23 -98.97 vals :    29 (0.165 > 0.134) (0.000 < 0.466) (    2 >     3) (   22 >    25) compare:   36.55   25.113  0.1342  0.0000     3.0   22.189  0.1649  0.0000 
num :    30    8.34 1.29012    7.51  170.24 :    1.18  (   0.06    6.89)      0.75   (   0.00    0.03)   46.95 :  0.000    72.61   104.68 | 81.30 -98.95 vals :    30 (0.167 > 0.139) (0.000 < 0.461) (    2 >     3) (   22 >    26) compare:   35.15   25.696  0.1389  0.0000     3.3   22.457  0.1666  0.0000 
num :    31    8.41 1.27354    7.61  175.32 :    1.27  (   0.04    7.00)      0.67   (   0.00    0.06)   42.18 :  0.000    69.01   111.44 | 81.22 -98.96 vals :    31 (0.163 > 0.135) (0.000 < 0.467) (    2 >     3) (   23 >    26) compare:   35.91   26.279  0.1346  0.0000     4.0   23.078  0.1635  0.0000 
num :    32    8.49 1.17043    7.64  175.59 :    2.10  (   0.02    6.90)      0.82   (   0.00    0.11)   48.28 :  0.000    74.16   118.63 | 81.19 -98.96 vals :    32 (0.164 > 0.129) (0.000 < 0.467) (    2 >     3) (   23 >    27) compare:   34.11   26.808  0.1286  0.0000     2.4   23.377  0.1635  0.0000 
num :    33    8.59 1.32737    7.83  180.43 :    2.71  (   0.01    7.06)      0.55   (   0.00    0.14)   46.32 :  0.000    73.30   117.82 | 80.59 -98.95 vals :    33 (0.165 > 0.128) (0.000 < 0.475) (    2 >     3) (   24 >    27) compare:   35.70   27.215  0.1284  0.0000     3.0   23.970  0.1647  0.0000 
num :    34    8.65 1.24399    7.71  180.54 :    2.42  (   0.02    7.12)      0.57   (   0.00    0.15)   46.04 :  0.000    78.92   130.24 | 80.42 -98.96 vals :    34 (0.160 > 0.134) (0.000 < 0.466) (    2 >     3) (   24 >    28) compare:   38.98   27.928  0.1338  0.0000     2.3   24.365  0.1597  0.0000 
num :    35    8.71 1.29842    7.66  185.42 :    0.74  (   0.04    7.03)      0.35   (   0.00    0.12)   49.36 :  0.000    84.31   131.59 | 80.37 -98.91 vals :    35 (0.163 > 0.134) (0.000 < 0.465) (    2 >     3) (   25 >    28) compare:   37.65   28.416  0.1339  0.0000     2.4   24.816  0.1630  0.0000 
num :    36    8.73 1.31799    7.80  192.74 :    0.81  (   0.04    7.28)      0.44   (   0.00    0.25)   52.04 :  0.000    83.84   136.99 | 80.25 -98.92 vals :    36 (0.160 > 0.132) (0.000 < 0.470) (    2 >     3) (   25 >    29) compare:   33.55   28.857  0.1321  0.0000     1.4   25.331  0.1596  0.0000 
num :    37    8.83 1.34948    7.92  193.90 :    1.98  (   0.06    7.41)      0.58   (   0.00    0.31)   58.22 :  0.000    89.16   138.86 | 80.22 -98.95 vals :    37 (0.159 > 0.137) (0.000 < 0.463) (    2 >     3) (   26 >    29) compare:   36.42   29.338  0.1368  0.0000     2.3   25.644  0.1589  0.0000 
num :    38    8.85 1.40268    7.92  197.56 :    4.07  (   0.04    7.40)      0.62   (   0.00    0.38)   51.53 :  0.000    87.68   134.21 | 79.90 -98.93 vals :    38 (0.159 > 0.133) (0.000 < 0.469) (    2 >     3) (   26 >    30) compare:   33.80   30.080  0.1328  0.0000     2.1   26.288  0.1591  0.0000 
num :    39    9.04 1.48943    7.91  199.40 :    2.02  (   0.04    7.42)      0.53   (   0.00    0.41)   49.19 :  0.000    94.80   143.70 | 79.87 -98.94 vals :    39 (0.160 > 0.138) (0.000 < 0.460) (    2 >     3) (   27 >    31) compare:   32.41   30.665  0.1383  0.0000     1.5   26.504  0.1604  0.0000 
num :    40    9.21 1.33638    8.07  202.47 :    2.20  (   0.04    7.46)      0.52   (   0.00    0.56)   65.98 :  0.000   104.58   145.65 | 79.83 -98.94 vals :    40 (0.157 > 0.134) (0.000 < 0.471) (    2 >     4) (   27 >    31) compare:   31.05   31.141  0.1338  0.0000     1.7   26.762  0.1570  0.0000 
num :    41    9.14 1.42843    7.90  205.93 :    2.26  (   0.05    7.58)      0.56   (   0.00    0.62)   71.30 :  0.000   110.10   168.60 | 79.83 -98.95 vals :    41 (0.156 > 0.138) (0.000 < 0.460) (    2 >     4) (   27 >    32) compare:   29.98   31.640  0.1379  0.0000     2.9   27.205  0.1557  0.0000 
num :    42    9.07 1.51826    7.92  206.64 :    3.07  (   0.03    7.64)      1.67   (   0.00    0.76)   59.07 :  0.000   106.37   144.03 | 79.72 -98.94 vals :    42 (0.167 > 0.134) (0.000 < 0.462) (    2 >     4) (   28 >    32) compare:   33.77   32.225  0.1342  0.0000     2.5   27.749  0.1666  0.0000 
num :    43    8.98 1.21639    7.87  216.24 :    1.60  (   0.05    7.66)      0.41   (   0.00    0.88)   64.12 :  0.000    98.99   163.34 | 79.58 -98.95 vals :    43 (0.166 > 0.134) (0.000 < 0.470) (    2 >     4) (   29 >    33) compare:   30.95   32.762  0.1344  0.0000     2.8   28.607  0.1655  0.0000 
num :    44    8.96 1.32605    7.93  222.36 :    2.23  (   0.06    7.50)      0.42   (   0.00    0.83)   62.65 :  0.000    97.46   158.22 | 78.71 -98.92 vals :    44 (0.163 > 0.136) (0.000 < 0.466) (    2 >     4) (   29 >    33) compare:   30.98   33.352  0.1360  0.0000     1.5   28.960  0.1626  0.0000 
num :    45    9.05 1.19478    8.03  220.61 :    1.94  (   0.03    7.64)      0.47   (   0.00    0.93)   62.44 :  0.000    98.38   154.79 | 78.89 -98.95 vals :    45 (0.170 > 0.136) (0.000 < 0.465) (    2 >     4) (   30 >    34) compare:   28.82   34.002  0.1360  0.0000     1.3   29.534  0.1703  0.0000 
num :    46    9.15 1.32193    8.10  220.68 :    2.69  (   0.03    7.84)      0.63   (   0.00    0.91)   71.60 :  0.000   102.00   163.78 | 78.39 -98.91 vals :    46 (0.164 > 0.137) (0.000 < 0.462) (    2 >     4) (   30 >    35) compare:   32.47   34.645  0.1367  0.0000     1.3   29.964  0.1640  0.0000 
num :    47    9.10 1.27671    8.16  223.21 :    0.95  (   0.08    7.80)      0.80   (   0.00    1.18)   52.22 :  0.000    94.20   152.24 | 78.20 -98.93 vals :    47 (0.170 > 0.139) (0.000 < 0.467) (    3 >     4) (   31 >    35) compare:   34.19   35.248  0.1386  0.0000     1.8   30.723  0.1701  0.0000 
num :    48    9.19 1.18064    8.10  228.48 :    1.64  (   0.06    7.68)      0.44   (   0.00    1.20)   62.38 :  0.000    99.59   171.75 | 77.84 -98.93 vals :    48 (0.164 > 0.138) (0.000 < 0.467) (    2 >     4) (   31 >    36) compare:   32.07   35.853  0.1376  0.0000     1.3   31.268  0.1643  0.0000 
num :    49    9.38 1.22295    8.08  232.44 :    1.16  (   0.06    7.83)      0.69   (   0.00    1.35)   60.11 :  0.000   113.89   195.52 | 78.29 -98.94 vals :    49 (0.161 > 0.137) (0.000 < 0.464) (    2 >     4) (   31 >    36) compare:   30.03   36.332  0.1366  0.0000     0.8   31.363  0.1605  0.0000 
num :    50    9.27 1.36275    8.09  230.25 :    3.36  (   0.07    7.79)      1.40   (   0.00    1.29)   58.50 :  0.000   108.17   170.37 | 78.51 -98.95 vals :    50 (0.162 > 0.141) (0.000 < 0.460) (    2 >     5) (   32 >    37) compare:   25.90   37.051  0.1406  0.0000     0.8   32.025  0.1616  0.0000 
