#..\..\..\Net100seed42.net EPdeltaInput0.5-Epoch5.train 42
#Top pat = 5
  0.2000
  0.2000
  0.2000
  1.2000
  1.2000
  1.8000
  1.8000
  1.8000
  1.8000
  1.8000
  2.6000
  2.6000
  2.6000
  2.6000
  2.6000
  2.6000
  3.6000
  3.6000
  3.8000
  4.0000
  4.2000
  4.2000
  4.2000
  5.8000
  5.8000
  5.8000
  5.8000
  5.8000
  5.8000
  6.2000
  6.4000
  6.8000
  7.4000
  7.6000
  8.2000
  8.2000
  8.2000
  8.2000
  9.2000
  9.8000
  9.8000
  9.8000
 10.8000
 11.6000
 11.6000
 12.6000
 13.0000
 13.2000
 14.6000
 14.6000
 14.6000
 15.2000
 15.2000
 16.0000
 16.0000
 16.0000
 17.0000
 17.6000
 17.8000
 17.8000
 17.8000
 17.8000
 17.8000
 17.8000
 17.8000
 17.8000
 17.8000
 18.0000
 19.2000
 19.4000
 19.4000
 19.4000
 19.4000
 20.2000
 20.2000
 20.2000
 20.8000
 21.2000
 21.8000
 21.8000
 22.8000
 24.0000
 27.2000
 29.4000
 29.8000
 29.8000
 29.8000
 29.8000
 29.8000
 32.2000
 32.2000
 32.2000
 32.2000
 32.2000
 32.2000
 32.2000
 33.6000
 33.6000
 33.6000
 38.0000


