#..\..\..\Net100seed42.net EPdeltaInput0.5-Epoch5.train 42
#Top pat = 5
  1.8000
  1.8000
  1.8000
  1.8000
  1.8000
  1.8000
  1.8000
  1.8000
  1.8000
  1.8000
  2.0000
  2.6000
  3.0000
  5.0000
  5.0000
  5.0000
  5.8000
  5.8000
  5.8000
  5.8000
  5.8000
  6.0000
  6.4000
  6.4000
  6.6000
  6.6000
  6.6000
  7.2000
  7.2000
  8.4000
 10.4000
 10.4000
 10.8000
 11.4000
 11.4000
 11.4000
 11.4000
 11.6000
 11.6000
 12.2000
 12.2000
 12.2000
 13.0000
 14.0000
 16.2000
 16.2000
 16.2000
 16.2000
 16.2000
 16.4000
 20.0000
 20.0000
 21.0000
 21.0000
 21.0000
 21.0000
 21.0000
 21.0000
 21.0000
 21.2000
 21.6000
 21.8000
 21.8000
 21.8000
 21.8000
 21.8000
 21.8000
 21.8000
 21.8000
 22.6000
 22.6000
 22.6000
 22.6000
 22.6000
 22.6000
 25.6000
 26.2000
 26.4000
 26.4000
 26.4000
 26.8000
 26.8000
 27.2000
 27.6000
 27.8000
 30.4000
 30.6000
 30.8000
 31.4000
 31.4000
 31.4000
 31.4000
 31.4000
 31.6000
 32.2000
 32.2000
 32.2000
 32.2000
 32.6000
 36.4000


