#..\..\..\Net100seed42.net EPdeltaInput0.5-Epoch5.train 42
#Top pat = 5
  0.8000
  1.0000
  2.2000
  2.8000
 15.8000
 15.8000
 15.8000
 15.8000
 15.8000
 15.8000
 15.8000
 15.8000
 15.8000
 15.8000
 15.8000
 15.8000
 15.8000
 15.8000
 16.0000
 16.0000
 16.8000
 17.2000
 17.2000
 17.4000
 17.4000
 17.4000
 17.4000
 17.4000
 18.0000
 18.0000
 18.2000
 18.2000
 18.2000
 18.2000
 18.2000
 18.2000
 18.2000
 18.2000
 18.2000
 18.2000
 18.2000
 18.2000
 18.4000
 19.0000
 19.2000
 19.2000
 19.6000
 19.6000
 19.6000
 19.8000
 19.8000
 19.8000
 19.8000
 19.8000
 19.8000
 19.8000
 19.8000
 19.8000
 19.8000
 19.8000
 19.8000
 19.8000
 19.8000
 19.8000
 19.8000
 19.8000
 19.8000
 20.4000
 20.6000
 20.6000
 20.6000
 20.6000
 20.8000
 21.0000
 21.6000
 21.6000
 21.6000
 21.6000
 21.6000
 21.6000
 22.2000
 22.2000
 22.2000
 22.2000
 22.2000
 22.2000
 22.2000
 22.2000
 22.2000
 22.2000
 34.8000
 37.6000
 37.8000
 38.0000
 38.6000
 39.6000
 39.6000
 40.4000
 40.6000
 42.0000


