#..\..\..\Net100seed42.net EPdeltaInput0.5-Epoch5.train 42
#Top pat = 5
  2.4000
  2.8000
  4.0000
  7.0000
  7.2000
  7.2000
  8.8000
 11.0000
 11.0000
 11.2000
 12.6000
 12.6000
 13.6000
 14.4000
 14.4000
 14.4000
 14.4000
 14.4000
 14.8000
 14.8000
 15.0000
 15.0000
 15.0000
 15.6000
 15.8000
 15.8000
 16.0000
 16.2000
 16.8000
 17.4000
 17.4000
 17.4000
 17.4000
 18.2000
 18.2000
 18.2000
 18.2000
 18.2000
 18.2000
 18.2000
 18.2000
 18.2000
 19.4000
 19.6000
 19.8000
 19.8000
 19.8000
 19.8000
 19.8000
 19.8000
 19.8000
 19.8000
 19.8000
 19.8000
 20.4000
 20.4000
 20.4000
 20.6000
 20.6000
 20.6000
 20.6000
 20.6000
 21.6000
 22.2000
 22.2000
 22.2000
 22.2000
 22.2000
 22.2000
 22.2000
 22.8000
 23.0000
 23.0000
 23.0000
 24.6000
 24.6000
 24.6000
 24.6000
 24.6000
 25.4000
 25.4000
 25.4000
 25.4000
 25.4000
 25.4000
 25.4000
 25.4000
 25.4000
 25.8000
 26.8000
 27.0000
 27.0000
 27.0000
 27.4000
 27.6000
 28.4000
 28.4000
 31.0000
 38.0000
 39.6000


