#..\..\..\Net100seed42.net EPdeltaInput0.5-Epoch5.train 42
#Top pat = 5
  3.8000
  4.0000
  7.6000
  8.4000
 11.2000
 12.8000
 13.4000
 13.4000
 13.4000
 14.2000
 14.2000
 14.2000
 14.4000
 15.2000
 15.4000
 16.8000
 16.8000
 17.2000
 17.2000
 17.2000
 17.6000
 18.2000
 18.2000
 18.2000
 18.2000
 18.2000
 18.2000
 18.2000
 18.2000
 18.8000
 19.0000
 19.0000
 19.0000
 19.0000
 19.0000
 19.0000
 19.0000
 19.0000
 19.0000
 19.0000
 19.0000
 19.0000
 19.0000
 19.0000
 19.0000
 19.0000
 19.0000
 19.0000
 19.0000
 19.0000
 19.0000
 19.0000
 19.0000
 19.0000
 19.6000
 19.6000
 19.8000
 19.8000
 19.8000
 19.8000
 19.8000
 19.8000
 19.8000
 19.8000
 19.8000
 19.8000
 21.2000
 21.6000
 23.2000
 23.2000
 23.2000
 23.6000
 23.8000
 23.8000
 23.8000
 23.8000
 23.8000
 23.8000
 24.0000
 24.2000
 24.4000
 24.6000
 24.6000
 24.6000
 24.6000
 24.6000
 24.6000
 24.6000
 24.6000
 24.6000
 25.2000
 27.2000
 27.2000
 27.4000
 35.8000
 35.8000
 36.2000
 38.0000
 39.6000
 44.4000


