#..\..\..\Net100seed42.net EPdeltaInput0.5-Epoch5.train 42
#Top pat = 5
  1.2000
  2.8000
  3.4000
  3.8000
 10.2000
 11.6000
 12.4000
 13.0000
 13.8000
 13.8000
 13.8000
 13.8000
 13.8000
 14.0000
 15.0000
 15.4000
 15.4000
 15.4000
 15.4000
 15.6000
 16.0000
 16.2000
 16.2000
 16.2000
 16.2000
 16.2000
 16.2000
 16.2000
 16.2000
 16.2000
 17.0000
 17.0000
 17.0000
 17.2000
 17.6000
 17.8000
 17.8000
 17.8000
 17.8000
 18.0000
 18.2000
 18.4000
 18.6000
 18.6000
 18.6000
 18.6000
 18.6000
 18.6000
 18.6000
 18.6000
 18.6000
 18.6000
 18.6000
 18.6000
 19.4000
 19.4000
 19.6000
 20.0000
 20.0000
 20.2000
 20.2000
 20.2000
 20.2000
 20.2000
 20.2000
 20.2000
 20.2000
 20.2000
 20.2000
 20.2000
 20.2000
 20.2000
 20.8000
 21.0000
 21.0000
 21.0000
 21.0000
 21.0000
 21.0000
 21.2000
 21.2000
 21.2000
 21.8000
 21.8000
 22.4000
 22.4000
 22.6000
 22.6000
 22.6000
 22.6000
 22.8000
 24.4000
 31.2000
 33.6000
 36.8000
 36.8000
 37.2000
 38.4000
 38.4000
 38.4000


