#..\..\..\Net100seed42.net EPdeltaInput0.5-Epoch5.train 42
#Top pat = 5
-41.2000
-37.6000
-36.0000
-35.8000
-30.0000
-28.4000
-27.6000
-27.6000
-27.0000
-27.0000
-27.0000
-26.8000
-26.2000
-26.2000
-25.4000
-25.4000
-24.6000
-24.6000
-24.6000
-24.2000
-22.8000
-21.2000
-20.6000
-19.8000
-19.8000
-19.8000
-19.8000
-19.8000
-19.6000
-19.2000
-19.2000
-19.0000
-19.0000
-19.0000
-19.0000
-19.0000
-19.0000
-19.0000
-19.0000
-18.2000
-18.2000
-18.2000
-17.4000
-17.4000
-17.4000
-16.6000
-16.6000
-16.4000
-16.2000
-15.6000
-12.6000
-11.2000
-11.0000
-10.2000
  5.2000
 10.2000
 10.2000
 10.6000
 11.2000
 12.6000
 12.6000
 16.0000
 16.0000
 16.6000
 16.6000
 16.6000
 16.6000
 16.6000
 16.8000
 16.8000
 17.4000
 17.6000
 18.2000
 18.2000
 18.2000
 18.4000
 19.0000
 19.0000
 19.0000
 19.2000
 20.6000
 20.6000
 21.2000
 23.2000
 24.6000
 24.6000
 24.6000
 25.2000
 25.4000
 25.4000
 25.4000
 26.2000
 26.2000
 27.0000
 27.0000
 27.0000
 27.0000
 27.6000
 30.4000
 38.6000


