#..\..\..\Net100seed42.net EPdeltaInput0.5-Epoch5.train 42
#Top pat = 5
-39.6000
-39.2000
-39.2000
-37.6000
-35.2000
-23.6000
-22.6000
-21.8000
-21.8000
-21.8000
-21.0000
-21.0000
-21.0000
-21.0000
-20.4000
-20.2000
-20.2000
-20.2000
-20.2000
-20.2000
-20.2000
-20.2000
-20.2000
-20.2000
-19.6000
-19.4000
-19.4000
-19.4000
-19.4000
-18.8000
-18.6000
-18.6000
-18.6000
-18.6000
-17.8000
-17.8000
-17.8000
-17.0000
-17.0000
-17.0000
-16.4000
-16.2000
-16.2000
-16.2000
-15.8000
 -2.6000
 -0.4000
  2.0000
  2.2000
 14.8000
 14.8000
 14.8000
 15.4000
 15.4000
 15.4000
 15.4000
 15.4000
 15.8000
 16.2000
 16.2000
 16.4000
 17.0000
 17.2000
 17.6000
 17.8000
 18.4000
 18.4000
 18.6000
 18.6000
 18.6000
 18.6000
 18.6000
 18.8000
 19.4000
 19.4000
 19.4000
 20.0000
 20.0000
 20.2000
 20.2000
 20.2000
 20.2000
 20.2000
 20.6000
 20.8000
 21.0000
 21.0000
 21.0000
 21.6000
 21.6000
 21.8000
 21.8000
 21.8000
 21.8000
 22.0000
 22.6000
 22.6000
 37.6000
 37.6000
 39.2000


