#..\..\..\Net100seed42.net EPdeltaInput0.5-Epoch5.train 42
#Top pat = 5
-42.8000
-36.2000
-31.0000
-31.0000
-31.0000
-31.0000
-30.2000
-30.2000
-23.8000
-23.2000
-23.0000
-22.8000
-17.4000
-17.2000
-17.0000
-15.2000
-15.2000
-14.2000
-13.4000
-13.4000
 -8.6000
 -8.6000
 -8.6000
 -8.4000
 -7.8000
 -7.8000
 -7.8000
 -7.8000
 -7.0000
 -7.0000
 -7.0000
 -7.0000
 -7.0000
 -7.0000
 -6.4000
 -6.2000
 -6.2000
 -5.6000
 -5.6000
 -5.4000
 -5.4000
 -5.4000
 -5.0000
 -4.4000
 -4.0000
 -2.6000
 -2.4000
 -1.6000
 -1.4000
 -0.6000
  0.6000
  2.2000
  2.8000
  3.6000
  5.2000
  5.4000
  6.2000
  6.2000
  6.2000
  6.2000
  7.0000
  7.0000
  7.0000
  7.8000
  7.8000
  7.8000
  7.8000
  7.8000
  8.0000
  8.6000
  8.6000
 12.4000
 12.6000
 12.6000
 12.6000
 12.6000
 12.6000
 13.4000
 14.2000
 14.2000
 15.0000
 15.0000
 15.2000
 15.2000
 15.6000
 16.4000
 17.6000
 19.2000
 22.4000
 23.8000
 23.8000
 24.4000
 26.0000
 30.2000
 30.2000
 31.0000
 31.0000
 31.0000
 38.0000
 41.2000


